0.05 	0.0003125 	0.005 	0.00221609
0.05 	0.0009375 	0.005 	0.00221525
0.05 	0.0015625 	0.005 	0.00221461
0.05 	0.0021875 	0.005 	0.00221408
0.05 	0.0028125 	0.005 	0.00221355
0.05 	0.0034375 	0.005 	0.00221299
0.05 	0.0040625 	0.005 	0.00221235
0.05 	0.0046875 	0.005 	0.00221155
0.05 	0.0053125 	0.005 	0.00221052
0.05 	0.0059375 	0.005 	0.0022092
0.05 	0.0065625 	0.005 	0.00220752
0.05 	0.0071875 	0.005 	0.0022054
0.05 	0.0078125 	0.005 	0.00220278
0.05 	0.0084375 	0.005 	0.00219958
0.05 	0.0090625 	0.005 	0.00219572
0.05 	0.0096875 	0.005 	0.00219114
0.05 	0.0103125 	0.005 	0.00218577
0.05 	0.0109375 	0.005 	0.00217953
0.05 	0.0115625 	0.005 	0.00217236
0.05 	0.0121875 	0.005 	0.00216417
0.05 	0.0128125 	0.005 	0.0021549
0.05 	0.0134375 	0.005 	0.00214445
0.05 	0.0140625 	0.005 	0.00213275
0.05 	0.0146875 	0.005 	0.00211971
0.05 	0.0153125 	0.005 	0.00210523
0.05 	0.0159375 	0.005 	0.00208921
0.05 	0.0165625 	0.005 	0.00207153
0.05 	0.0171875 	0.005 	0.00205209
0.05 	0.0178125 	0.005 	0.00203073
0.05 	0.0184375 	0.005 	0.00200732
0.05 	0.0190625 	0.005 	0.00198169
0.05 	0.0196875 	0.005 	0.00195367
0.05 	0.0203125 	0.005 	0.00192306
0.05 	0.0209375 	0.005 	0.00188964
0.05 	0.0215625 	0.005 	0.00185318
0.05 	0.0221875 	0.005 	0.0018134
0.05 	0.0228125 	0.005 	0.00177002
0.05 	0.0234375 	0.005 	0.00172272
0.05 	0.0240625 	0.005 	0.00167112
0.05 	0.0246875 	0.005 	0.00161485
0.05 	0.0253125 	0.005 	0.00155345
0.05 	0.0259375 	0.005 	0.00148646
0.05 	0.0265625 	0.005 	0.00141334
0.05 	0.0271875 	0.005 	0.00133349
0.05 	0.0278125 	0.005 	0.00124629
0.05 	0.0284375 	0.005 	0.00115101
0.05 	0.0290625 	0.005 	0.00104687
0.05 	0.0296875 	0.005 	0.000933022
0.05 	0.0303125 	0.005 	0.000808519
0.05 	0.0309375 	0.005 	0.000672333
0.05 	0.0315625 	0.005 	0.000523344
0.05 	0.0321875 	0.005 	0.000360328
0.05 	0.0328125 	0.005 	0.00018196
0.05 	0.0334375 	0.005 	-1.31981e-05
0.05 	0.0340625 	0.005 	-0.000226695
0.05 	0.0346875 	0.005 	-0.00046019
0.05 	0.0353125 	0.005 	-0.000715456
0.05 	0.0359375 	0.005 	-0.000994375
0.05 	0.0365625 	0.005 	-0.00129893
0.05 	0.0371875 	0.005 	-0.00163121
0.05 	0.0378125 	0.005 	-0.00199336
0.05 	0.0384375 	0.005 	-0.00238762
0.05 	0.0390625 	0.005 	-0.00281623
0.05 	0.0396875 	0.005 	-0.00328149
0.05 	0.0403125 	0.005 	-0.00378563
0.05 	0.0409375 	0.005 	-0.00433085
0.05 	0.0415625 	0.005 	-0.00491924
0.05 	0.0421875 	0.005 	-0.00555273
0.05 	0.0428125 	0.005 	-0.00623307
0.05 	0.0434375 	0.005 	-0.00696174
0.05 	0.0440625 	0.005 	-0.00773992
0.05 	0.0446875 	0.005 	-0.00856841
0.05 	0.0453125 	0.005 	-0.00944761
0.05 	0.0459375 	0.005 	-0.0103774
0.05 	0.0465625 	0.005 	-0.0113574
0.05 	0.0471875 	0.005 	-0.0123862
0.05 	0.0478125 	0.005 	-0.0134624
0.05 	0.0484375 	0.005 	-0.0145835
0.05 	0.0490625 	0.005 	-0.0157468
0.05 	0.0496875 	0.005 	-0.0169489
0.05 	0.0503125 	0.005 	-0.0181857
0.05 	0.0509375 	0.005 	-0.0194526
0.05 	0.0515625 	0.005 	-0.0207448
0.05 	0.0521875 	0.005 	-0.0220567
0.05 	0.0528125 	0.005 	-0.0233825
0.05 	0.0534375 	0.005 	-0.0247161
0.05 	0.0540625 	0.005 	-0.0260511
0.05 	0.0546875 	0.005 	-0.0273811
0.05 	0.0553125 	0.005 	-0.0286993
0.05 	0.0559375 	0.005 	-0.0299993
0.05 	0.0565625 	0.005 	-0.0312746
0.05 	0.0571875 	0.005 	-0.0325189
0.05 	0.0578125 	0.005 	-0.033726
0.05 	0.0584375 	0.005 	-0.0348901
0.05 	0.0590625 	0.005 	-0.0360059
0.05 	0.0596875 	0.005 	-0.0370682
0.05 	0.0603125 	0.005 	-0.0380726
0.05 	0.0609375 	0.005 	-0.0390148
0.05 	0.0615625 	0.005 	-0.0398913
0.05 	0.0621875 	0.005 	-0.040699
0.05 	0.0628125 	0.005 	-0.0414356
0.05 	0.0634375 	0.005 	-0.0420989
0.05 	0.0640625 	0.005 	-0.0426877
0.05 	0.0646875 	0.005 	-0.0432011
0.05 	0.0653125 	0.005 	-0.0436388
0.05 	0.0659375 	0.005 	-0.0440012
0.05 	0.0665625 	0.005 	-0.0442889
0.05 	0.0671875 	0.005 	-0.0445034
0.05 	0.0678125 	0.005 	-0.0446462
0.05 	0.0684375 	0.005 	-0.0447196
0.05 	0.0690625 	0.005 	-0.0447261
0.05 	0.0696875 	0.005 	-0.0446686
0.05 	0.0703125 	0.005 	-0.0445503
0.05 	0.0709375 	0.005 	-0.0443747
0.05 	0.0715625 	0.005 	-0.0441455
0.05 	0.0721875 	0.005 	-0.0438665
0.05 	0.0728125 	0.005 	-0.0435419
0.05 	0.0734375 	0.005 	-0.0431756
0.05 	0.0740625 	0.005 	-0.0427719
0.05 	0.0746875 	0.005 	-0.042335
0.05 	0.0753125 	0.005 	-0.041869
0.05 	0.0759375 	0.005 	-0.0413779
0.05 	0.0765625 	0.005 	-0.0408657
0.05 	0.0771875 	0.005 	-0.0403364
0.05 	0.0778125 	0.005 	-0.0397936
0.05 	0.0784375 	0.005 	-0.0392409
0.05 	0.0790625 	0.005 	-0.0386817
0.05 	0.0796875 	0.005 	-0.038119
0.05 	0.0803125 	0.005 	-0.0375559
0.05 	0.0809375 	0.005 	-0.0369952
0.05 	0.0815625 	0.005 	-0.0364393
0.05 	0.0821875 	0.005 	-0.0358906
0.05 	0.0828125 	0.005 	-0.0353511
0.05 	0.0834375 	0.005 	-0.0348228
0.05 	0.0840625 	0.005 	-0.0343074
0.05 	0.0846875 	0.005 	-0.0338063
0.05 	0.0853125 	0.005 	-0.0333208
0.05 	0.0859375 	0.005 	-0.0328519
0.05 	0.0865625 	0.005 	-0.0324006
0.05 	0.0871875 	0.005 	-0.0319675
0.05 	0.0878125 	0.005 	-0.0315531
0.05 	0.0884375 	0.005 	-0.0311577
0.05 	0.0890625 	0.005 	-0.0307812
0.05 	0.0896875 	0.005 	-0.0304237
0.05 	0.0903125 	0.005 	-0.0300845
0.05 	0.0909375 	0.005 	-0.0297629
0.05 	0.0915625 	0.005 	-0.029458
0.05 	0.0921875 	0.005 	-0.0291683
0.05 	0.0928125 	0.005 	-0.0288921
0.05 	0.0934375 	0.005 	-0.0286274
0.05 	0.0940625 	0.005 	-0.0283716
0.05 	0.0946875 	0.005 	-0.0281221
0.05 	0.0953125 	0.005 	-0.0278759
0.05 	0.0959375 	0.005 	-0.0276298
0.05 	0.0965625 	0.005 	-0.0273803
0.05 	0.0971875 	0.005 	-0.0271238
0.05 	0.0978125 	0.005 	-0.0268588
0.05 	0.0984375 	0.005 	-0.0265841
0.05 	0.0990625 	0.005 	-0.0262712
0.05 	0.0996875 	0.005 	-0.0258881
