/*--------------------------------*- C++ -*----------------------------------*\
  =========                 |
  \\      /  F ield         | OpenFOAM: The Open Source CFD Toolbox
   \\    /   O peration     | Website:  https://openfoam.org
    \\  /    A nd           | Version:  7
     \\/     M anipulation  |
\*---------------------------------------------------------------------------*/
FoamFile
{
    version     2.0;
    format      ascii;
    class       volScalarField;
    location    "0.075";
    object      p;
}
// * * * * * * * * * * * * * * * * * * * * * * * * * * * * * * * * * * * * * //

dimensions      [0 2 -2 0 0 0 0];

internalField   nonuniform List<scalar> 
6400
(
6.823e-06
3.55214e-05
-0.000436076
-0.00141662
-0.00279428
-0.00446061
-0.00631782
-0.00827928
-0.0102704
-0.0122277
-0.0140978
-0.0158361
-0.0174059
-0.0187766
-0.0199229
-0.0208248
-0.0214669
-0.0218376
-0.021929
-0.0217358
-0.0212557
-0.0204889
-0.0194381
-0.0181077
-0.0165041
-0.0146349
-0.0125095
-0.010139
-0.00753577
-0.00471326
-0.00168621
0.0015298
0.0049184
0.00846244
0.0121438
0.0159437
0.0198427
0.0238211
0.0278587
0.0319347
0.0360277
0.0401163
0.0441791
0.0481948
0.0521418
0.0559987
0.0597441
0.0633574
0.0668188
0.0701089
0.0732092
0.0761016
0.0787688
0.0811949
0.0833657
0.0852685
0.0868926
0.0882291
0.089271
0.0900134
0.0904541
0.0905937
0.0904357
0.0899875
0.0892598
0.0882671
0.087028
0.0855654
0.0839073
0.0820872
0.0801451
0.0781284
0.0760924
0.0741021
0.0722326
0.0705697
0.0692073
0.0682468
0.0677924
0.0678282
1.227e-05
3.4889e-05
-0.000389778
-0.00122861
-0.00238681
-0.00378687
-0.00535499
-0.0070211
-0.00872237
-0.0104034
-0.0120158
-0.0135187
-0.0148772
-0.0160621
-0.0170491
-0.0178185
-0.0183545
-0.0186455
-0.0186826
-0.0184602
-0.0179753
-0.0172272
-0.0162173
-0.0149494
-0.0134286
-0.0116615
-0.00965661
-0.00742387
-0.00497449
-0.00232072
0.00052394
0.00354497
0.0067271
0.0100544
0.01351
0.0170764
0.0207354
0.0244685
0.0282568
0.0320806
0.03592
0.039755
0.0435656
0.0473317
0.0510333
0.0546501
0.0581623
0.0615507
0.0647971
0.0678836
0.070793
0.0735086
0.0760144
0.0782961
0.0803408
0.0821371
0.0836758
0.0849491
0.0859509
0.0866776
0.0871276
0.0873023
0.0872062
0.0868469
0.0862356
0.0853867
0.0843185
0.0830532
0.0816173
0.0800428
0.0783667
0.0766325
0.0748899
0.0731956
0.071613
0.0702112
0.0690615
0.0682365
0.0678271
0.067864
0.000518952
0.000485406
5.49939e-05
-0.00072195
-0.00176295
-0.00300686
-0.00439434
-0.00586721
-0.00737189
-0.00886034
-0.0102895
-0.0116219
-0.0128252
-0.013872
-0.0147394
-0.0154085
-0.0158638
-0.0160937
-0.0160893
-0.0158445
-0.0153561
-0.0146229
-0.0136459
-0.0124276
-0.0109725
-0.00928672
-0.00737784
-0.00525505
-0.00292854
-0.000409607
0.00228916
0.00515414
0.00817094
0.0113246
0.0145993
0.0179786
0.0214454
0.0249821
0.0285706
0.0321926
0.0358291
0.0394614
0.0430705
0.0466375
0.0501431
0.0535684
0.0568949
0.0601045
0.0631801
0.0661051
0.0688632
0.0714387
0.073817
0.0759846
0.0779298
0.0796424
0.0811139
0.0823374
0.0833077
0.0840215
0.0844781
0.0846794
0.08463
0.084338
0.0838143
0.0830731
0.0821319
0.0810119
0.0797382
0.0783404
0.0768527
0.0753147
0.0737708
0.0722706
0.0708682
0.0696213
0.0685873
0.0678248
0.0674164
0.0674121
0.00152773
0.00134793
0.00084631
6.32891e-05
-0.000938205
-0.0021072
-0.00339382
-0.00474892
-0.00612647
-0.00748476
-0.00878599
-0.00999642
-0.0110866
-0.0120311
-0.0128086
-0.0134015
-0.0137952
-0.0139783
-0.013942
-0.0136805
-0.0131904
-0.0124702
-0.0115205
-0.0103433
-0.00894267
-0.00732407
-0.00549461
-0.00346274
-0.0012379
0.00116938
0.00374723
0.00648271
0.00936226
0.0123718
0.0154966
0.0187208
0.0220281
0.0254017
0.0288246
0.0322793
0.035748
0.0392127
0.0426552
0.0460576
0.0494014
0.0526689
0.0558425
0.0589052
0.0618407
0.0646332
0.0672673
0.0697282
0.0720022
0.0740767
0.0759409
0.0775853
0.079002
0.0801848
0.0811288
0.0818314
0.0822921
0.0825129
0.0824989
0.0822577
0.0818
0.0811394
0.0802924
0.079279
0.0781224
0.0768498
0.0754928
0.0740867
0.0726712
0.0712897
0.0699889
0.0688176
0.0678247
0.0670604
0.06659
0.0664556
0.00292988
0.00252993
0.00190305
0.00106711
5.69616e-05
-0.00108473
-0.00231604
-0.00359615
-0.00488609
-0.00614978
-0.00735446
-0.00847028
-0.0094708
-0.0103331
-0.0110377
-0.0115681
-0.0119109
-0.0120552
-0.011993
-0.0117185
-0.0112284
-0.0105211
-0.00959662
-0.0084571
-0.00710614
-0.0055488
-0.00379157
-0.00184221
0.000290441
0.00259639
0.00506433
0.00768208
0.010437
0.0133157
0.0163043
0.0193877
0.0225501
0.0257757
0.0290483
0.0323514
0.035668
0.0389809
0.0422727
0.0455261
0.0487238
0.0518489
0.0548848
0.0578152
0.0606247
0.0632981
0.0658208
0.0681788
0.0703593
0.0723505
0.0741422
0.0757254
0.0770929
0.0782388
0.0791586
0.07985
0.0803127
0.0805489
0.0805633
0.0803636
0.0799598
0.0793645
0.0785933
0.0776645
0.0765996
0.0754234
0.0741642
0.0728536
0.0715265
0.0702206
0.0689757
0.0678329
0.0668341
0.0660217
0.0654346
0.0650942
0.00462844
0.00396159
0.00316913
0.00224211
0.00118366
2.9385e-05
-0.00118543
-0.00242757
-0.00366462
-0.00486568
-0.00600237
-0.0070489
-0.00798204
-0.00878131
-0.00942905
-0.00991028
-0.0102127
-0.0103265
-0.0102443
-0.00996067
-0.00947239
-0.00877773
-0.00787686
-0.00677176
-0.00546588
-0.00396383
-0.00227155
-0.000396305
0.00165351
0.00386834
0.0062375
0.00874954
0.0113925
0.014154
0.0170203
0.0199771
0.0230094
0.0261023
0.0292403
0.0324077
0.0355882
0.0387653
0.0419222
0.0450426
0.04811
0.0511083
0.0540216
0.0568345
0.059532
0.0620997
0.0645236
0.0667906
0.0688884
0.0708059
0.0725334
0.0740625
0.0753861
0.0764987
0.0773963
0.0780766
0.0785393
0.0787866
0.078823
0.0786556
0.0782937
0.0777492
0.0770362
0.0761715
0.0751746
0.0740679
0.0728766
0.0716287
0.0703547
0.0690868
0.0678587
0.0667046
0.0656603
0.0647614
0.0640166
0.0634214
0.00653752
0.00557732
0.00459135
0.00354351
0.00240447
0.00120382
-2.8225e-05
-0.00126501
-0.00247988
-0.00364707
-0.00474229
-0.00574329
-0.00662993
-0.00738426
-0.00799057
-0.0084355
-0.00870805
-0.00879951
-0.00870319
-0.00841419
-0.00792941
-0.00724744
-0.00636858
-0.00529477
-0.00402923
-0.00257626
-0.000941469
0.000868194
0.00284468
0.00497889
0.00726079
0.00967957
0.0122239
0.0148817
0.0176401
0.0204852
0.0234029
0.0263788
0.0293984
0.0324464
0.0355072
0.0385649
0.0416035
0.0446074
0.0475607
0.0504483
0.0532547
0.0559651
0.0585651
0.0610408
0.0633789
0.0655669
0.067593
0.0694466
0.0711185
0.0726005
0.0738858
0.0749691
0.0758465
0.0765157
0.0769766
0.0772309
0.0772828
0.0771389
0.0768076
0.0762998
0.0756282
0.074808
0.0738569
0.0727948
0.0716439
0.070429
0.0691761
0.0679129
0.0666676
0.0654682
0.0643458
0.0633301
0.0623985
0.0615207
0.00858203
0.0073156
0.00611809
0.00492764
0.00368324
0.00240952
0.00113298
-0.000125393
-0.0013442
-0.002502
-0.00357847
-0.00455474
-0.0054134
-0.00613889
-0.00671755
-0.00713782
-0.00739015
-0.00746679
-0.00736172
-0.00707066
-0.00659102
-0.00592179
-0.00506346
-0.00401794
-0.00278824
-0.00137851
0.000205785
0.00195786
0.00387002
0.00593369
0.00813934
0.0104767
0.0129348
0.0155021
0.0181662
0.0209138
0.0237316
0.0266057
0.0295221
0.0324663
0.035423
0.0383771
0.0413131
0.044216
0.0470709
0.0498629
0.0525772
0.0551995
0.0577157
0.0601126
0.0623773
0.0644977
0.0664627
0.0682619
0.0698862
0.0713278
0.0725802
0.0736379
0.0744972
0.0751557
0.0756131
0.0758708
0.0759326
0.0758042
0.0754932
0.0750094
0.0743643
0.0735715
0.0726465
0.0716072
0.0704731
0.0692654
0.0680067
0.0667204
0.06543
0.0641582
0.0629321
0.0617769
0.0606397
0.0594654
0.0106984
0.00912212
0.00770215
0.00635348
0.00498529
0.0036181
0.00227517
0.000973157
-0.000271121
-0.00144024
-0.00251739
-0.0034867
-0.00433339
-0.00504418
-0.00560754
-0.00601363
-0.00625419
-0.00632253
-0.00621347
-0.00592343
-0.00545045
-0.00479396
-0.00395462
-0.00293432
-0.00173611
-0.000364154
0.00117615
0.00287825
0.00473479
0.00673757
0.00887747
0.0111446
0.0135283
0.0160175
0.0186003
0.0212642
0.023996
0.0267827
0.0296107
0.0324658
0.0353334
0.0381988
0.0410473
0.0438643
0.0466356
0.0493465
0.0519829
0.0545306
0.0569762
0.0593068
0.0615099
0.0635739
0.0654877
0.0672414
0.0688261
0.070234
0.0714586
0.0724945
0.0733379
0.0739863
0.074439
0.0746971
0.0747638
0.0746439
0.0743443
0.0738735
0.0732418
0.0724612
0.0715455
0.0705102
0.0693724
0.0681503
0.0668632
0.065531
0.0641728
0.0628071
0.0614581
0.0601471
0.0587929
0.0573173
0.0128335
0.0109492
0.00930159
0.00778401
0.00627814
0.0048017
0.00337534
0.00201179
0.000724148
-0.00047365
-0.00156785
-0.0025453
-0.00339382
-0.00410237
-0.0046613
-0.00506233
-0.00529849
-0.00536419
-0.00525528
-0.004969
-0.00450397
-0.00385995
-0.00303782
-0.0020397
-0.0008688
0.000470642
0.00197331
0.00363287
0.00544221
0.00739342
0.00947762
0.0116852
0.014006
0.0164292
0.0189434
0.0215365
0.024196
0.0269091
0.0296626
0.0324429
0.0352358
0.0380271
0.0408026
0.0435483
0.0462501
0.0488941
0.0514661
0.0539526
0.0563404
0.0586168
0.0607698
0.0627879
0.0646605
0.0663776
0.0679303
0.069311
0.070513
0.0715311
0.072361
0.0730002
0.0734475
0.0737036
0.073771
0.0736538
0.0733579
0.0728905
0.0722609
0.0714795
0.0705583
0.0695109
0.068352
0.0670972
0.065763
0.0643661
0.062922
0.0614457
0.0599591
0.0584811
0.0569037
0.0551276
0.0149426
0.0127554
0.0108785
0.00918524
0.00753189
0.00593404
0.00441084
0.00297148
0.00162588
0.000385056
-0.000739873
-0.00173834
-0.00260051
-0.00331747
-0.00388125
-0.00428499
-0.00452305
-0.00459109
-0.00448594
-0.00420563
-0.00374928
-0.00311708
-0.00231029
-0.00133133
-0.000183606
0.00112855
0.00259988
0.00422418
0.00599452
0.00790314
0.00994138
0.0120999
0.0143688
0.0167376
0.0191955
0.0217306
0.0243308
0.0269837
0.0296764
0.0323957
0.0351278
0.0378591
0.0405758
0.0432641
0.0459104
0.0485009
0.0510219
0.05346
0.0558023
0.0580365
0.0601506
0.0621334
0.0639743
0.0656634
0.0671919
0.0685519
0.0697368
0.070741
0.0715602
0.0721915
0.0726334
0.0728858
0.0729507
0.0728313
0.0725324
0.0720605
0.0714233
0.0706299
0.0696908
0.0686176
0.0674229
0.0661202
0.0647233
0.0632464
0.0617021
0.0601022
0.0584673
0.0568146
0.0550113
0.0529386
0.0169882
0.0145045
0.012399
0.0105262
0.00871855
0.00699038
0.00535984
0.00383336
0.00241812
0.00112265
-4.43818e-05
-0.00107472
-0.00196059
-0.00269485
-0.00327115
-0.00368413
-0.0039295
-0.00400407
-0.00390559
-0.00363276
-0.00318533
-0.00256401
-0.00177052
-0.000807587
0.000321157
0.00161129
0.00305754
0.00465376
0.0063931
0.0082679
0.0102696
0.0123892
0.014617
0.016943
0.0193563
0.0218457
0.0243993
0.027005
0.0296501
0.0323219
0.035007
0.037692
0.0403635
0.0430081
0.0456123
0.0481626
0.0506455
0.0530478
0.0553568
0.0575603
0.0596466
0.0616044
0.0634231
0.0650929
0.0666048
0.0679508
0.069124
0.0701187
0.0709305
0.0715557
0.0719926
0.0722405
0.0723004
0.0721749
0.0718679
0.0713847
0.0707318
0.0699172
0.0689497
0.0678392
0.0665965
0.0652331
0.063761
0.0621918
0.0605357
0.0588023
0.0570112
0.0551787
0.0531491
0.0507852
0.0189389
0.0161653
0.0138331
0.0117788
0.00981219
0.00794728
0.00620143
0.00457898
0.00308483
0.00172529
0.000506805
-0.000564318
-0.00148206
-0.00224092
-0.00283612
-0.00326379
-0.00352091
-0.00360531
-0.00351556
-0.00325112
-0.00281241
-0.00220071
-0.00141821
-0.000467958
0.000646169
0.00191961
0.00334703
0.00492228
0.0066385
0.00848809
0.0104627
0.0125533
0.0147506
0.0170447
0.0194252
0.0218809
0.0244003
0.0269713
0.0295818
0.0322192
0.0348705
0.0375227
0.0401624
0.0427766
0.0453519
0.0478749
0.0503324
0.0527113
0.054999
0.0571834
0.0592527
0.0611957
0.0630018
0.0646609
0.0661639
0.0675026
0.06867
0.0696601
0.0704678
0.0710894
0.0715224
0.0717655
0.071819
0.0716846
0.0713654
0.0708655
0.0701905
0.0693469
0.0683422
0.0671849
0.0658842
0.0644499
0.0628921
0.0612207
0.0594439
0.0575692
0.0556161
0.0536007
0.0513455
0.0486962
0.0207674
0.0177106
0.015154
0.0129174
0.010789
0.0087826
0.0069156
0.00519039
0.00360994
0.00217872
0.000901321
-0.00021766
-0.00117381
-0.00196318
-0.00258251
-0.00302926
-0.00330153
-0.00339808
-0.00331837
-0.00306265
-0.002632
-0.00202827
-0.00125411
-0.00031294
0.000791126
0.00205333
0.00346822
0.00502958
0.0067305
0.00856338
0.01052
0.0125915
0.0147687
0.017042
0.0194009
0.0218347
0.0243319
0.0268808
0.0294694
0.0320853
0.0347159
0.0373483
0.0399694
0.0425662
0.0451255
0.0476341
0.0500787
0.0524464
0.0547246
0.0569011
0.0589643
0.0609027
0.0627056
0.0643628
0.0658649
0.0672035
0.0683712
0.0693616
0.0701694
0.0707903
0.0712211
0.07146
0.0715066
0.0713615
0.0710271
0.0705064
0.069804
0.0689252
0.0678764
0.0666646
0.0652977
0.0637841
0.0621323
0.0603507
0.058446
0.0564241
0.0543048
0.0521045
0.0496251
0.0466959
0.0224501
0.019116
0.0163378
0.0139187
0.0116267
0.00947562
0.0074831
0.00564996
0.00397752
0.00246867
0.00112654
-4.58399e-05
-0.00104557
-0.00187015
-0.00251768
-0.00298677
-0.00327657
-0.00338678
-0.00331774
-0.00307046
-0.00264669
-0.00204884
-0.00128003
-0.000344027
0.00075476
0.00201133
0.00342006
0.00497462
0.00666804
0.00849272
0.0104405
0.0125026
0.0146701
0.0169332
0.0192819
0.0217053
0.0241922
0.0267311
0.0293103
0.0319175
0.0345402
0.0371657
0.0397812
0.0423735
0.0449295
0.0474363
0.0498804
0.052249
0.0545294
0.0567095
0.0587774
0.0607215
0.0625309
0.0641951
0.0657045
0.0670503
0.0682248
0.0692212
0.0700336
0.0706573
0.0710885
0.0713246
0.0713643
0.0712078
0.0708563
0.0703119
0.0695782
0.0686594
0.0675609
0.0662884
0.0648488
0.0632491
0.0614966
0.0595984
0.05756
0.0553863
0.0530978
0.0507112
0.048009
0.044805
0.0239657
0.0203597
0.0173624
0.0147614
0.0123047
0.0100067
0.00788547
0.00594053
0.00417181
0.00258089
0.00116956
-6.04988e-05
-0.00110778
-0.00197113
-0.00264979
-0.00314345
-0.00345226
-0.00357685
-0.00351841
-0.00327871
-0.00286012
-0.00226561
-0.00149874
-0.000563675
0.000534845
0.00179154
0.00320059
0.00475552
0.00644931
0.0082743
0.0102223
0.0122849
0.0144527
0.0167164
0.0190657
0.0214902
0.0239787
0.0265198
0.0291019
0.0317129
0.0343404
0.0369718
0.0395942
0.0421948
0.0447603
0.0472777
0.0497337
0.0521152
0.0544097
0.0566047
0.0586883
0.0606485
0.0624742
0.0641546
0.0656798
0.0670406
0.0682289
0.0692373
0.0700596
0.0706903
0.071125
0.0713605
0.0713946
0.0712268
0.0708572
0.0702873
0.0695196
0.0685574
0.0674048
0.066067
0.0645494
0.0628582
0.0609995
0.0589797
0.0568031
0.054474
0.0520137
0.04944
0.0465163
0.0430413
0.0252953
0.0214219
0.0182078
0.0154255
0.0128036
0.0103572
0.00810496
0.00604543
0.00417729
0.002501
0.00101716
-0.000273753
-0.00137148
-0.00227604
-0.00298774
-0.00350728
-0.00383576
-0.00397473
-0.00392619
-0.00369262
-0.00327696
-0.00268275
-0.00191403
-0.000975365
0.000128143
0.00139091
0.0028069
0.00436951
0.00607161
0.00790551
0.00986301
0.0119355
0.0141139
0.0163886
0.0187497
0.0211866
0.0236883
0.0262436
0.0288409
0.031468
0.0341129
0.0367628
0.039405
0.0420265
0.0446141
0.0471546
0.0496347
0.0520414
0.0543618
0.0565833
0.0586935
0.0606805
0.0625326
0.0642388
0.0657887
0.0671728
0.0683823
0.0694095
0.0702474
0.07089
0.0713321
0.0715699
0.0716005
0.0714224
0.071035
0.0704389
0.0696355
0.0686275
0.067418
0.0660112
0.0644117
0.0626247
0.0606556
0.0585099
0.0561915
0.053704
0.05107
0.0483083
0.045164
0.0414208
0.0264214
0.0222843
0.0188552
0.0158922
0.013105
0.0105093
0.00812445
0.00594832
0.00397853
0.00221452
0.000655842
-0.00069812
-0.00184821
-0.00279547
-0.00354121
-0.0040871
-0.00443519
-0.00458787
-0.00454788
-0.00431836
-0.00390287
-0.00330547
-0.00253072
-0.0015836
-0.000469593
0.000805424
0.00223518
0.00381293
0.00553144
0.00738289
0.00935901
0.0114511
0.0136502
0.0159465
0.0183302
0.0207908
0.0233175
0.0258989
0.0285235
0.0311793
0.0338539
0.036535
0.0392096
0.0418646
0.0444868
0.047063
0.0495798
0.0520238
0.0543821
0.0566416
0.0587899
0.0608146
0.0627036
0.0644455
0.0660295
0.0674455
0.0686843
0.0697374
0.0705974
0.0712575
0.0717119
0.0719558
0.0719859
0.0717995
0.0713954
0.0707733
0.0699339
0.0688788
0.0676105
0.0661322
0.0644478
0.0625618
0.0604789
0.0582042
0.055741
0.0530927
0.0502831
0.0473324
0.0439675
0.0399577
0.0273278
0.0229295
0.0192872
0.0161438
0.0131912
0.0104456
0.00792719
0.00563306
0.00356009
0.00170681
7.18234e-05
-0.00134651
-0.00254999
-0.0035406
-0.00432059
-0.0048926
-0.00525952
-0.00542454
-0.00539111
-0.00516301
-0.00474439
-0.00413988
-0.00335455
-0.0023938
-0.00126348
3.0228e-05
0.00148082
0.00308139
0.00482452
0.00670226
0.00870621
0.0108277
0.0130574
0.015386
0.0178033
0.020299
0.0228622
0.0254817
0.0281457
0.0308423
0.0335593
0.0362841
0.0390036
0.0417049
0.0443745
0.046999
0.0495649
0.0520587
0.054467
0.0567765
0.0589745
0.061048
0.0629847
0.0647727
0.0664006
0.0678579
0.0691345
0.0702216
0.0711109
0.0717948
0.072267
0.0725218
0.0725551
0.0723636
0.0719449
0.0712982
0.0704232
0.0693207
0.0679926
0.0664414
0.0646702
0.0626828
0.0604836
0.0580773
0.0554669
0.0526555
0.0496685
0.0465275
0.0429414
0.0386651
0.0279991
0.0233414
0.0194867
0.0161634
0.0130452
0.0101492
0.00749659
0.00508364
0.00290656
0.000963131
-0.000748939
-0.00223221
-0.00348933
-0.00452318
-0.00533694
-0.00593412
-0.00631843
-0.00649378
-0.0064643
-0.00623443
-0.00580892
-0.00519294
-0.00439207
-0.00341215
-0.00225937
-0.00094024
0.000538502
0.00216975
0.00394588
0.00585875
0.00789984
0.0100604
0.0123311
0.0147024
0.0171643
0.0197065
0.0223179
0.0249873
0.027703
0.0304528
0.0332246
0.0360056
0.038783
0.0415433
0.044273
0.0469586
0.0495864
0.0521424
0.0546131
0.0569849
0.0592444
0.0613784
0.0633741
0.065219
0.0669013
0.0684096
0.0697334
0.070863
0.0717894
0.0725044
0.0730008
0.0732722
0.0733135
0.0731206
0.0726906
0.0720214
0.0711123
0.0699633
0.0685755
0.0669507
0.0650915
0.0630013
0.060684
0.058144
0.0553841
0.0524076
0.0492411
0.0459081
0.0420994
0.0375553
0.0284204
0.023504
0.0194373
0.0159342
0.0126502
0.00960357
0.00681624
0.00428406
0.00200245
-3.14699e-05
-0.0018208
-0.0033689
-0.00467924
-0.00575558
-0.00660196
-0.0072227
-0.00762229
-0.00780534
-0.00777665
-0.0075413
-0.00710463
-0.00647238
-0.00565062
-0.00464559
-0.00346385
-0.00211224
-0.000597769
0.00107222
0.00288989
0.00484689
0.00693458
0.00914408
0.0114661
0.0138909
0.0164085
0.0190085
0.0216799
0.0244111
0.0271905
0.0300059
0.0328451
0.0356952
0.0385431
0.0413754
0.0441783
0.046938
0.0496405
0.0522717
0.0548175
0.057264
0.0595974
0.0618039
0.0638704
0.0657836
0.0675311
0.0691009
0.0704818
0.0716632
0.0726355
0.0733895
0.0739173
0.0742117
0.0742667
0.0740774
0.07364
0.0729517
0.0720109
0.070817
0.0693704
0.0676722
0.0657248
0.0635308
0.0610941
0.0584187
0.0555075
0.0523636
0.0490156
0.0454882
0.0414547
0.0366403
0.028577
0.0234016
0.0191227
0.0154396
0.0119896
0.00879195
0.00586971
0.00321816
0.000832022
-0.00129225
-0.00315846
-0.00477068
-0.00613321
-0.00725064
-0.00812785
-0.00876992
-0.00918204
-0.00936955
-0.0093379
-0.00909284
-0.00864027
-0.00798647
-0.007138
-0.00610151
-0.00488394
-0.00349248
-0.00193444
-0.000217412
0.00165055
0.00366088
0.00580479
0.00807333
0.0104571
0.0129463
0.0155307
0.0182
0.020943
0.0237481
0.0266035
0.029497
0.0324162
0.0353483
0.0382799
0.0411972
0.0440864
0.0469334
0.0497238
0.0524433
0.0550773
0.0576115
0.0600315
0.0623231
0.0644725
0.0664659
0.0682902
0.0699327
0.0713812
0.0726245
0.073652
0.0744539
0.0750212
0.075346
0.0754213
0.0752413
0.0748015
0.0740981
0.073129
0.0718927
0.070389
0.0686186
0.0665832
0.0642852
0.0617282
0.0589161
0.0558517
0.0525382
0.0490061
0.0452817
0.0410201
0.0359317
0.0284539
0.0230183
0.0185266
0.0146629
0.0110465
0.00769766
0.00464042
0.0018696
-0.000620734
-0.00283479
-0.00477697
-0.00645206
-0.00786518
-0.00902173
-0.00992734
-0.0105878
-0.0110092
-0.0111973
-0.0111584
-0.0108989
-0.0104251
-0.009744
-0.00886255
-0.00778784
-0.00652721
-0.00508821
-0.00347846
-0.00170582
0.000221426
0.00229451
0.0045045
0.00684233
0.00929845
0.0118629
0.0145255
0.0172756
0.020102
0.0229932
0.025937
0.0289212
0.0319333
0.0349604
0.0379887
0.0410045
0.0439934
0.046941
0.0498329
0.0526541
0.0553898
0.058025
0.0605448
0.0629345
0.0651797
0.0672659
0.0691791
0.0709059
0.0724333
0.0737493
0.0748424
0.0757018
0.0763176
0.076681
0.076784
0.0766201
0.0761837
0.0754704
0.0744771
0.0732018
0.0716437
0.0698028
0.0676803
0.0652785
0.0626006
0.0596507
0.0564313
0.052946
0.0492269
0.0453024
0.0408087
0.0354414
0.0280359
0.0223385
0.0176325
0.0135875
0.00980421
0.00630384
0.00311158
0.000221765
-0.00237218
-0.00467505
-0.00669182
-0.00842804
-0.00988963
-0.0110827
-0.0120138
-0.0126892
-0.0131158
-0.0133002
-0.0132493
-0.0129699
-0.0124692
-0.0117545
-0.0108333
-0.00971319
-0.00840189
-0.00690732
-0.00523743
-0.00340032
-0.00140452
0.000740999
0.00302715
0.0054447
0.00798396
0.0106348
0.0133869
0.0162295
0.0191514
0.0221408
0.0251855
0.0282732
0.0313913
0.0345265
0.037665
0.0407927
0.0438949
0.0469571
0.0499642
0.052901
0.0557522
0.0585021
0.0611355
0.063637
0.0659913
0.0681834
0.0701984
0.072022
0.0736405
0.0750409
0.0762106
0.0771379
0.0778121
0.0782232
0.0783625
0.0782223
0.0777962
0.0770789
0.0760666
0.0747565
0.0731472
0.0712382
0.0690303
0.0665253
0.0637265
0.0606376
0.0572616
0.053602
0.049693
0.0455645
0.0408342
0.0351818
0.0273076
0.0213458
0.0164238
0.0121962
0.00824532
0.00459316
0.00126595
-0.00174243
-0.00443912
-0.00682942
-0.00891901
-0.0107142
-0.0122216
-0.0134482
-0.014401
-0.0150874
-0.0155148
-0.0156905
-0.015622
-0.015317
-0.014783
-0.0140279
-0.0130598
-0.0118867
-0.0105167
-0.00895823
-0.00721942
-0.00530867
-0.00323475
-0.00100685
0.00136575
0.00387366
0.00650701
0.00925549
0.0121086
0.0150556
0.018085
0.021185
0.0243434
0.0275475
0.0307846
0.0340414
0.0373037
0.040557
0.0437866
0.0469773
0.0501138
0.0531805
0.0561614
0.0590405
0.0618018
0.0644291
0.0669066
0.0692184
0.0713488
0.0732826
0.0750052
0.0765023
0.0777607
0.0787675
0.0795109
0.0799799
0.0801649
0.080057
0.079649
0.0789347
0.0779094
0.0765697
0.0749132
0.0729392
0.0706479
0.068041
0.0651213
0.0618929
0.0583585
0.0545222
0.0504198
0.0460833
0.0411108
0.0351662
0.0262526
0.0200233
0.0148831
0.0104716
0.00635206
0.00254771
-0.000914327
-0.00404065
-0.00683889
-0.00931492
-0.0114752
-0.0133266
-0.0148767
-0.0161331
-0.0171036
-0.0177963
-0.0182194
-0.0183809
-0.0182889
-0.0179518
-0.0173776
-0.0165749
-0.0155522
-0.0143181
-0.012881
-0.0112498
-0.00943293
-0.00743904
-0.00527713
-0.00295664
-0.000487059
0.00212203
0.00486056
0.00771806
0.0106839
0.0137472
0.0168965
0.0201197
0.0234045
0.0267381
0.0301076
0.0334995
0.0368994
0.0402924
0.0436635
0.0469971
0.0502776
0.0534888
0.0566143
0.0596374
0.0625414
0.0653095
0.0679249
0.070371
0.0726313
0.0746895
0.0765298
0.0781373
0.0794973
0.080596
0.0814205
0.0819587
0.0821999
0.0821342
0.0817532
0.0810498
0.0800185
0.0786549
0.0769563
0.0749211
0.0725492
0.0698419
0.066802
0.0634335
0.0597392
0.0557234
0.051424
0.046875
0.0416541
0.0354089
0.0248543
0.0183534
0.0129925
0.00839526
0.0041061
0.000149051
-0.00344765
-0.00669107
-0.00958942
-0.0121492
-0.0143775
-0.0162822
-0.0178713
-0.0191533
-0.0201368
-0.0208306
-0.0212437
-0.0213848
-0.0212628
-0.0208865
-0.0202648
-0.0194066
-0.0183212
-0.0170175
-0.0155046
-0.0137915
-0.011887
-0.00980014
-0.00754007
-0.00511653
-0.00253923
0.000182042
0.00303705
0.00601515
0.00910558
0.0122973
0.0155789
0.018938
0.0223622
0.0258386
0.0293541
0.0328949
0.0364464
0.0399934
0.0435205
0.0470118
0.0504512
0.0538221
0.0571074
0.0602899
0.063352
0.0662764
0.0690453
0.0716412
0.0740465
0.0762442
0.0782172
0.0799495
0.0814252
0.0826294
0.083548
0.0841679
0.0844769
0.0844641
0.0841201
0.0834368
0.0824074
0.081027
0.0792919
0.0772001
0.074751
0.0719455
0.0687863
0.0652775
0.0614218
0.0572237
0.0527234
0.0479567
0.0424805
0.0359252
0.023095
0.0163181
0.0107334
0.00594853
0.00148846
-0.00262184
-0.00635297
-0.00971247
-0.0127093
-0.0153505
-0.0176441
-0.0195983
-0.0212223
-0.0225251
-0.0235163
-0.0242055
-0.0246023
-0.0247163
-0.0245571
-0.024134
-0.0234568
-0.0225349
-0.0213781
-0.0199959
-0.0183978
-0.0165931
-0.0145912
-0.0124011
-0.0100324
-0.00749503
-0.00479904
-0.00195435
0.00102863
0.00413911
0.00736619
0.0106988
0.0141252
0.0176332
0.02121
0.0248426
0.0285178
0.0322215
0.0359389
0.0396544
0.0433523
0.0470163
0.05063
0.0541762
0.0576372
0.060995
0.0642314
0.0673282
0.0702668
0.0730288
0.0755955
0.0779486
0.0800702
0.0819428
0.0835495
0.084874
0.085901
0.086616
0.0870057
0.087058
0.0867622
0.0861089
0.0850905
0.0837011
0.0819362
0.0797932
0.077271
0.0743702
0.0710931
0.0674438
0.0634253
0.0590422
0.0543368
0.0493467
0.0436074
0.0367314
0.0209564
0.0138984
0.00808627
0.00311165
-0.00152072
-0.00578482
-0.00965003
-0.0131245
-0.0162178
-0.0189379
-0.0212933
-0.0232931
-0.0249471
-0.0262655
-0.0272585
-0.0279366
-0.0283103
-0.0283898
-0.0281855
-0.0277076
-0.0269662
-0.0259717
-0.0247343
-0.0232641
-0.021571
-0.0196647
-0.0175549
-0.015251
-0.0127628
-0.0101007
-0.00727477
-0.00429518
-0.00117248
0.00208238
0.00545837
0.0089443
0.0125284
0.0161983
0.019941
0.0237436
0.0275923
0.0314732
0.0353709
0.0392698
0.0431537
0.047006
0.0508097
0.0545472
0.0582001
0.0617498
0.0651773
0.0684635
0.0715889
0.074534
0.0772792
0.0798049
0.082092
0.0841216
0.0858756
0.0873364
0.0884872
0.0893123
0.0897969
0.0899276
0.0896922
0.0890803
0.0880831
0.0866937
0.0849068
0.0827189
0.0801284
0.0771355
0.0737424
0.069953
0.0657703
0.0611992
0.056284
0.0510646
0.0450536
0.0378454
0.018419
0.0110743
0.00503089
-0.000136032
-0.00494222
-0.0093606
-0.0133594
-0.0169475
-0.0201353
-0.0229312
-0.0253445
-0.0273853
-0.0290641
-0.0303921
-0.0313804
-0.0320403
-0.0323833
-0.0324203
-0.0321624
-0.0316207
-0.030806
-0.0297294
-0.0284016
-0.0268333
-0.0250347
-0.0230163
-0.0207878
-0.0183591
-0.0157403
-0.012942
-0.00997462
-0.00684835
-0.00357395
-0.000162485
0.00337489
0.00702689
0.0107817
0.0146267
0.0185489
0.0225351
0.0265716
0.030644
0.0347369
0.0388343
0.0429196
0.046976
0.050986
0.0549313
0.058793
0.0625517
0.0661877
0.069681
0.073011
0.0761573
0.079099
0.0818155
0.084286
0.0864906
0.0884096
0.0900239
0.0913153
0.0922667
0.0928616
0.0930852
0.092924
0.0923662
0.0914016
0.0900223
0.0882221
0.0859966
0.0833435
0.0802625
0.0767556
0.0728267
0.0684786
0.0637165
0.0585868
0.0531315
0.0468395
0.0392864
0.0154627
0.00782496
0.00154594
-0.00381605
-0.00879764
-0.0133708
-0.0175028
-0.0212031
-0.0244828
-0.027351
-0.0298179
-0.0318945
-0.0335923
-0.0349232
-0.0358996
-0.0365336
-0.0368375
-0.0368231
-0.0365026
-0.0358875
-0.0349896
-0.0338206
-0.0323919
-0.0307147
-0.0287999
-0.0266581
-0.0242997
-0.0217348
-0.0189739
-0.0160277
-0.0129069
-0.0096219
-0.00618354
-0.00260301
0.00110843
0.0049394
0.00887798
0.0129115
0.0170269
0.0212107
0.0254493
0.0297279
0.0340309
0.0383422
0.0426447
0.0469214
0.0511543
0.0553244
0.0594123
0.0633978
0.0672604
0.0709792
0.0745326
0.077899
0.0810564
0.0839827
0.086656
0.0890547
0.0911575
0.092944
0.0943943
0.0954894
0.0962116
0.0965443
0.0964723
0.0959825
0.0950634
0.0937056
0.0919019
0.089647
0.0869379
0.0837736
0.0801559
0.0760883
0.0715738
0.0666175
0.0612683
0.0555701
0.0489874
0.0410759
0.0120657
0.0041282
-0.00239111
-0.00795109
-0.0131098
-0.0178384
-0.022103
-0.0259137
-0.0292824
-0.0322191
-0.0347348
-0.0368414
-0.0385515
-0.0398782
-0.0408347
-0.0414341
-0.0416897
-0.0416145
-0.0412212
-0.0405225
-0.0395307
-0.0382584
-0.0367177
-0.0349202
-0.0328775
-0.0306007
-0.0281006
-0.0253876
-0.0224726
-0.0193664
-0.01608
-0.0126239
-0.00900901
-0.00524674
-0.00134837
0.00267465
0.00681033
0.011046
0.0153683
0.019764
0.024219
0.0287186
0.0332471
0.0377879
0.0423238
0.0468373
0.05131
0.0557224
0.0600544
0.0642851
0.0683932
0.0723566
0.076153
0.0797594
0.0831526
0.0863092
0.0892057
0.0918189
0.0941259
0.0961046
0.0977333
0.0989914
0.0998593
0.100319
0.100353
0.0999464
0.0990869
0.0977635
0.0959675
0.0936926
0.0909349
0.087693
0.0839679
0.0797631
0.0750813
0.0699278
0.0643539
0.0584056
0.0515218
0.0432374
0.00820513
-3.96215e-05
-0.00680427
-0.0125654
-0.0179031
-0.0227876
-0.0271841
-0.0311033
-0.0345577
-0.0375585
-0.0401174
-0.0422476
-0.0439628
-0.0452771
-0.0462047
-0.0467601
-0.0469575
-0.0468108
-0.0463339
-0.0455403
-0.0444432
-0.0430558
-0.0413911
-0.0394613
-0.0372785
-0.0348544
-0.0322003
-0.0293268
-0.0262451
-0.0229665
-0.0195018
-0.0158619
-0.0120578
-0.00810087
-0.00400252
0.000225772
0.00457198
0.00902336
0.0135667
0.0181884
0.0228745
0.0276102
0.0323795
0.0371656
0.0419513
0.0467185
0.0514484
0.056121
0.0607155
0.0652104
0.0695833
0.0738114
0.0778712
0.0817385
0.0853889
0.0887973
0.0919387
0.0947882
0.0973212
0.0995136
0.101342
0.102784
0.103818
0.104423
0.104581
0.104276
0.103492
0.102217
0.100441
0.0981571
0.0953597
0.0920466
0.0882184
0.0838784
0.0790289
0.0736754
0.0678715
0.0616656
0.0544696
0.0457968
0.00385645
-0.00470356
-0.011719
-0.0176845
-0.0232033
-0.0282444
-0.0327718
-0.0367969
-0.0403334
-0.0433931
-0.0459892
-0.0481359
-0.0498479
-0.0511407
-0.0520297
-0.0525305
-0.0526586
-0.0524291
-0.0518567
-0.050956
-0.049741
-0.0482259
-0.0464243
-0.0443493
-0.0420136
-0.0394293
-0.0366081
-0.0335612
-0.0303
-0.0268359
-0.02318
-0.0193433
-0.0153369
-0.0111722
-0.00686067
-0.00241376
0.0021565
0.00683738
0.0116156
0.0164778
0.0214097
0.0263966
0.0314223
0.0364699
0.0415218
0.0465598
0.0515646
0.0565157
0.0613916
0.0661702
0.0708282
0.0753418
0.0796864
0.0838365
0.0877664
0.0914494
0.0948588
0.0979678
0.10075
0.10318
0.105231
0.106879
0.108101
0.108873
0.109176
0.10899
0.108299
0.107089
0.105348
0.103066
0.100239
0.0968625
0.0929365
0.0884639
0.0834467
0.0778906
0.0718515
0.0653802
0.0578603
0.0487826
-0.00100589
-0.0098899
-0.0171621
-0.0233358
-0.0290378
-0.0342359
-0.0388929
-0.043021
-0.0466353
-0.0497484
-0.0523748
-0.0545298
-0.0562295
-0.0574906
-0.0583301
-0.0587648
-0.0588115
-0.0584864
-0.0578056
-0.0567844
-0.0554381
-0.0537816
-0.0518295
-0.0495956
-0.0470932
-0.0443351
-0.0413333
-0.0380994
-0.0346451
-0.0309821
-0.0271217
-0.0230749
-0.0188529
-0.0144672
-0.00992907
-0.00525007
-0.000442119
0.0044821
0.0095094
0.0146263
0.0198189
0.0250721
0.0303698
0.0356951
0.0410301
0.0463563
0.051654
0.0569022
0.062079
0.0671613
0.0721253
0.0769459
0.0815975
0.0860534
0.0902863
0.0942679
0.0979697
0.101363
0.10442
0.107111
0.10941
0.111289
0.112722
0.113685
0.114155
0.11411
0.113532
0.112404
0.110712
0.108448
0.105602
0.102171
0.0981535
0.0935517
0.0883675
0.0826064
0.0763269
0.069582
0.0617257
0.0522255
-0.00640884
-0.0156264
-0.0231619
-0.0295478
-0.0354351
-0.0407905
-0.0455755
-0.0498037
-0.0534908
-0.056651
-0.0592999
-0.061454
-0.0631312
-0.0643495
-0.0651273
-0.0654831
-0.065435
-0.0650005
-0.064197
-0.0630409
-0.0615486
-0.0597361
-0.0576188
-0.0552113
-0.0525276
-0.0495811
-0.0463844
-0.0429493
-0.0392879
-0.0354121
-0.0313334
-0.0270629
-0.0226118
-0.0179915
-0.0132133
-0.00828862
-0.00322927
0.00195217
0.00724264
0.0126288
0.0180968
0.0236316
0.0292172
0.0348363
0.0404712
0.0461032
0.051712
0.0572765
0.0627739
0.0681807
0.0734721
0.0786222
0.083604
0.0883896
0.0929501
0.0972556
0.101276
0.10498
0.108337
0.111317
0.11389
0.116027
0.117698
0.118877
0.119538
0.119657
0.119212
0.118186
0.116564
0.114331
0.11148
0.108005
0.103903
0.0991765
0.0938266
0.0878584
0.0813331
0.0743061
0.0661004
0.0561587
-0.0123812
-0.0219427
-0.0297487
-0.0363511
-0.0424259
-0.0479387
-0.0528501
-0.0571745
-0.060929
-0.064129
-0.0667914
-0.0689346
-0.0705777
-0.0717406
-0.0724433
-0.072706
-0.0725483
-0.0719892
-0.0710472
-0.0697405
-0.0680863
-0.0661018
-0.0638034
-0.0612067
-0.0583262
-0.055176
-0.0517692
-0.048118
-0.0442349
-0.0401319
-0.0358207
-0.0313125
-0.0266184
-0.0217498
-0.0167179
-0.0115338
-0.00620934
-0.000756765
0.00481102
0.0104809
0.016239
0.0220707
0.0279598
0.0338892
0.0398411
0.0457964
0.0517349
0.0576349
0.0634732
0.0692256
0.0748666
0.0803692
0.0857052
0.0908455
0.0957594
0.100416
0.104781
0.108824
0.112511
0.115808
0.118684
0.121107
0.123045
0.124467
0.125345
0.125653
0.125367
0.124466
0.122931
0.120748
0.117907
0.114399
0.110222
0.105376
0.099862
0.0936851
0.0869088
0.0795909
0.0710218
0.0606188
-0.0189539
-0.0288709
-0.036955
-0.0437785
-0.050043
-0.0557134
-0.060749
-0.0651653
-0.0689808
-0.0722123
-0.0748783
-0.0769988
-0.0785949
-0.0796883
-0.080301
-0.0804548
-0.0801709
-0.0794702
-0.0783728
-0.076898
-0.0750646
-0.0728908
-0.0703943
-0.0675913
-0.0644975
-0.0611273
-0.0574943
-0.0536115
-0.0494913
-0.0451462
-0.0405879
-0.0358276
-0.0308765
-0.0257457
-0.0204462
-0.014989
-0.00938554
-0.00364794
0.00221124
0.0081791
0.0142422
0.0203858
0.0265941
0.03285
0.0391357
0.0454322
0.051719
0.0579741
0.0641738
0.0702935
0.0763067
0.0821855
0.0879006
0.0934214
0.0987159
0.10375
0.108491
0.112902
0.116948
0.120594
0.123804
0.126544
0.128778
0.130474
0.131599
0.132125
0.132023
0.131271
0.129846
0.127733
0.124918
0.121392
0.117149
0.112191
0.106516
0.100129
0.0930961
0.0854782
0.0765313
0.0656459
-0.0261601
-0.0364451
-0.0448159
-0.0518653
-0.0583221
-0.0641499
-0.0693071
-0.0738102
-0.0776793
-0.0809327
-0.0835908
-0.0856755
-0.0872101
-0.0882182
-0.0887239
-0.088751
-0.0883227
-0.0874617
-0.0861897
-0.0845278
-0.0824962
-0.0801144
-0.0774012
-0.0743739
-0.0710487
-0.0674411
-0.0635652
-0.0594342
-0.055061
-0.0504583
-0.0456378
-0.0406108
-0.0353883
-0.0299811
-0.0244002
-0.0186561
-0.0127599
-0.00672353
-0.000559031
0.00572104
0.0121035
0.018574
0.025117
0.0317155
0.0383519
0.0450073
0.051661
0.0582908
0.0648727
0.0713815
0.0777901
0.0840696
0.0901894
0.0961177
0.101821
0.107263
0.112408
0.117219
0.121657
0.125684
0.129262
0.132352
0.134917
0.136919
0.138323
0.139097
0.139209
0.138633
0.137344
0.135323
0.132553
0.129024
0.124729
0.119665
0.113833
0.107235
0.0999413
0.0920143
0.0826744
0.0712843
-0.0340348
-0.0447018
-0.0533684
-0.0606492
-0.0673008
-0.0732859
-0.0785614
-0.0831453
-0.0870594
-0.0903238
-0.092961
-0.0949951
-0.0964516
-0.0973565
-0.0977363
-0.0976168
-0.0970237
-0.0959815
-0.0945141
-0.0926441
-0.0903935
-0.0877832
-0.0848332
-0.0815618
-0.0779863
-0.0741228
-0.0699859
-0.0655895
-0.0609467
-0.0560703
-0.0509721
-0.0456633
-0.0401548
-0.0344571
-0.0285807
-0.0225359
-0.0163335
-0.00998459
-0.00350103
0.00310517
0.00982129
0.0166334
0.0235261
0.0304832
0.037487
0.0445188
0.0515579
0.0585821
0.0655671
0.0724873
0.0793147
0.0860197
0.0925707
0.0989342
0.105075
0.110956
0.116538
0.121782
0.126646
0.13109
0.135071
0.138547
0.141478
0.143823
0.145542
0.146598
0.146956
0.146587
0.145462
0.143558
0.140856
0.137341
0.133007
0.127848
0.121863
0.115055
0.107495
0.0992497
0.089501
0.0775822
-0.0426155
-0.05368
-0.0626528
-0.0701709
-0.0770201
-0.0831618
-0.0885518
-0.0932094
-0.0971586
-0.100421
-0.103023
-0.104989
-0.106349
-0.107131
-0.107363
-0.107075
-0.106294
-0.105047
-0.103361
-0.10126
-0.0987678
-0.0959066
-0.0926979
-0.0891613
-0.0853149
-0.0811757
-0.076759
-0.072079
-0.0671492
-0.0619824
-0.0565905
-0.0509846
-0.0451752
-0.0391726
-0.0329869
-0.0266277
-0.0201054
-0.0134306
-0.00661455
0.00033141
0.00739508
0.014563
0.0218205
0.0291515
0.0365391
0.0439646
0.0514077
0.0588458
0.0662549
0.0736086
0.0808788
0.0880347
0.0950438
0.101871
0.108481
0.114832
0.120885
0.126597
0.131924
0.136821
0.141244
0.145146
0.148482
0.151208
0.15328
0.154656
0.155297
0.155169
0.154239
0.15248
0.14987
0.146392
0.142034
0.136792
0.130661
0.123643
0.115813
0.10724
0.0970655
0.0845925
-0.0519422
-0.0634217
-0.0727124
-0.0804744
-0.087524
-0.0938214
-0.099321
-0.104044
-0.108017
-0.111264
-0.113812
-0.115692
-0.116933
-0.117569
-0.117629
-0.117147
-0.116153
-0.114677
-0.112746
-0.110389
-0.107629
-0.104493
-0.101001
-0.0971767
-0.0930375
-0.0886015
-0.0838849
-0.0789021
-0.073667
-0.0681926
-0.0624906
-0.0565718
-0.0504465
-0.0441246
-0.0376154
-0.0309283
-0.0240729
-0.0170591
-0.00989736
-0.00259845
0.00482623
0.0123639
0.0200005
0.0277207
0.0355079
0.0433442
0.0512092
0.0590808
0.0669346
0.0747444
0.0824813
0.0901139
0.0976087
0.10493
0.112039
0.118894
0.125453
0.131669
0.137498
0.142889
0.147794
0.152164
0.155949
0.159099
0.161566
0.163303
0.164267
0.164418
0.163718
0.162137
0.159647
0.156229
0.151867
0.146555
0.140285
0.13306
0.124956
0.116045
0.105427
0.0923727
-0.062059
-0.0739731
-0.0835947
-0.0916078
-0.0988607
-0.105312
-0.110916
-0.115695
-0.119678
-0.122892
-0.125368
-0.127138
-0.128237
-0.1287
-0.128562
-0.127858
-0.126622
-0.124886
-0.122683
-0.12004
-0.116986
-0.113547
-0.109748
-0.10561
-0.101154
-0.0963992
-0.0913612
-0.0860555
-0.0804962
-0.074696
-0.0686669
-0.0624192
-0.0559628
-0.049307
-0.0424606
-0.0354322
-0.0282306
-0.020865
-0.0133451
-0.0056805
0.00211809
0.0100388
0.0180684
0.0261922
0.0343946
0.042658
0.0509627
0.0592867
0.0676059
0.0758939
0.0841215
0.0922569
0.100266
0.10811
0.115751
0.123145
0.130246
0.137007
0.143377
0.149305
0.154737
0.15962
0.1639
0.16752
0.170429
0.172573
0.173904
0.174375
0.173945
0.172577
0.17024
0.166909
0.162565
0.157199
0.150801
0.143371
0.13499
0.125732
0.114651
0.100986
-0.0730134
-0.0853846
-0.0953516
-0.103624
-0.111083
-0.117687
-0.123388
-0.128211
-0.132189
-0.13535
-0.13773
-0.139365
-0.140294
-0.140554
-0.140186
-0.139228
-0.137718
-0.135691
-0.133183
-0.130224
-0.126845
-0.123075
-0.118939
-0.114461
-0.109663
-0.104565
-0.0991828
-0.0935329
-0.0876294
-0.081485
-0.0751112
-0.0685183
-0.0617155
-0.0547114
-0.0475141
-0.0401313
-0.0325709
-0.0248414
-0.0169511
-0.00890882
-0.000724103
0.00759221
0.0160278
0.0245691
0.0332013
0.0419076
0.050669
0.0594639
0.0682686
0.0770567
0.0857991
0.0944633
0.103014
0.111413
0.11962
0.127588
0.13527
0.142615
0.14957
0.15608
0.162086
0.167531
0.172355
0.176497
0.179898
0.182499
0.184246
0.185086
0.18497
0.183856
0.181708
0.178494
0.174194
0.168793
0.162279
0.154651
0.14599
0.136373
0.12481
0.110502
-0.0848575
-0.097711
-0.10804
-0.11658
-0.124248
-0.131002
-0.136792
-0.141646
-0.145599
-0.148686
-0.150943
-0.152414
-0.153139
-0.153163
-0.152529
-0.151282
-0.149461
-0.147107
-0.144258
-0.140948
-0.13721
-0.133076
-0.128573
-0.123726
-0.118559
-0.113091
-0.107341
-0.101325
-0.0950563
-0.0885483
-0.0818121
-0.0748574
-0.0676928
-0.0603261
-0.0527644
-0.0450146
-0.0370836
-0.0289785
-0.0207065
-0.0122753
-0.00369315
0.00503039
0.0138842
0.0228558
0.0319316
0.0410957
0.0503299
0.0596135
0.0689232
0.0782329
0.0875136
0.0967327
0.105854
0.114839
0.123645
0.132224
0.140527
0.148499
0.156085
0.163224
0.169856
0.175915
0.181337
0.186056
0.190005
0.193119
0.195336
0.196596
0.196844
0.196031
0.194113
0.191054
0.186828
0.181414
0.174799
0.166977
0.158034
0.14805
0.135983
0.120997
-0.097648
-0.111013
-0.121722
-0.13054
-0.13842
-0.14532
-0.151188
-0.156057
-0.159964
-0.162949
-0.165053
-0.166324
-0.166809
-0.166558
-0.165619
-0.16404
-0.161868
-0.159146
-0.155916
-0.152217
-0.148084
-0.14355
-0.138646
-0.133399
-0.127832
-0.121968
-0.115825
-0.109418
-0.102763
-0.0958715
-0.0887547
-0.0814215
-0.0738798
-0.0661363
-0.0581973
-0.0500684
-0.0417553
-0.0332639
-0.0245999
-0.0157694
-0.00677943
0.00236194
0.011645
0.0210587
0.0305907
0.0402264
0.0499487
0.0597378
0.0695711
0.0794233
0.0892655
0.0990651
0.108786
0.118388
0.127828
0.137056
0.14602
0.154665
0.162929
0.170749
0.178059
0.184789
0.190869
0.196224
0.200782
0.204471
0.207218
0.208958
0.209626
0.209166
0.207525
0.204662
0.200543
0.195144
0.188446
0.180439
0.171214
0.160851
0.148257
0.132558
-0.111447
-0.125356
-0.136468
-0.145573
-0.15367
-0.16071
-0.166645
-0.171508
-0.175343
-0.178194
-0.18011
-0.181141
-0.181344
-0.180772
-0.179482
-0.177526
-0.174955
-0.17182
-0.168165
-0.164033
-0.159463
-0.154491
-0.14915
-0.143468
-0.137471
-0.131181
-0.124617
-0.117795
-0.110731
-0.103436
-0.0959199
-0.0881914
-0.0802574
-0.0721235
-0.0637947
-0.0552753
-0.0465695
-0.0376818
-0.0286163
-0.0193774
-0.00997042
-0.000401824
0.0093203
0.0191866
0.0291861
0.039306
0.0495303
0.0598406
0.0702152
0.0806297
0.0910558
0.101461
0.11181
0.122061
0.132169
0.142085
0.151754
0.161116
0.170109
0.178664
0.18671
0.194172
0.200972
0.207029
0.212264
0.216594
0.219939
0.222224
0.223376
0.223327
0.222019
0.219399
0.215428
0.210075
0.203314
0.195135
0.185627
0.174876
0.16173
0.145275
-0.126323
-0.140816
-0.152353
-0.161759
-0.170074
-0.177249
-0.183235
-0.188069
-0.191802
-0.194482
-0.196166
-0.196912
-0.196783
-0.195839
-0.194145
-0.191758
-0.188738
-0.185137
-0.181008
-0.176396
-0.171344
-0.165891
-0.160073
-0.153919
-0.147457
-0.14071
-0.133697
-0.126435
-0.118938
-0.111218
-0.103284
-0.0951438
-0.0868025
-0.0782649
-0.0695344
-0.0606138
-0.0515058
-0.042213
-0.0327377
-0.0230824
-0.0132506
-0.00324683
0.00692271
0.0172505
0.0277275
0.0383426
0.0490815
0.0599272
0.0708595
0.0818551
0.0928867
0.103922
0.114926
0.125857
0.13667
0.147313
0.15773
0.167859
0.177632
0.186979
0.195822
0.20408
0.211669
0.2185
0.224484
0.22953
0.233549
0.236452
0.238159
0.238589
0.237675
0.235354
0.231577
0.226306
0.21951
0.211171
0.201383
0.190233
0.17651
0.159254
-0.142355
-0.157474
-0.169466
-0.179186
-0.187721
-0.195022
-0.20104
-0.205818
-0.209411
-0.211877
-0.213279
-0.213686
-0.213167
-0.211793
-0.209633
-0.206756
-0.203226
-0.199103
-0.194444
-0.189299
-0.183716
-0.177736
-0.171397
-0.164732
-0.157768
-0.150531
-0.143039
-0.13531
-0.127357
-0.11919
-0.11082
-0.10225
-0.0934875
-0.0845335
-0.0753903
-0.0660589
-0.0565402
-0.0468347
-0.0369426
-0.0268646
-0.0166017
-0.00615643
0.00446715
0.0152637
0.0262263
0.0373459
0.0486102
0.0600039
0.0715087
0.0831028
0.0947599
0.106449
0.118135
0.129778
0.14133
0.15274
0.163949
0.174894
0.185503
0.195702
0.205407
0.214531
0.222983
0.230665
0.237479
0.243323
0.248098
0.251703
0.254044
0.255031
0.254582
0.252623
0.249095
0.24395
0.237149
0.228669
0.218605
0.207046
0.192716
0.174609
-0.159628
-0.175426
-0.187904
-0.197952
-0.206709
-0.214126
-0.220152
-0.224839
-0.228249
-0.230448
-0.231511
-0.231515
-0.230539
-0.228666
-0.225973
-0.222537
-0.21843
-0.21372
-0.208469
-0.202733
-0.196563
-0.190005
-0.183099
-0.17588
-0.168376
-0.160613
-0.152612
-0.144387
-0.135953
-0.127319
-0.118493
-0.109479
-0.10028
-0.090898
-0.0813321
-0.0715815
-0.0616449
-0.0515206
-0.0412066
-0.030701
-0.0200026
-0.00911143
0.00197087
0.0132414
0.0246957
0.036327
0.0481255
0.060078
0.0721682
0.0843762
0.0966776
0.109043
0.121437
0.133821
0.146148
0.158364
0.170412
0.182223
0.193726
0.204838
0.215474
0.225539
0.234933
0.243551
0.251283
0.258018
0.263641
0.268041
0.271108
0.272738
0.272835
0.271312
0.268096
0.263129
0.256361
0.247764
0.237429
0.225451
0.210482
0.19147
-0.178241
-0.194778
-0.207778
-0.21817
-0.22715
-0.234668
-0.240674
-0.245228
-0.248401
-0.250273
-0.250927
-0.250453
-0.248945
-0.246492
-0.243187
-0.239114
-0.234355
-0.228985
-0.223073
-0.216681
-0.209865
-0.202674
-0.19515
-0.187331
-0.179246
-0.170921
-0.162376
-0.153628
-0.144688
-0.135565
-0.126265
-0.11679
-0.107143
-0.0973223
-0.087325
-0.0771483
-0.0667883
-0.0562408
-0.0455014
-0.0345655
-0.0234292
-0.0120898
-0.000546318
0.0112012
0.023151
0.035299
0.0476382
0.0601579
0.0728443
0.0856799
0.0986421
0.111703
0.124831
0.137985
0.15112
0.164184
0.177115
0.189846
0.2023
0.214393
0.226032
0.237117
0.247539
0.257185
0.265932
0.273658
0.280233
0.285532
0.289428
0.291802
0.292539
0.291538
0.288709
0.283981
0.277292
0.268604
0.258009
0.245601
0.229959
0.209978
-0.198305
-0.21565
-0.229215
-0.239969
-0.249171
-0.25677
-0.262721
-0.26709
-0.269964
-0.271433
-0.271597
-0.270559
-0.268426
-0.265304
-0.261295
-0.256497
-0.251
-0.244889
-0.23824
-0.231122
-0.223594
-0.215709
-0.207514
-0.199045
-0.190335
-0.18141
-0.172289
-0.162988
-0.153516
-0.143883
-0.134091
-0.124142
-0.114035
-0.103766
-0.0933298
-0.0827215
-0.0719344
-0.0609615
-0.0497954
-0.0384285
-0.0268541
-0.0150667
-0.00306189
0.0091631
0.0216097
0.0342769
0.0471607
0.0602535
0.0735444
0.0870186
0.100656
0.114432
0.128315
0.142267
0.156245
0.170195
0.184056
0.197759
0.211225
0.224367
0.237086
0.249275
0.260819
0.271591
0.281461
0.290289
0.297932
0.304247
0.30909
0.312321
0.313807
0.313427
0.311074
0.306658
0.300103
0.291359
0.280517
0.267671
0.251318
0.230297
-0.219948
-0.238183
-0.25236
-0.263494
-0.272915
-0.280571
-0.28642
-0.290543
-0.293041
-0.294019
-0.293595
-0.291891
-0.28903
-0.285132
-0.280315
-0.27469
-0.26836
-0.261417
-0.253946
-0.246022
-0.237711
-0.229069
-0.220143
-0.210974
-0.201594
-0.192029
-0.182297
-0.172414
-0.162387
-0.152223
-0.141922
-0.131485
-0.120907
-0.110182
-0.0993025
-0.0882595
-0.0770438
-0.0656453
-0.0540534
-0.0422575
-0.0302475
-0.0180146
-0.00555114
0.00714911
0.020091
0.033277
0.0467065
0.0603755
0.0742763
0.0883974
0.102722
0.117228
0.131887
0.146664
0.161515
0.176389
0.191226
0.205955
0.220496
0.234757
0.248637
0.262021
0.274785
0.286793
0.297901
0.307954
0.316795
0.324259
0.330182
0.334401
0.336763
0.33712
0.335346
0.331329
0.324975
0.316219
0.305147
0.291855
0.274748
0.252607
-0.243316
-0.262537
-0.277382
-0.288917
-0.298548
-0.306229
-0.31192
-0.31572
-0.317747
-0.318129
-0.317002
-0.314511
-0.310798
-0.306002
-0.300259
-0.293693
-0.28642
-0.278544
-0.270158
-0.261344
-0.252172
-0.242702
-0.232985
-0.223062
-0.212965
-0.202719
-0.192342
-0.181847
-0.17124
-0.160526
-0.149702
-0.138765
-0.127708
-0.116522
-0.105195
-0.0937165
-0.0820732
-0.0702515
-0.0582376
-0.0460172
-0.0335768
-0.020904
-0.00798756
0.00518266
0.0186152
0.0323164
0.0462896
0.0605344
0.0750473
0.0898205
0.104841
0.12009
0.135543
0.151167
0.166922
0.182757
0.198615
0.214423
0.230102
0.245556
0.26068
0.275354
0.289445
0.302806
0.31528
0.326697
0.336878
0.345641
0.352795
0.358155
0.361537
0.36277
0.361697
0.358184
0.352112
0.343398
0.332122
0.318377
0.300469
0.277116
-0.268582
-0.288901
-0.304478
-0.316433
-0.326263
-0.333924
-0.339387
-0.342768
-0.344211
-0.343868
-0.341902
-0.338481
-0.333773
-0.327939
-0.321132
-0.313495
-0.305158
-0.296236
-0.286832
-0.277034
-0.266918
-0.256548
-0.245975
-0.235241
-0.224378
-0.21341
-0.202354
-0.19122
-0.180011
-0.168729
-0.157368
-0.145922
-0.13438
-0.122729
-0.110955
-0.099043
-0.0869758
-0.0747364
-0.062307
-0.0496699
-0.0368075
-0.0237036
-0.0103429
0.00328866
0.0172039
0.0314133
0.0459244
0.0607414
0.0758649
0.0912918
0.107013
0.123015
0.139276
0.155768
0.172453
0.189285
0.206206
0.223148
0.240028
0.256751
0.273207
0.289271
0.304802
0.319643
0.333623
0.346553
0.358238
0.368467
0.377028
0.383702
0.388276
0.390545
0.39032
0.387436
0.381746
0.373141
0.361695
0.347492
0.32873
0.304058
-0.295945
-0.317495
-0.333877
-0.346273
-0.356282
-0.363866
-0.36901
-0.371855
-0.372574
-0.371351
-0.368382
-0.363864
-0.357993
-0.350957
-0.342931
-0.334077
-0.324539
-0.314447
-0.303912
-0.29303
-0.281882
-0.270532
-0.259036
-0.247433
-0.235756
-0.224027
-0.212258
-0.200458
-0.188627
-0.176761
-0.164852
-0.15289
-0.14086
-0.128745
-0.116527
-0.104186
-0.0917019
-0.0790534
-0.0662186
-0.0531757
-0.0399031
-0.0263802
-0.0125877
0.00149309
0.0158793
0.0305861
0.0456256
0.061007
0.0767359
0.0928139
0.109238
0.125997
0.143077
0.160453
0.178093
0.195953
0.213979
0.232105
0.25025
0.268319
0.286198
0.303758
0.32085
0.337308
0.352945
0.367557
0.380925
0.392813
0.402977
0.411167
0.417132
0.420627
0.421426
0.419323
0.414137
0.405729
0.394154
0.379494
0.359819
0.333704
-0.325643
-0.34858
-0.365851
-0.378707
-0.388864
-0.396297
-0.401006
-0.403167
-0.402992
-0.400703
-0.396534
-0.390721
-0.383493
-0.375066
-0.365643
-0.355406
-0.344516
-0.333117
-0.321329
-0.309254
-0.296978
-0.284569
-0.27208
-0.259551
-0.247011
-0.234481
-0.221968
-0.209478
-0.197006
-0.184545
-0.172082
-0.1596
-0.147082
-0.134507
-0.121851
-0.10909
-0.0961994
-0.0831539
-0.0699274
-0.0564933
-0.0428259
-0.0289001
-0.0146918
-0.000177908
0.0146637
0.0298529
0.0454073
0.061341
0.0776654
0.0943875
0.11151
0.129028
0.146933
0.165205
0.183819
0.202736
0.221906
0.241266
0.260739
0.280229
0.299624
0.31879
0.337572
0.355794
0.373254
0.389732
0.404984
0.418747
0.430743
0.440682
0.44827
0.453219
0.455251
0.454116
0.449585
0.44148
0.429837
0.414723
0.39407
0.366368
-0.357957
-0.382469
-0.400725
-0.414055
-0.424315
-0.431496
-0.435623
-0.436917
-0.435636
-0.432054
-0.426451
-0.419109
-0.410294
-0.400261
-0.389238
-0.377432
-0.365023
-0.352166
-0.338993
-0.325612
-0.31211
-0.298557
-0.285005
-0.271492
-0.258044
-0.244675
-0.231391
-0.21819
-0.205064
-0.191999
-0.178977
-0.165978
-0.152977
-0.139948
-0.126864
-0.113696
-0.100414
-0.0869884
-0.0733876
-0.059581
-0.0455382
-0.0312294
-0.0166257
-0.00169894
0.013578
0.0292305
0.0452814
0.0617508
0.0786559
0.0960102
0.113822
0.132095
0.150825
0.170002
0.189604
0.209601
0.229949
0.25059
0.271451
0.292441
0.313445
0.334331
0.354937
0.375079
0.394544
0.413091
0.430452
0.446334
0.460421
0.472381
0.481868
0.488538
0.492058
0.492117
0.488429
0.480766
0.469133
0.453577
0.431871
0.402412
-0.393226
-0.419534
-0.438885
-0.452697
-0.462994
-0.469789
-0.473145
-0.47334
-0.470694
-0.465542
-0.458225
-0.449075
-0.43841
-0.42652
-0.413669
-0.400087
-0.385973
-0.371497
-0.356798
-0.341989
-0.32716
-0.312379
-0.297695
-0.283143
-0.268742
-0.254503
-0.240423
-0.226496
-0.212706
-0.199034
-0.185456
-0.171944
-0.15847
-0.145001
-0.131505
-0.117947
-0.104293
-0.0905066
-0.0765535
-0.0623974
-0.0480029
-0.0333355
-0.0183609
-0.003046
0.0126418
0.0287335
0.0452578
0.0622411
0.079707
0.0976759
0.116164
0.135181
0.154731
0.174813
0.195412
0.216508
0.238062
0.260027
0.282333
0.304895
0.327604
0.350325
0.372897
0.395127
0.41679
0.437628
0.457349
0.475627
0.492104
0.506399
0.518108
0.526822
0.532138
0.533669
0.53106
0.524015
0.512497
0.496525
0.473682
0.442264
-0.431857
-0.460229
-0.480797
-0.49509
-0.505326
-0.511557
-0.513898
-0.512701
-0.508367
-0.50131
-0.49194
-0.480657
-0.467832
-0.453801
-0.438863
-0.423274
-0.407255
-0.390985
-0.374612
-0.358252
-0.341993
-0.325901
-0.310019
-0.294376
-0.278985
-0.263847
-0.248955
-0.234291
-0.219835
-0.205559
-0.191432
-0.17742
-0.163487
-0.149596
-0.135708
-0.121782
-0.10778
-0.0936591
-0.0793803
-0.0649022
-0.0501845
-0.0351872
-0.0198711
-0.0041974
0.011872
0.0283738
0.0453432
0.0628131
0.0808141
0.0993741
0.118517
0.138261
0.15862
0.179601
0.2012
0.223404
0.246188
0.269511
0.293315
0.317521
0.342026
0.366701
0.391383
0.415876
0.439946
0.463319
0.485678
0.506662
0.525872
0.542867
0.557181
0.568325
0.57581
0.579161
0.577928
0.571728
0.560467
0.544119
0.520047
0.486429
-0.474351
-0.505105
-0.527032
-0.541782
-0.551818
-0.557246
-0.558254
-0.555294
-0.548872
-0.539498
-0.527672
-0.513871
-0.498528
-0.482032
-0.464717
-0.44687
-0.428727
-0.41048
-0.39228
-0.374242
-0.356453
-0.338969
-0.321829
-0.30505
-0.288637
-0.272582
-0.256866
-0.241465
-0.226347
-0.211477
-0.196815
-0.182322
-0.167953
-0.153664
-0.139409
-0.125144
-0.110823
-0.0963983
-0.0818255
-0.0670579
-0.05205
-0.0367566
-0.0211331
-0.00513507
0.0112813
0.0281591
0.0455397
0.0634631
0.0819674
0.101088
0.120859
0.141306
0.162454
0.18432
0.206911
0.230227
0.254254
0.278964
0.30431
0.330225
0.356616
0.383359
0.410299
0.437238
0.463937
0.490108
0.515412
0.539453
0.561785
0.581909
0.599279
0.613317
0.62343
0.629031
0.62955
0.624492
0.613681
0.597023
0.571621
0.535514
-0.52132
-0.554845
-0.578285
-0.593441
-0.603075
-0.607378
-0.606639
-0.601445
-0.592435
-0.580242
-0.565476
-0.548703
-0.530431
-0.511101
-0.49109
-0.47071
-0.450212
-0.429796
-0.409614
-0.389775
-0.370359
-0.351412
-0.332961
-0.315011
-0.297555
-0.280572
-0.264032
-0.2479
-0.232135
-0.21669
-0.201517
-0.186568
-0.171791
-0.157135
-0.142548
-0.127977
-0.113372
-0.0986799
-0.0838499
-0.0688306
-0.0535708
-0.0380201
-0.0221283
-0.00584552
0.0108782
0.0280919
0.045844
0.0641816
0.0831507
0.102796
0.123158
0.144277
0.166185
0.188912
0.21248
0.236901
0.262174
0.288289
0.315212
0.342892
0.371249
0.400174
0.429518
0.459091
0.488652
0.517904
0.546489
0.573979
0.59988
0.623626
0.644587
0.662078
0.675383
0.683772
0.686526
0.682999
0.672899
0.656038
0.629195
0.590249
-0.573533
-0.6103
-0.63542
-0.650883
-0.659825
-0.662564
-0.659535
-0.651504
-0.639283
-0.62366
-0.605375
-0.585101
-0.563426
-0.540852
-0.517793
-0.494585
-0.471492
-0.448713
-0.426394
-0.404638
-0.383508
-0.363036
-0.343234
-0.32409
-0.305582
-0.287674
-0.270322
-0.253479
-0.23709
-0.221099
-0.205448
-0.190078
-0.17493
-0.159945
-0.145064
-0.130229
-0.115381
-0.100464
-0.0854193
-0.0701911
-0.0547229
-0.0389589
-0.0228434
-0.00632074
0.0106649
0.028169
0.0462468
0.0649528
0.0843413
0.104466
0.125377
0.147125
0.169756
0.193311
0.217828
0.243333
0.269845
0.297368
0.325891
0.35538
0.385775
0.416984
0.448875
0.48127
0.513934
0.546567
0.578799
0.610173
0.640148
0.66809
0.693274
0.714894
0.732084
0.74394
0.749549
0.748068
0.739041
0.72214
0.693742
0.651529
-0.631954
-0.67254
-0.699517
-0.71511
-0.722944
-0.723522
-0.717488
-0.705848
-0.689638
-0.669837
-0.647344
-0.622952
-0.597339
-0.571063
-0.544577
-0.518233
-0.492297
-0.466964
-0.442366
-0.418587
-0.395671
-0.37363
-0.352452
-0.332108
-0.312555
-0.293739
-0.275602
-0.258079
-0.241103
-0.224606
-0.208519
-0.192773
-0.1773
-0.162033
-0.146906
-0.131854
-0.116811
-0.101716
-0.0865053
-0.0711169
-0.0554893
-0.0395613
-0.0232718
-0.00655963
0.010637
0.0283799
0.0467312
0.0657531
0.0855081
0.106059
0.127467
0.149794
0.173098
0.197436
0.222861
0.249418
0.277144
0.306066
0.336194
0.367519
0.400007
0.43359
0.46816
0.50356
0.539569
0.575897
0.612167
0.647904
0.682524
0.715323
0.745476
0.77204
0.793971
0.810152
0.819422
0.820674
0.813221
0.796533
0.766468
0.720463
-0.697817
-0.742933
-0.771939
-0.787367
-0.793489
-0.791087
-0.781102
-0.764861
-0.74369
-0.718804
-0.691287
-0.662067
-0.631911
-0.601437
-0.571121
-0.541325
-0.512305
-0.484238
-0.457234
-0.431347
-0.406594
-0.382959
-0.360404
-0.338873
-0.318302
-0.298615
-0.279734
-0.261579
-0.244068
-0.227118
-0.210649
-0.194582
-0.178839
-0.163345
-0.148027
-0.132811
-0.117629
-0.10241
-0.0870874
-0.071593
-0.0558603
-0.039823
-0.0234148
-0.00656898
0.0107819
0.028706
0.0472721
0.0665502
0.0866113
0.107527
0.12937
0.152214
0.176131
0.201194
0.227471
0.25503
0.283928
0.314218
0.345938
0.379106
0.413721
0.449748
0.487111
0.525685
0.565278
0.605619
0.64634
0.686958
0.726858
0.765271
0.801271
0.833761
0.861493
0.883087
0.897069
0.901979
0.896807
0.880716
0.848889
0.798444
-0.77272
-0.823249
-0.854426
-0.869205
-0.872737
-0.866223
-0.851031
-0.828916
-0.801572
-0.770503
-0.737003
-0.702144
-0.666782
-0.631577
-0.597019
-0.563458
-0.531128
-0.500171
-0.470659
-0.442608
-0.415997
-0.390774
-0.366866
-0.344188
-0.322648
-0.302147
-0.282585
-0.263863
-0.245882
-0.228545
-0.211761
-0.195439
-0.179491
-0.163835
-0.148388
-0.133072
-0.117811
-0.102529
-0.0871541
-0.0716133
-0.0558353
-0.0397487
-0.0232824
-0.00636432
0.0110784
0.0291199
0.0478358
0.0673033
0.0876017
0.108813
0.131019
0.154307
0.178763
0.204476
0.231535
0.260027
0.290037
0.321642
0.354912
0.389904
0.426652
0.465163
0.505407
0.547302
0.590698
0.635364
0.680958
0.72701
0.772887
0.817774
0.860643
0.90024
0.935082
0.963476
0.983547
0.993372
0.991481
0.976584
0.942946
0.88725
-0.858769
-0.915811
-0.949225
-0.962568
-0.962225
-0.950032
-0.927957
-0.898332
-0.863313
-0.824742
-0.784148
-0.742742
-0.701455
-0.660968
-0.62176
-0.584145
-0.54831
-0.514344
-0.482263
-0.452032
-0.42358
-0.396808
-0.371605
-0.34785
-0.325418
-0.304184
-0.284024
-0.264818
-0.24645
-0.228809
-0.21179
-0.195289
-0.179213
-0.163466
-0.147962
-0.132615
-0.117343
-0.102065
-0.0867037
-0.0711818
-0.0554235
-0.0393529
-0.0228942
-0.00597064
0.0114959
0.0295851
0.0483789
0.0679617
0.0884208
0.109847
0.132335
0.155982
0.18089
0.207165
0.234915
0.264251
0.295285
0.328125
0.362877
0.399638
0.438489
0.479488
0.52266
0.567985
0.615374
0.664654
0.715538
0.767592
0.820199
0.872517
0.923437
0.971548
1.01511
1.05207
1.08005
1.09651
1.09934
1.08656
1.05116
0.989199
-0.958799
-1.02373
-1.05927
-1.06991
-1.06379
-1.04373
-1.01255
-0.973315
-0.928766
-0.881131
-0.832173
-0.783228
-0.735266
-0.688952
-0.644716
-0.602802
-0.563319
-0.52628
-0.491624
-0.459249
-0.42902
-0.400785
-0.374385
-0.349657
-0.32644
-0.304581
-0.283929
-0.264343
-0.245689
-0.227841
-0.210679
-0.19409
-0.17797
-0.162216
-0.146734
-0.131433
-0.116224
-0.101022
-0.0857457
-0.0703132
-0.0546446
-0.0386602
-0.0222799
-0.00542269
0.0119941
0.0300554
0.0488489
0.0684657
0.0890006
0.110553
0.133229
0.157138
0.182396
0.209126
0.237458
0.267526
0.299471
0.333434
0.369563
0.407998
0.448876
0.492316
0.538413
0.587222
0.63874
0.692879
0.749438
0.808059
0.868179
0.928973
0.989286
1.04757
1.10184
1.14961
1.1879
1.21336
1.22298
1.21377
1.17686
1.10737
-1.07671
-1.15124
-1.18844
-1.1943
-1.17961
-1.14863
-1.10535
-1.05385
-0.997515
-0.938994
-0.880262
-0.822729
-0.767345
-0.714702
-0.665124
-0.618742
-0.575549
-0.535449
-0.498286
-0.463868
-0.431986
-0.402424
-0.374968
-0.34941
-0.325551
-0.303203
-0.282191
-0.262351
-0.24353
-0.225587
-0.208389
-0.191813
-0.175744
-0.160074
-0.144701
-0.129529
-0.114463
-0.0994163
-0.0843011
-0.0690332
-0.053529
-0.0377055
-0.021479
-0.00476488
0.0125236
0.0304759
0.0491846
0.0687469
0.0892647
0.110846
0.133605
0.157665
0.183156
0.210218
0.239001
0.269663
0.302375
0.337316
0.374674
0.414642
0.457416
0.503188
0.552135
0.604408
0.660112
0.719279
0.781834
0.847542
0.915955
0.986326
1.05752
1.12792
1.19528
1.2567
1.30847
1.34623
1.36569
1.36233
1.32457
1.24597
-1.21806
-1.30423
-1.34191
-1.33963
-1.31217
-1.26598
-1.20668
-1.13955
-1.06873
-0.997253
-0.927238
-0.860069
-0.796579
-0.7372
-0.68208
-0.631175
-0.58432
-0.541275
-0.50176
-0.465481
-0.432139
-0.401447
-0.373128
-0.346926
-0.322601
-0.299932
-0.278717
-0.25877
-0.23992
-0.222009
-0.204895
-0.188444
-0.172532
-0.157045
-0.141875
-0.126921
-0.112085
-0.0972757
-0.0824027
-0.0673788
-0.0521178
-0.036534
-0.0205408
-0.00405069
0.0130263
0.030783
0.0493168
0.0687296
0.0891296
0.110632
0.133361
0.157449
0.18304
0.21029
0.23937
0.270462
0.303766
0.339499
0.377893
0.419196
0.46367
0.511587
0.563222
0.61884
0.67868
0.74293
0.811687
0.884907
0.962329
1.04338
1.12705
1.21173
1.29506
1.37369
1.44313
1.49774
1.53153
1.53768
1.50051
1.41092
-1.391
-1.49111
-1.52665
-1.51069
-1.4642
-1.39682
-1.31633
-1.22941
-1.14096
-1.05429
-0.971465
-0.893702
-0.821571
-0.755221
-0.69453
-0.639211
-0.588888
-0.543141
-0.501544
-0.463679
-0.42915
-0.397588
-0.368654
-0.34204
-0.317464
-0.294672
-0.273437
-0.253551
-0.234825
-0.217091
-0.200192
-0.183988
-0.168347
-0.153149
-0.138282
-0.123641
-0.109126
-0.0946407
-0.0800945
-0.0653977
-0.0504621
-0.0352
-0.0195231
-0.00334175
0.0134363
0.0309067
0.0491699
0.0683321
0.0885065
0.109815
0.132387
0.156368
0.181911
0.209189
0.23839
0.269719
0.303407
0.339705
0.37889
0.421268
0.467171
0.516957
0.571009
0.629725
0.693505
0.762729
0.837724
0.918706
1.0057
1.09845
1.19619
1.29754
1.40014
1.50037
1.59295
1.67073
1.72551
1.74712
1.71351
1.61087
-1.60808
-1.7241
-1.75203
-1.71326
-1.63835
-1.54152
-1.43317
-1.32148
-1.21191
-1.10774
-1.01074
-0.921659
-0.840617
-0.767327
-0.701283
-0.641877
-0.588467
-0.540419
-0.497137
-0.458068
-0.422709
-0.39061
-0.361365
-0.334615
-0.31004
-0.287354
-0.266306
-0.246668
-0.228238
-0.210835
-0.194294
-0.178467
-0.163217
-0.148421
-0.133962
-0.119734
-0.105633
-0.0915628
-0.0774311
-0.0631471
-0.0486216
-0.033766
-0.0184911
-0.00270616
0.0136823
0.0307716
0.0486644
0.0674697
0.0873044
0.108294
0.130577
0.154302
0.179636
0.206763
0.235886
0.267233
0.30106
0.337652
0.377331
0.420458
0.467434
0.51871
0.574783
0.636196
0.703535
0.777408
0.858428
0.947154
1.04402
1.14922
1.26251
1.38294
1.5085
1.63558
1.75831
1.86799
1.95365
2.00041
1.97635
1.85903
-1.88956
-2.02139
-2.03059
-1.95395
-1.83667
-1.6991
-1.55455
-1.41238
-1.27808
-1.15435
-1.04217
-0.941498
-0.851707
-0.771893
-0.701045
-0.638153
-0.582259
-0.532492
-0.488066
-0.448288
-0.412548
-0.380314
-0.351118
-0.324554
-0.300266
-0.277941
-0.257308
-0.238123
-0.220173
-0.203267
-0.187235
-0.171923
-0.157191
-0.142913
-0.128971
-0.115256
-0.101667
-0.0881044
-0.0744765
-0.0606925
-0.0466635
-0.0323008
-0.0175154
-0.00221655
0.0136893
0.0303001
0.0477192
0.0660572
0.0854328
0.105975
0.127825
0.151138
0.176087
0.202867
0.231693
0.262812
0.296501
0.333076
0.372896
0.416375
0.463981
0.516255
0.573809
0.637339
0.707631
0.785552
0.872049
0.96811
1.07471
1.19269
1.32258
1.46428
1.61661
1.77655
1.9382
2.0916
2.22277
2.31051
2.30794
2.17668
-2.27018
-2.41053
-2.37852
-2.23922
-2.05919
-1.86602
-1.67534
-1.49667
-1.33441
-1.18973
-1.06215
-0.950311
-0.852555
-0.767151
-0.692464
-0.627015
-0.569501
-0.518791
-0.473914
-0.434039
-0.398456
-0.366557
-0.337822
-0.311804
-0.288119
-0.266435
-0.246462
-0.227948
-0.210672
-0.194438
-0.179071
-0.164415
-0.150331
-0.13669
-0.123376
-0.110279
-0.0972975
-0.084336
-0.0713018
-0.0581057
-0.04466
-0.0308772
-0.0166696
-0.00194745
0.0133816
0.0294147
0.0462548
0.0640123
0.0828059
0.102765
0.124033
0.146768
0.171148
0.197372
0.225666
0.256287
0.289531
0.325735
0.365293
0.40866
0.456365
0.509027
0.56737
0.632238
0.704617
0.785652
0.876656
0.979115
1.09466
1.22501
1.37178
1.53624
1.71875
1.91788
2.12884
2.34154
2.53953
2.69411
2.73678
2.60011
-2.81284
-2.93328
-2.81479
-2.57268
-2.30112
-2.03384
-1.78637
-1.56591
-1.37375
-1.20816
-1.06622
-0.944731
-0.840649
-0.751249
-0.674188
-0.607486
-0.549489
-0.498821
-0.454338
-0.41509
-0.380282
-0.349249
-0.321431
-0.296354
-0.273613
-0.252865
-0.233812
-0.216197
-0.199796
-0.184412
-0.169871
-0.156017
-0.142711
-0.129827
-0.117251
-0.104875
-0.0926005
-0.0803327
-0.0679821
-0.0554615
-0.0426857
-0.0295697
-0.0160281
-0.0019737
0.0126839
0.0280395
0.0441941
0.061256
0.0793422
0.0985808
0.119114
0.141099
0.164715
0.190163
0.217673
0.247508
0.279973
0.315421
0.354265
0.396994
0.444181
0.496509
0.554793
0.620008
0.693327
0.776157
0.870186
0.977432
1.10028
1.24148
1.4041
1.59135
1.8061
2.04997
2.3214
2.61271
2.9075
3.17066
3.30586
3.19473
-3.6319
-3.65009
-3.35745
-2.95012
-2.54874
-2.18658
-1.87301
-1.60808
-1.38684
-1.20275
-1.0494
-0.921209
-0.813497
-0.722459
-0.645031
-0.578764
-0.521693
-0.47224
-0.429129
-0.391324
-0.357977
-0.328387
-0.301974
-0.278252
-0.256811
-0.237306
-0.219438
-0.202954
-0.187632
-0.173279
-0.159723
-0.146814
-0.134416
-0.122409
-0.11068
-0.0991279
-0.0876557
-0.0761731
-0.064594
-0.0528349
-0.0408143
-0.0284508
-0.0156623
-0.00236529
0.0115272
0.0261064
0.0414694
0.0577207
0.0749735
0.0933523
0.112995
0.134057
0.156711
0.181158
0.207624
0.236371
0.267706
0.301985
0.33963
0.381144
0.427126
0.478297
0.535536
0.599913
0.672743
0.755655
0.85067
0.960309
1.08771
1.23677
1.41227
1.6199
1.86614
2.15761
2.49924
2.89079
3.32218
3.75841
4.07677
4.0783
-4.93379
-4.64048
-4.0163
-3.35551
-2.77791
-2.30083
-1.9163
-1.60927
-1.36404
-1.16708
-1.00758
-0.877211
-0.769618
-0.679983
-0.60464
-0.540774
-0.486211
-0.439249
-0.398546
-0.363031
-0.33184
-0.30427
-0.279744
-0.257782
-0.237984
-0.220012
-0.203581
-0.188445
-0.17439
-0.161232
-0.148808
-0.136975
-0.125604
-0.11458
-0.103797
-0.0931593
-0.082575
-0.0719589
-0.0612296
-0.0503086
-0.0391191
-0.0275843
-0.0156268
-0.00316742
0.00987577
0.023589
0.038064
0.0533997
0.0697037
0.0870943
0.105703
0.125677
0.147185
0.170415
0.195588
0.222957
0.252819
0.285523
0.321485
0.361202
0.405272
0.454428
0.509567
0.571802
0.642529
0.723513
0.817009
0.925928
1.05406
1.20637
1.38938
1.61166
1.88427
2.22104
2.638
3.15062
3.76672
4.46683
5.12955
5.46077
-7.17802
-6.00409
-4.75324
-3.73044
-2.93574
-2.33565
-1.88786
-1.55115
-1.29406
-1.09449
-0.936997
-0.810749
-0.708085
-0.623523
-0.55307
-0.49377
-0.443397
-0.400249
-0.363002
-0.330617
-0.302263
-0.277268
-0.255085
-0.235264
-0.217427
-0.201259
-0.186494
-0.172902
-0.160285
-0.148472
-0.137311
-0.12667
-0.116429
-0.106483
-0.0967324
-0.0870885
-0.0774667
-0.0677878
-0.0579767
-0.0479606
-0.0376685
-0.0270291
-0.0159707
-0.00441976
0.00769963
0.0204672
0.033968
0.048294
0.0635452
0.0798313
0.0972745
0.116012
0.1362
0.158015
0.181662
0.207379
0.235443
0.266185
0.299994
0.337344
0.378805
0.425079
0.477036
0.535766
0.602651
0.679472
0.768552
0.872968
0.996868
1.14594
1.32808
1.55449
1.84103
2.21041
2.6949
3.33704
4.18028
5.2565
6.56573
7.80739
-11.5601
-7.80256
-5.29296
-3.81992
-2.84176
-2.17236
-1.71152
-1.38469
-1.14457
-0.962808
-0.821738
-0.709876
-0.61956
-0.545524
-0.484047
-0.43243
-0.388668
-0.351243
-0.318983
-0.29097
-0.266473
-0.244904
-0.225781
-0.208707
-0.193353
-0.179442
-0.166737
-0.155037
-0.144167
-0.133974
-0.124327
-0.115105
-0.106203
-0.0975273
-0.0889898
-0.0805101
-0.0720129
-0.0634272
-0.0546858
-0.0457235
-0.0364765
-0.0268807
-0.0168715
-0.00638299
0.00465281
0.0163073
0.028657
0.0417842
0.0557784
0.0707376
0.0867707
0.104
0.122564
0.142621
0.164352
0.187968
0.213715
0.241884
0.272822
0.306946
0.344764
0.386895
0.434113
0.487388
0.547958
0.617426
0.697906
0.792236
0.904319
1.03965
1.20621
1.41589
1.68696
2.0486
2.54933
3.26623
4.30381
5.8502
8.44999
12.3183
-18.9698
-9.55613
-5.06803
-3.2473
-2.28436
-1.7003
-1.32951
-1.07838
-0.897079
-0.760129
-0.653334
-0.568044
-0.498664
-0.441397
-0.393562
-0.353201
-0.318845
-0.289373
-0.263907
-0.241753
-0.222355
-0.205257
-0.190085
-0.176528
-0.164326
-0.153256
-0.14313
-0.133784
-0.125076
-0.116881
-0.109088
-0.101601
-0.0943305
-0.0871978
-0.0801294
-0.0730571
-0.0659172
-0.0586494
-0.0511967
-0.0435034
-0.0355149
-0.0271764
-0.0184326
-0.00922727
0.000497375
0.0108022
0.0217522
0.0334173
0.045873
0.0592016
0.0734942
0.0888529
0.105393
0.123244
0.142556
0.1635
0.186276
0.211119
0.238307
0.268171
0.301113
0.337618
0.378288
0.423871
0.475314
0.533832
0.601012
0.67897
0.770595
0.879959
1.01302
1.17891
1.39247
1.67998
2.09228
2.72622
3.7571
5.67379
10.2795
19.8165
)
;

boundaryField
{
    movingWall
    {
        type            zeroGradient;
    }
    fixedWalls
    {
        type            zeroGradient;
    }
    frontAndBack
    {
        type            empty;
    }
}


// ************************************************************************* //
