/*--------------------------------*- C++ -*----------------------------------*\
  =========                 |
  \\      /  F ield         | OpenFOAM: The Open Source CFD Toolbox
   \\    /   O peration     | Website:  https://openfoam.org
    \\  /    A nd           | Version:  7
     \\/     M anipulation  |
\*---------------------------------------------------------------------------*/
FoamFile
{
    version     2.0;
    format      ascii;
    class       volScalarField;
    location    "0.025";
    object      p;
}
// * * * * * * * * * * * * * * * * * * * * * * * * * * * * * * * * * * * * * //

dimensions      [0 2 -2 0 0 0 0];

internalField   nonuniform List<scalar> 
6400
(
-2.6807e-07
-7.92296e-05
-0.000644313
-0.00174828
-0.00320445
-0.00484655
-0.00656635
-0.00828435
-0.00993705
-0.0114742
-0.0128611
-0.0140686
-0.015077
-0.0158718
-0.0164352
-0.0167578
-0.0168356
-0.0166646
-0.0162419
-0.0155687
-0.0146508
-0.0134944
-0.0121051
-0.0104894
-0.00865689
-0.00661876
-0.00438412
-0.00196076
0.000642051
0.00341375
0.00634259
0.00941619
0.0126212
0.0159435
0.0193705
0.0228913
0.0264927
0.0301574
0.0338672
0.0376062
0.0413606
0.0451165
0.0488569
0.0525626
0.0562148
0.0597975
0.0632967
0.0666975
0.0699834
0.0731377
0.0761459
0.0789965
0.0816792
0.0841821
0.0864914
0.0885939
0.0904796
0.0921425
0.093578
0.0947818
0.0957496
0.0964786
0.096968
0.0972192
0.0972357
0.0970227
0.096587
0.0959383
0.0950912
0.0940678
0.0928959
0.091608
0.0902408
0.088839
0.0874596
0.0861738
0.0850656
0.0842331
0.0837895
0.0837804
2.50794e-05
-0.000257034
-0.000867035
-0.00184724
-0.00307911
-0.00444524
-0.00587485
-0.00730834
-0.00869542
-0.00999516
-0.0111673
-0.0121857
-0.0130309
-0.0136843
-0.0141334
-0.0143675
-0.0143797
-0.0141657
-0.0137217
-0.0130475
-0.0121468
-0.0110242
-0.00968479
-0.00813497
-0.00638175
-0.00443313
-0.00229735
1.75745e-05
0.00250193
0.00514536
0.00793862
0.0108707
0.0139276
0.0170951
0.020362
0.0237176
0.0271493
0.0306409
0.0341751
0.0377368
0.0413132
0.0448903
0.0484515
0.051979
0.0554567
0.0588698
0.0622035
0.0654425
0.068571
0.0715746
0.0744408
0.0771593
0.0797202
0.0821114
0.084319
0.0863311
0.0881398
0.0897406
0.0911297
0.0923026
0.0932556
0.0939869
0.0944975
0.0947901
0.0948683
0.0947372
0.0944043
0.0938806
0.0931816
0.0923285
0.091347
0.0902665
0.0891207
0.0879494
0.0868027
0.0857408
0.0848303
0.0841446
0.0837731
0.0837696
0.000381912
-7.25319e-05
-0.000743836
-0.00167147
-0.00277676
-0.00398209
-0.00522791
-0.00647134
-0.00767587
-0.00880213
-0.00981898
-0.0106988
-0.01142
-0.0119677
-0.0123292
-0.0124933
-0.0124537
-0.0122042
-0.0117413
-0.0110653
-0.0101768
-0.00907848
-0.00777622
-0.00627684
-0.00458596
-0.00270796
-0.000649674
0.0015797
0.00397075
0.00651385
0.0091999
0.0120189
0.0149575
0.0180019
0.0211418
0.0243671
0.0276643
0.0310175
0.0344116
0.0378334
0.0412696
0.0447056
0.0481253
0.0515125
0.0548523
0.0581313
0.0613351
0.064447
0.0674511
0.0703349
0.0730892
0.075705
0.0781709
0.0804739
0.0826013
0.0845432
0.0862933
0.0878475
0.0892014
0.0903503
0.091291
0.0920233
0.0925497
0.0928735
0.0929981
0.0929284
0.0926724
0.092242
0.0916529
0.0909241
0.090078
0.0891405
0.0881424
0.0871198
0.0861166
0.0851844
0.0843784
0.0837569
0.0833895
0.0833251
0.000956456
0.000344213
-0.000399408
-0.00131239
-0.00235424
-0.00346276
-0.00459719
-0.00572011
-0.00679775
-0.00780115
-0.00870336
-0.00947924
-0.010108
-0.0105758
-0.0108701
-0.0109804
-0.0108991
-0.0106203
-0.010142
-0.00946362
-0.00858398
-0.00750506
-0.00623259
-0.00477233
-0.00312951
-0.00130822
0.000686611
0.00284633
0.00516157
0.00762399
0.0102237
0.0129494
0.0157895
0.018733
0.0217695
0.0248883
0.0280756
0.0313157
0.0345946
0.0379013
0.0412234
0.0445451
0.0478499
0.051123
0.0543515
0.0575224
0.0606204
0.0636284
0.0665317
0.0693201
0.0719856
0.0745186
0.0769075
0.0791393
0.0812028
0.08309
0.0847951
0.0863133
0.0876393
0.088768
0.0896975
0.0904291
0.0909663
0.0913128
0.0914716
0.0914478
0.0912496
0.0908888
0.0903797
0.0897386
0.0889845
0.0881408
0.0872354
0.0863014
0.0853773
0.0845071
0.0837379
0.0831172
0.0826911
0.0824898
0.00171663
0.000944412
0.000118045
-0.000810321
-0.00182269
-0.00287505
-0.00393735
-0.00497671
-0.00596469
-0.006877
-0.0076901
-0.00838257
-0.00893747
-0.00933986
-0.00957789
-0.00964294
-0.00952674
-0.00922403
-0.00873256
-0.00805112
-0.00717905
-0.00611811
-0.00487296
-0.00344734
-0.00184492
-7.15942e-05
0.00186682
0.00396423
0.00621243
0.00860253
0.0111249
0.0137679
0.0165199
0.0193722
0.0223161
0.0253397
0.0284281
0.031567
0.0347449
0.0379503
0.0411696
0.0443878
0.0475906
0.0507646
0.0538961
0.0569709
0.0599738
0.0628894
0.0657045
0.0684103
0.0709987
0.0734592
0.0757797
0.0779486
0.079957
0.0817976
0.0834644
0.0849511
0.0862518
0.087362
0.0882811
0.0890115
0.0895572
0.0899213
0.0901074
0.0901206
0.0899693
0.0896638
0.0892163
0.0886408
0.0879541
0.0871768
0.0863339
0.0854549
0.0845735
0.083727
0.0829548
0.0822951
0.0817659
0.0813735
0.00263967
0.00170546
0.000778234
-0.000187941
-0.00120598
-0.00223828
-0.00325984
-0.00424665
-0.00517636
-0.00602662
-0.00677623
-0.00740717
-0.00790539
-0.00825697
-0.00845072
-0.00847861
-0.00833412
-0.00801347
-0.00751225
-0.00682765
-0.00596171
-0.00491715
-0.00369592
-0.00230034
-0.00073334
0.000999296
0.00288997
0.00493299
0.00712274
0.00944978
0.0119026
0.0144714
0.0171474
0.0199215
0.0227832
0.0257209
0.0287221
0.0317739
0.0348641
0.0379806
0.0411092
0.0442363
0.0473497
0.0504373
0.0534845
0.0564756
0.0593952
0.0622299
0.064969
0.0676044
0.0701269
0.0725246
0.0747855
0.0769003
0.0788621
0.0806638
0.0822976
0.0837564
0.0850345
0.0861287
0.0870391
0.0877687
0.0883213
0.0887
0.0889079
0.0889497
0.0888332
0.0885677
0.0881641
0.0876345
0.0869937
0.0862596
0.0854539
0.0846025
0.0837339
0.0828795
0.0820721
0.0813421
0.0806789
0.0800644
0.00368104
0.00257475
0.0015381
0.000511147
-0.000541026
-0.00158265
-0.00259268
-0.00355426
-0.00445058
-0.00526213
-0.00596993
-0.00655951
-0.00701715
-0.00733113
-0.00749168
-0.00749135
-0.00732558
-0.0069908
-0.00648229
-0.00579675
-0.0049365
-0.00390541
-0.00270357
-0.00133164
0.000205432
0.00190182
0.00375273
0.00575231
0.00789247
0.0101637
0.0125564
0.0150622
0.0176731
0.0203799
0.0231714
0.026036
0.0289626
0.0319396
0.0349547
0.0379948
0.0410455
0.0440943
0.0471313
0.0501447
0.0531191
0.0560375
0.0588859
0.0616525
0.0643283
0.0669047
0.0693713
0.0717154
0.073926
0.0759957
0.0779189
0.079688
0.0812939
0.0827286
0.0839873
0.085068
0.0859717
0.0867014
0.0872606
0.0876513
0.0878753
0.0879368
0.0878429
0.0876033
0.0872278
0.0867268
0.0861126
0.0854007
0.0846102
0.0837627
0.0828822
0.0819937
0.0811247
0.0803
0.0794823
0.0786316
0.00479381
0.00350578
0.00234774
0.00124442
0.000140611
-0.000933053
-0.00195712
-0.00291749
-0.00380068
-0.00459242
-0.00527694
-0.00584001
-0.00627037
-0.00655827
-0.00669483
-0.00667466
-0.00649418
-0.00614778
-0.00563256
-0.00494855
-0.00409519
-0.00307341
-0.00188556
-0.000533372
0.000979577
0.00264756
0.00446567
0.0064287
0.00852802
0.010753
0.0130951
0.0155479
0.0181045
0.0207549
0.0234871
0.0262906
0.0291558
0.0320709
0.0350224
0.0379965
0.0409806
0.0439639
0.0469373
0.0498881
0.0527995
0.0556556
0.0584441
0.0611553
0.0637796
0.0663073
0.068727
0.0710264
0.0731953
0.0752282
0.0771198
0.0788621
0.0804446
0.081859
0.0831014
0.0841715
0.085071
0.0858024
0.0863675
0.0867668
0.0870008
0.0870732
0.0869918
0.0867663
0.0864062
0.0859194
0.0853158
0.0846082
0.0838133
0.0829497
0.0820367
0.0810935
0.0801433
0.0792065
0.0782226
0.0771326
0.00593378
0.00445777
0.00316518
0.00197539
0.000806182
-0.00031622
-0.00137291
-0.00235073
-0.00323884
-0.00402666
-0.00470218
-0.00525166
-0.00566515
-0.00593582
-0.0060575
-0.0060247
-0.00583314
-0.00547869
-0.00495928
-0.00427571
-0.00342767
-0.00241384
-0.00123585
0.000102246
0.00159633
0.00324241
0.00503594
0.00697013
0.00903544
0.0112224
0.0135243
0.0159355
0.0184482
0.0210518
0.0237353
0.0264899
0.0293066
0.0321717
0.0350701
0.037989
0.0409178
0.0438477
0.0467691
0.049668
0.0525269
0.0553312
0.0580714
0.0607387
0.0633224
0.065811
0.0681924
0.0704551
0.0725907
0.0745948
0.0764622
0.0781833
0.0797464
0.0811437
0.0823728
0.0834355
0.0843336
0.0850678
0.0856373
0.0860409
0.086279
0.0863557
0.0862792
0.0860589
0.0857029
0.0852177
0.0846106
0.0838921
0.0830764
0.0821792
0.0812162
0.0802022
0.0791568
0.0780972
0.0769423
0.0756167
0.00706113
0.00539297
0.00396306
0.00267475
0.0014275
0.000244245
-0.000857863
-0.00186763
-0.00277565
-0.00357338
-0.00425049
-0.00479692
-0.00520376
-0.00546535
-0.00557877
-0.00553914
-0.00534017
-0.0049802
-0.00445974
-0.00377704
-0.00293033
-0.0019205
-0.000750429
0.000576893
0.00205857
0.00369051
0.00546657
0.00737847
0.00941708
0.0115751
0.0138473
0.0162271
0.0187056
0.0212727
0.0239191
0.0266372
0.0294167
0.0322423
0.0350983
0.0379735
0.0408593
0.0437476
0.0466279
0.0494851
0.0523021
0.0550661
0.0577698
0.0604045
0.0629576
0.0654157
0.0677666
0.0700008
0.0721119
0.0740959
0.0759461
0.0776512
0.0791989
0.0805826
0.0818023
0.0828609
0.0837593
0.0844955
0.0850666
0.0854707
0.0857088
0.0857857
0.0857092
0.0854871
0.0851258
0.0846302
0.0840062
0.0832631
0.0824128
0.0814682
0.080442
0.0793452
0.0781952
0.0770069
0.0756809
0.0741268
0.0081389
0.00628466
0.00471286
0.00331836
0.00198341
0.000729464
-0.000428203
-0.00148146
-0.00242096
-0.00323958
-0.00392807
-0.00447914
-0.0048883
-0.00515071
-0.00526113
-0.00521634
-0.00501445
-0.0046541
-0.00413323
-0.00344932
-0.00260211
-0.00159439
-0.000429069
0.000892467
0.00236798
0.00399192
0.00575629
0.00765269
0.00967341
0.0118125
0.0140644
0.0164216
0.0188753
0.0214171
0.0240388
0.0267322
0.0294851
0.0322809
0.035105
0.0379486
0.0408044
0.0436631
0.0465128
0.0493385
0.0521244
0.0548603
0.0575398
0.0601525
0.0626835
0.0651185
0.067447
0.0696619
0.071758
0.0737301
0.0755696
0.0772635
0.0788001
0.0801748
0.0813895
0.0824467
0.0833455
0.0840819
0.0846518
0.0850539
0.08529
0.085365
0.085285
0.0850554
0.0846802
0.0841633
0.0835104
0.0827304
0.0818343
0.0808326
0.0797342
0.078547
0.0772863
0.0759666
0.0744718
0.0726977
0.00914347
0.00710499
0.00539111
0.00388642
0.00245618
0.00112254
-9.95719e-05
-0.00120486
-0.0021847
-0.00303144
-0.00374039
-0.00430575
-0.00472417
-0.00499234
-0.00510531
-0.00506078
-0.00485962
-0.0045003
-0.00397853
-0.00329244
-0.00244424
-0.00143706
-0.000272308
0.00104925
0.00252414
0.00414493
0.00590307
0.00779138
0.00980348
0.0119331
0.0141735
0.0165167
0.0189554
0.0214833
0.0240922
0.0267717
0.0295076
0.0322834
0.0350869
0.0379117
0.0407501
0.0435904
0.0464197
0.0492242
0.051991
0.0547115
0.0573781
0.0599778
0.062494
0.0649134
0.0672286
0.0694344
0.0715249
0.0734927
0.0753272
0.0770152
0.0785461
0.079917
0.0811304
0.0821879
0.0830864
0.0838209
0.0843881
0.0847877
0.0850218
0.0850935
0.0850064
0.084763
0.0843659
0.0838184
0.083127
0.0823012
0.0813515
0.080286
0.0791097
0.0778269
0.0764521
0.0750001
0.0733395
0.0713536
0.0100555
0.00783343
0.00597853
0.00436145
0.00283074
0.00140866
0.000114507
-0.0010482
-0.00207514
-0.00295876
-0.00369548
-0.00428228
-0.00471609
-0.00499404
-0.00511407
-0.00507582
-0.00487872
-0.00451974
-0.00399591
-0.00330784
-0.00245836
-0.00144908
-0.000280199
0.00104647
0.00252516
0.00414731
0.00590541
0.00779383
0.00980611
0.0119344
0.014171
0.0165091
0.0189438
0.0214693
0.0240757
0.0267501
0.0294778
0.0322444
0.0350401
0.0378588
0.0406907
0.0435226
0.0463418
0.0491371
0.0518978
0.0546148
0.0572782
0.0598727
0.0623816
0.0647944
0.0671065
0.0693132
0.0714067
0.0733772
0.0752128
0.0769011
0.0784328
0.0798053
0.0810208
0.0820792
0.0829767
0.0837085
0.0842728
0.0846706
0.084903
0.0849701
0.0848714
0.0846077
0.0841809
0.0835956
0.0828596
0.0819828
0.0809747
0.0798406
0.0785817
0.0771993
0.0757081
0.0741237
0.0723007
0.0701109
0.0108565
0.00845596
0.00645824
0.00472501
0.00309101
0.00157727
0.000204007
-0.0010236
-0.00210263
-0.00303001
-0.00380191
-0.00441576
-0.00486906
-0.00516134
-0.00529354
-0.00526506
-0.00507269
-0.00471358
-0.00418815
-0.0034986
-0.002646
-0.00163032
-0.000452821
0.000882262
0.00236803
0.00399688
0.00576259
0.00765934
0.00967896
0.0118125
0.0140531
0.0163963
0.0188382
0.0213717
0.0239839
0.0266609
0.0293901
0.0321597
0.0349605
0.0377845
0.0406198
0.0434529
0.0462736
0.049073
0.0518404
0.0545648
0.0572336
0.0598308
0.0623418
0.0647588
0.0670788
0.069296
0.0714004
0.0733802
0.0752239
0.0769199
0.0784595
0.0798393
0.08106
0.0821207
0.0830176
0.0837474
0.08431
0.0847066
0.0849366
0.0849961
0.0848812
0.0845909
0.0841286
0.0835011
0.0827174
0.081787
0.0807168
0.0795091
0.0781625
0.0766767
0.0750674
0.0733513
0.0713693
0.0689831
0.0115366
0.0089561
0.00681392
0.00496297
0.0032226
0.00161362
0.000157176
-0.00114108
-0.002279
-0.00325562
-0.00406757
-0.00471232
-0.00518988
-0.0055023
-0.00565031
-0.00563157
-0.00544318
-0.00508524
-0.00455985
-0.00386761
-0.00300781
-0.00198149
-0.000792624
0.000553276
0.00205044
0.00369274
0.00547363
0.00738528
0.00941801
0.0115636
0.0138176
0.0161767
0.018636
0.0211854
0.0238108
0.0264994
0.0292415
0.0320266
0.0348442
0.0376836
0.0405319
0.0433775
0.0462127
0.0490296
0.0518158
0.0545574
0.0572405
0.0598504
0.0623749
0.0648082
0.067147
0.0693838
0.0715066
0.0735031
0.0753626
0.0770743
0.0786291
0.0800221
0.081252
0.0823175
0.0832161
0.0839462
0.0845088
0.0849044
0.0851298
0.0851778
0.0850418
0.0847209
0.0842202
0.0835487
0.082716
0.0817293
0.0805924
0.0793053
0.0778653
0.0762726
0.0745439
0.0726969
0.0705595
0.0679834
0.0120821
0.00932252
0.0070342
0.00506138
0.00321185
0.00150487
-3.80364e-05
-0.0014121
-0.00261551
-0.00364525
-0.00450011
-0.00517997
-0.00568745
-0.00602407
-0.00618838
-0.00617864
-0.0059954
-0.00564056
-0.00511449
-0.00441586
-0.00354498
-0.00250578
-0.0013037
5.68436e-05
0.00157169
0.0032344
0.00503622
0.00696762
0.00901954
0.011186
0.013464
0.0158489
0.0183333
0.0209056
0.0235524
0.0262637
0.0290311
0.0318435
0.0346877
0.0375519
0.040424
0.0432948
0.0461581
0.0490051
0.0518209
0.0545896
0.0572975
0.0599318
0.0624827
0.0649444
0.0673124
0.0695771
0.0717258
0.073747
0.0756308
0.0773666
0.0789439
0.0803559
0.0815999
0.0826748
0.0835792
0.0843131
0.0848775
0.0852716
0.0854896
0.085522
0.0853617
0.0850087
0.0844695
0.0837541
0.0828706
0.0818236
0.080614
0.0792408
0.0777026
0.0760002
0.0741512
0.0721742
0.0698838
0.0671221
0.0124801
0.00954316
0.00710807
0.00501027
0.00304803
0.00123958
-0.000394301
-0.00184848
-0.00312044
-0.00420722
-0.00510943
-0.00582956
-0.00637013
-0.0067312
-0.00691162
-0.00691252
-0.00673656
-0.00638426
-0.00585382
-0.00514489
-0.00426103
-0.00320771
-0.00198901
-0.00060774
0.000931453
0.00261979
0.00444673
0.00640327
0.00848252
0.01068
0.0129916
0.0154103
0.0179265
0.0205293
0.0232079
0.0259539
0.0287585
0.0316082
0.0344883
0.0373871
0.0402948
0.0432039
0.0461081
0.0489963
0.0518516
0.0546577
0.0574023
0.0600745
0.0626647
0.0651662
0.0675724
0.0698727
0.072055
0.0741091
0.0760259
0.0777942
0.0794014
0.0808389
0.082103
0.083193
0.0841085
0.0848501
0.0854182
0.0858102
0.0860185
0.0860331
0.0858476
0.0854632
0.0848868
0.0841271
0.0831896
0.0820765
0.0807877
0.0793231
0.077683
0.075869
0.0738991
0.0717921
0.0693492
0.0664032
0.0127219
0.00960569
0.00702404
0.00480012
0.00272044
0.000805411
-0.000923489
-0.00246037
-0.00380294
-0.00495162
-0.00590676
-0.00667041
-0.00724425
-0.00762933
-0.00782746
-0.00784136
-0.00767228
-0.00731883
-0.00678021
-0.00605926
-0.00516131
-0.00409057
-0.00284933
-0.00144091
0.000127507
0.00184518
0.00370208
0.00569141
0.00780772
0.0100456
0.0123987
0.0148576
0.017413
0.0200561
0.022778
0.0255703
0.0284222
0.0313183
0.0342434
0.0371877
0.0401433
0.0431031
0.0460591
0.0489983
0.0519028
0.0547576
0.0575518
0.0602752
0.0629171
0.0654687
0.0679217
0.0702657
0.0724896
0.074585
0.0765435
0.0783523
0.0799969
0.0814669
0.0827581
0.08387
0.0848026
0.085556
0.0861295
0.0865194
0.0867176
0.0867146
0.0865051
0.0860907
0.0854776
0.0846715
0.0836756
0.0824906
0.0811173
0.0795575
0.077813
0.0758855
0.0737932
0.0715545
0.0689577
0.0658265
0.0127995
0.00950071
0.0067697
0.00441703
0.0022164
0.000191187
-0.00163551
-0.00325843
-0.00467632
-0.00589067
-0.00690151
-0.00770928
-0.00831658
-0.00872744
-0.00894531
-0.00897163
-0.00880583
-0.00844749
-0.00789904
-0.00716516
-0.00624997
-0.00515588
-0.00388567
-0.00244535
-0.000844339
0.00090703
0.00280104
0.00483257
0.00699536
0.00928143
0.011682
0.014188
0.0167917
0.0194864
0.0222633
0.025112
0.0280199
0.0309709
0.0339513
0.0369527
0.0399681
0.0429895
0.046007
0.0490063
0.0519705
0.0548861
0.0577431
0.0605304
0.0632352
0.0658466
0.0683554
0.070752
0.0730271
0.0751733
0.0771821
0.0790394
0.0807289
0.082239
0.0835651
0.0847064
0.0856624
0.086432
0.0870135
0.0874029
0.0875926
0.0875741
0.0873425
0.0868989
0.0862476
0.0853917
0.0843327
0.0830716
0.0816107
0.0799533
0.0781017
0.0760576
0.0738395
0.0714656
0.0687118
0.0653932
0.0127044
0.00921756
0.00633192
0.00384685
0.00152327
-0.000614502
-0.00254239
-0.00425582
-0.00575383
-0.00703559
-0.00810195
-0.00895426
-0.00959697
-0.0100355
-0.0102724
-0.0103077
-0.0101416
-0.00977676
-0.0092176
-0.00846778
-0.00752954
-0.00640573
-0.00510191
-0.00362655
-0.00198883
-0.00019681
0.00174353
0.00382644
0.00604319
0.00838347
0.0108382
0.0133998
0.0160626
0.0188203
0.0216624
0.0245765
0.0275489
0.0305645
0.0336112
0.0366816
0.0397679
0.0428605
0.0459483
0.0490175
0.052053
0.0550423
0.0579752
0.0608384
0.0636166
0.0662976
0.0688723
0.0713322
0.0736696
0.0758771
0.0779452
0.079859
0.0816012
0.0831595
0.0845288
0.0857074
0.0866934
0.0874844
0.088078
0.0884702
0.0886546
0.0886233
0.0883711
0.0878979
0.0872059
0.0862969
0.0851718
0.0838325
0.0822822
0.0805246
0.078562
0.0763965
0.0740475
0.071534
0.0686198
0.0651102
0.012425
0.00874365
0.0056984
0.00307722
0.000627539
-0.00162616
-0.00365922
-0.00546661
-0.00704611
-0.00839619
-0.00951848
-0.0104168
-0.0110965
-0.0115619
-0.0118146
-0.0118555
-0.0116877
-0.0113156
-0.0107429
-0.00997144
-0.00900384
-0.00784579
-0.00650546
-0.00499119
-0.00330996
-0.00146801
0.000527973
0.0026697
0.0049462
0.00734689
0.00986412
0.012492
0.0152252
0.0180561
0.0209723
0.0239602
0.0270067
0.030098
0.0332231
0.036374
0.0395414
0.0427144
0.0458821
0.0490322
0.0521512
0.0552272
0.0582482
0.0611985
0.0640608
0.0668222
0.0694743
0.0720099
0.0744213
0.076701
0.078838
0.0808166
0.0826194
0.0842342
0.085655
0.0868789
0.0879021
0.0887207
0.0893318
0.0897318
0.0899148
0.089873
0.0896009
0.089097
0.0883627
0.0873991
0.0862071
0.0847887
0.083147
0.0812855
0.079207
0.0769147
0.0744293
0.0717716
0.0686931
0.0649875
0.0119467
0.00806573
0.00485647
0.00209477
-0.000486128
-0.00286014
-0.00500097
-0.00690356
-0.00856454
-0.00998395
-0.011164
-0.0121094
-0.0128252
-0.0133147
-0.0135801
-0.0136254
-0.0134552
-0.0130734
-0.0124818
-0.0116826
-0.0106813
-0.0094862
-0.00810551
-0.00654557
-0.0048116
-0.00291039
-0.000851147
0.00135534
0.00369768
0.00616684
0.0087569
0.0114622
0.0142763
0.0171894
0.0201882
0.0232595
0.026391
0.0295702
0.0327858
0.0360282
0.0392865
0.0425498
0.0458084
0.0490515
0.0522667
0.0554413
0.0585614
0.0616092
0.0645665
0.0674206
0.0701635
0.0727877
0.0752854
0.0776477
0.0798628
0.0819148
0.0837866
0.0854663
0.0869473
0.0882248
0.0892927
0.0901459
0.0907806
0.0911934
0.0913787
0.0913286
0.0910372
0.0905026
0.0897261
0.0887088
0.0874504
0.0859518
0.0842155
0.0822457
0.0800466
0.0776226
0.0749963
0.0721899
0.0689419
0.0650339
0.0112562
0.00716928
0.00379034
0.000883275
-0.00183313
-0.00433109
-0.00658147
-0.00857943
-0.0103232
-0.0118133
-0.0130523
-0.0140441
-0.0147934
-0.0153044
-0.0155818
-0.0156309
-0.0154559
-0.0150593
-0.0144432
-0.0136123
-0.0125747
-0.0113388
-0.0099109
-0.0082959
-0.00649974
-0.00453164
-0.00240315
-0.000125676
0.00229065
0.00483849
0.00751241
0.0103056
0.0132096
0.0162136
0.0193045
0.02247
0.0256988
0.0289783
0.0322958
0.0356402
0.0389999
0.0423648
0.0457266
0.0490756
0.0523991
0.0556832
0.0589124
0.0620681
0.0651322
0.0680923
0.0709399
0.0736664
0.0762622
0.0787175
0.0810202
0.0831547
0.0851049
0.0868588
0.0884089
0.0897484
0.0908692
0.0917641
0.0924287
0.0928592
0.0930501
0.0929941
0.0926853
0.0921222
0.0913056
0.0902359
0.088911
0.0873301
0.0854958
0.0834141
0.0810909
0.0785315
0.0757601
0.0727999
0.0693755
0.065257
0.0103402
0.00603939
0.00248385
-0.000573767
-0.00342841
-0.00605202
-0.00841412
-0.0105092
-0.0123376
-0.0138994
-0.0151967
-0.016233
-0.0170138
-0.0175458
-0.0178348
-0.0178856
-0.0177012
-0.0172845
-0.01664
-0.0157749
-0.0146974
-0.0134141
-0.0119297
-0.0102501
-0.0083839
-0.0063428
-0.00413885
-0.00178224
0.00071841
0.00335618
0.00612445
0.00901464
0.0120172
0.0151214
0.0183151
0.0215871
0.0249257
0.0283172
0.0317478
0.0352052
0.0386782
0.0421574
0.0456357
0.0491033
0.0525466
0.0559507
0.0592991
0.0625737
0.0657572
0.0688371
0.0718036
0.0746457
0.0773518
0.0799111
0.0823116
0.084539
0.0865782
0.0884171
0.0900463
0.0914568
0.0926385
0.0935825
0.0942833
0.0947366
0.0949375
0.0948794
0.0945573
0.0939693
0.0931154
0.0919938
0.0906008
0.0889351
0.0870004
0.0848051
0.0823558
0.0796577
0.0767361
0.0736153
0.0700059
0.0656674
0.00918558
0.00466236
0.000923559
-0.00228955
-0.00528578
-0.00803711
-0.0105133
-0.0127087
-0.0146229
-0.0162562
-0.0176105
-0.01869
-0.0195021
-0.0200548
-0.0203534
-0.0204017
-0.0202031
-0.0197627
-0.0190874
-0.0181847
-0.0170608
-0.015721
-0.0141709
-0.012419
-0.0104766
-0.00835615
-0.0060685
-0.00362244
-0.00102616
0.00171231
0.00458449
0.00758057
0.010691
0.0139061
0.0172147
0.0206054
0.0240658
0.0275808
0.0311359
0.0347187
0.0383183
0.041926
0.0455344
0.0491328
0.052707
0.0562416
0.0597206
0.0631266
0.0664431
0.0696568
0.0727557
0.0757263
0.078555
0.0812302
0.0837406
0.0860732
0.0882136
0.0901491
0.0918684
0.0933595
0.0946102
0.0956106
0.0963543
0.0968373
0.0970546
0.0970005
0.0966704
0.0960616
0.0951719
0.0939977
0.0925348
0.090783
0.0887479
0.0864385
0.083861
0.0810197
0.0779409
0.0746511
0.0708475
0.0662776
0.00777997
0.00302621
-0.000902071
-0.00427567
-0.00741829
-0.0103016
-0.0128948
-0.0151928
-0.0171934
-0.0188975
-0.0203082
-0.0214313
-0.0222749
-0.0228462
-0.0231505
-0.0231917
-0.0229756
-0.0225093
-0.0218
-0.0208533
-0.0196742
-0.0182688
-0.0166455
-0.0148154
-0.0127907
-0.0105825
-0.00820063
-0.00565365
-0.00295085
-0.000101887
0.00288345
0.00599518
0.00922449
0.0125625
0.0159981
0.0195195
0.023113
0.0267629
0.0304548
0.0341767
0.0379177
0.0416687
0.0454209
0.0491624
0.0528788
0.0565555
0.0601777
0.0637288
0.0671924
0.0705535
0.0737976
0.076909
0.0798727
0.082677
0.0853111
0.0877626
0.0900174
0.0920617
0.0938817
0.095463
0.0967914
0.097856
0.0986509
0.099172
0.0994144
0.099372
0.0990395
0.0984126
0.0974875
0.0962599
0.0947269
0.09289
0.0907556
0.0883313
0.0856219
0.0826311
0.079387
0.0759194
0.0719116
0.067098
0.00611222
0.00111912
-0.00300528
-0.0065455
-0.0098405
-0.0128606
-0.0155739
-0.0179753
-0.020063
-0.0218384
-0.0233063
-0.0244733
-0.0253468
-0.0259334
-0.0262389
-0.0262698
-0.0260339
-0.0255384
-0.0247889
-0.0237897
-0.0225465
-0.0210681
-0.0193658
-0.0174516
-0.0153365
-0.0130302
-0.0105425
-0.00788339
-0.0050639
-0.00209489
0.00101362
0.00425216
0.00761251
0.0110858
0.0146605
0.0183238
0.0220616
0.0258586
0.0297009
0.0335765
0.0374739
0.0413828
0.0452924
0.0491899
0.0530611
0.056893
0.060672
0.0643824
0.0680067
0.0715282
0.0749299
0.0781944
0.0813062
0.0842536
0.0870263
0.0896115
0.0919942
0.094159
0.0960901
0.0977711
0.0991865
0.100325
0.101181
0.101751
0.102028
0.102005
0.101674
0.101031
0.100071
0.0987913
0.0971902
0.0952705
0.093037
0.090495
0.087648
0.0845001
0.0810826
0.077429
0.0732066
0.0681364
0.00417174
-0.00107201
-0.00540082
-0.00911429
-0.0125678
-0.0157289
-0.018565
-0.0210712
-0.0232479
-0.0250965
-0.0266223
-0.0278316
-0.0287317
-0.0293297
-0.0296336
-0.0296518
-0.0293925
-0.0288615
-0.0280632
-0.0270027
-0.0256883
-0.0241315
-0.0223443
-0.020338
-0.0181223
-0.0157065
-0.0131018
-0.0103203
-0.00737423
-0.00427473
-0.00103157
0.0023461
0.00584997
0.00947052
0.0131956
0.0170119
0.0209058
0.0248631
0.0288702
0.0329145
0.0369831
0.0410639
0.0451446
0.0492118
0.0532522
0.057254
0.0612048
0.0650885
0.068887
0.0725816
0.0761535
0.0795843
0.0828585
0.0859643
0.0888909
0.0916247
0.0941489
0.096446
0.0984988
0.10029
0.101803
0.103028
0.103957
0.104587
0.104908
0.104911
0.104586
0.10393
0.102937
0.101608
0.0999427
0.0979414
0.0956066
0.0929417
0.0899504
0.0866383
0.0830401
0.0791923
0.0747444
0.0694038
0.00194608
-0.00356146
-0.00810474
-0.011998
-0.0156152
-0.0189219
-0.0218841
-0.0244985
-0.0267665
-0.0286898
-0.0302727
-0.0315215
-0.0324445
-0.0330513
-0.0333512
-0.033353
-0.0330637
-0.0324885
-0.0316325
-0.0305034
-0.0291122
-0.0274713
-0.0255917
-0.0234832
-0.0211555
-0.0186194
-0.0158878
-0.0129741
-0.00989112
-0.00664949
-0.00325904
0.000270496
0.00392996
0.00770913
0.0115956
0.0155766
0.0196395
0.0237709
0.0279575
0.0321852
0.0364392
0.0407057
0.0449717
0.0492238
0.0534494
0.0576376
0.0617758
0.0658475
0.0698337
0.0737146
0.0774705
0.0810824
0.0845348
0.0878153
0.0909119
0.0938089
0.096488
0.0989298
0.101116
0.103029
0.104654
0.105978
0.106995
0.107695
0.10807
0.108105
0.107792
0.107126
0.106107
0.104735
0.103008
0.100923
0.098483
0.0956898
0.0925483
0.0890656
0.0852796
0.0812288
0.076544
0.0709171
-0.000579993
-0.00636485
-0.0111331
-0.0152136
-0.0189998
-0.0224578
-0.0255512
-0.0282777
-0.0306387
-0.0326362
-0.0342743
-0.0355599
-0.0365038
-0.0371169
-0.0374088
-0.0373875
-0.0370594
-0.0364309
-0.0355098
-0.0343063
-0.0328325
-0.0310996
-0.0291174
-0.0268957
-0.0244453
-0.0217791
-0.0189111
-0.0158552
-0.0126238
-0.00922755
-0.00567698
-0.00198317
0.00184358
0.00579273
0.00985242
0.0140108
0.0182562
0.0225759
0.0269561
0.0313812
0.0358346
0.0403013
0.0447678
0.0492211
0.0536492
0.0580409
0.0623827
0.0666576
0.0708459
0.0749276
0.0788827
0.0826922
0.0863399
0.089812
0.0930943
0.0961692
0.0990167
0.101617
0.10395
0.106
0.107751
0.10919
0.110307
0.11109
0.111526
0.111602
0.111308
0.110642
0.109604
0.108193
0.106405
0.104236
0.101686
0.0987599
0.0954638
0.091805
0.0878235
0.0835602
0.0786261
0.0726946
-0.00342367
-0.00949979
-0.0145039
-0.0187806
-0.0227434
-0.0263587
-0.0295888
-0.0324304
-0.0348848
-0.0369551
-0.0386466
-0.0399678
-0.0409305
-0.0415458
-0.0418229
-0.0417695
-0.0413935
-0.0407042
-0.0397119
-0.0384278
-0.0368629
-0.0350276
-0.0329314
-0.0305855
-0.0280027
-0.025197
-0.0221826
-0.0189731
-0.0155808
-0.0120171
-0.008294
-0.004424
-0.000418212
0.00371307
0.00795899
0.0123086
0.0167506
0.0212725
0.0258596
0.0304953
0.0351619
0.0398438
0.044527
0.0491987
0.0538467
0.058459
0.063021
0.0675148
0.0719208
0.0762193
0.0803904
0.0844149
0.0882753
0.0919557
0.0954395
0.0987071
0.101738
0.104511
0.107007
0.10921
0.111103
0.112672
0.113902
0.114779
0.115287
0.115413
0.115149
0.114493
0.113444
0.111999
0.110149
0.107893
0.105232
0.102172
0.098717
0.0948762
0.0906911
0.0862052
0.0810068
0.0747511
-0.00660443
-0.012987
-0.0182393
-0.0227225
-0.0268711
-0.0306495
-0.0340199
-0.0369782
-0.0395263
-0.0416688
-0.0434129
-0.0447682
-0.0457459
-0.0463566
-0.04661
-0.0465156
-0.0460843
-0.0453276
-0.044257
-0.0428831
-0.0412159
-0.0392658
-0.0370441
-0.034564
-0.0318393
-0.028884
-0.0257116
-0.0223359
-0.0187697
-0.0150261
-0.0111184
-0.0070603
-0.002863
0.00146375
0.00590998
0.0104652
0.015118
0.0198554
0.0246622
0.0295213
0.034415
0.0393274
0.044244
0.0491513
0.0540364
0.0588861
0.0636848
0.0684141
0.0730548
0.0775876
0.0819927
0.0862501
0.0903408
0.0942465
0.0979481
0.101424
0.104654
0.107618
0.110295
0.112669
0.11472
0.116433
0.117788
0.118771
0.119363
0.119553
0.119333
0.118698
0.117645
0.116167
0.114259
0.111917
0.109145
0.105947
0.10233
0.0982999
0.0939023
0.0891822
0.0837022
0.0771009
-0.0101447
-0.0168507
-0.0223645
-0.027065
-0.0314075
-0.0353546
-0.0388676
-0.0419442
-0.0445875
-0.0468029
-0.0485987
-0.0499846
-0.0509709
-0.0515688
-0.0517901
-0.0516474
-0.0511538
-0.0503221
-0.0491631
-0.0476869
-0.0459041
-0.0438269
-0.0414687
-0.038844
-0.0359667
-0.0328498
-0.0295067
-0.0259515
-0.0221989
-0.0182631
-0.0141588
-0.00989985
-0.00549728
-0.000960527
0.00370076
0.00847602
0.0133534
0.0183193
0.0233586
0.0284544
0.0335894
0.0387477
0.0439141
0.0490739
0.0542128
0.0593165
0.0643687
0.0693512
0.074245
0.079031
0.083689
0.0881979
0.092537
0.0966858
0.100623
0.104327
0.107776
0.110949
0.113827
0.116389
0.118616
0.120487
0.121983
0.123086
0.123778
0.124048
0.123883
0.123279
0.122228
0.120724
0.118759
0.116335
0.113452
0.110115
0.106329
0.102102
0.0974816
0.0925133
0.0867332
0.0797615
-0.0140686
-0.021117
-0.0269058
-0.031833
-0.0363768
-0.0404982
-0.0441575
-0.0473553
-0.0500958
-0.0523845
-0.0542292
-0.0556397
-0.0566271
-0.0572047
-0.0573871
-0.0571891
-0.0566251
-0.0557073
-0.0544465
-0.0528538
-0.050942
-0.0487257
-0.0462198
-0.0434388
-0.0403959
-0.0371038
-0.0335763
-0.0298287
-0.0258772
-0.0217372
-0.0174235
-0.0129497
-0.0083269
-0.00356476
0.00132655
0.00633593
0.0114512
0.0166588
0.021944
0.0272904
0.0326814
0.0381007
0.0435326
0.0489609
0.05437
0.0597446
0.0650678
0.0703219
0.0754881
0.080547
0.0854775
0.090257
0.0948633
0.0992744
0.103468
0.10742
0.111109
0.114514
0.117613
0.120384
0.122803
0.124849
0.126503
0.127744
0.128554
0.128918
0.128824
0.12826
0.127219
0.125695
0.123682
0.121179
0.118185
0.114705
0.110744
0.106311
0.101455
0.0962222
0.0901227
0.0827532
-0.0183997
-0.0258109
-0.0318888
-0.0370515
-0.0418044
-0.046107
-0.0499185
-0.0532409
-0.0560795
-0.0584395
-0.0603283
-0.0617568
-0.0627387
-0.0632897
-0.0634263
-0.0631644
-0.0625181
-0.0615001
-0.0601224
-0.0583989
-0.0563453
-0.0539777
-0.0513114
-0.0483603
-0.0451371
-0.0416551
-0.0379293
-0.0339767
-0.0298139
-0.0254567
-0.0209197
-0.0162163
-0.0113577
-0.0063548
-0.00121876
0.00403856
0.00940498
0.0148677
0.0204128
0.0260244
0.0316861
0.0373813
0.0430933
0.0488052
0.0545004
0.0601627
0.0657752
0.0713198
0.0767779
0.0821294
0.0873519
0.0924218
0.0973154
0.10201
0.106481
0.110705
0.114659
0.118318
0.12166
0.124659
0.127291
0.129533
0.131364
0.132763
0.13371
0.134185
0.134173
0.133662
0.132643
0.13111
0.129056
0.126476
0.12337
0.119742
0.1156
0.110951
0.105846
0.100333
0.0938927
0.0860978
-0.0231626
-0.0309577
-0.0373402
-0.0427494
-0.0477205
-0.0522121
-0.0561817
-0.059631
-0.0625665
-0.0649938
-0.0669216
-0.0683627
-0.0693333
-0.069851
-0.0699327
-0.0695944
-0.0688512
-0.0677174
-0.0662083
-0.0643406
-0.0621321
-0.0595995
-0.0567577
-0.0536203
-0.0502009
-0.0465142
-0.0425766
-0.0384059
-0.0340187
-0.0294301
-0.0246548
-0.0197063
-0.0145969
-0.00933853
-0.00394356
0.00157555
0.00720694
0.0129388
0.0187581
0.0246496
0.0305967
0.036582
0.0425883
0.0485983
0.0545951
0.0605621
0.0664818
0.072336
0.0781052
0.0837686
0.089303
0.0946838
0.0998863
0.104886
0.10966
0.114181
0.118423
0.122362
0.12597
0.129221
0.132089
0.134551
0.136583
0.138162
0.139264
0.139868
0.139955
0.139512
0.138531
0.137001
0.134911
0.132256
0.129037
0.12526
0.120929
0.116054
0.110686
0.104876
0.098072
0.0898232
-0.0283851
-0.0365866
-0.043291
-0.0489604
-0.0541596
-0.0588473
-0.062979
-0.0665561
-0.069586
-0.0720767
-0.074039
-0.0754878
-0.0764403
-0.0769147
-0.0769287
-0.0764992
-0.0756435
-0.0743793
-0.072725
-0.0706996
-0.0683215
-0.0656075
-0.0625725
-0.0592316
-0.0556
-0.0516939
-0.0475306
-0.0431277
-0.0385013
-0.033666
-0.0286366
-0.0234277
-0.018053
-0.0125252
-0.00685746
-0.00106232
0.00484872
0.0108646
0.0169731
0.023159
0.0294056
0.035695
0.0420096
0.0483322
0.0546463
0.0609348
0.0671799
0.0733624
0.0794618
0.0854566
0.091323
0.0970361
0.102571
0.107901
0.113002
0.117846
0.122405
0.126649
0.13055
0.13408
0.137212
0.139919
0.142178
0.14396
0.145241
0.145994
0.1462
0.145845
0.144917
0.1434
0.141283
0.138558
0.135228
0.131299
0.126774
0.121661
0.116016
0.109891
0.1027
0.0939648
-0.0341012
-0.0427325
-0.049777
-0.0557207
-0.0611581
-0.0660476
-0.0703435
-0.0740483
-0.0771708
-0.0797215
-0.0817138
-0.0831633
-0.0840874
-0.0845053
-0.0844363
-0.0839001
-0.0829172
-0.0815086
-0.0796949
-0.077496
-0.0749308
-0.0720165
-0.0687699
-0.0652081
-0.0613484
-0.0572077
-0.0528034
-0.0481527
-0.0432709
-0.0381725
-0.0328731
-0.0273889
-0.0217345
-0.0159236
-0.00996894
-0.00388284
0.00232345
0.0086391
0.0150519
0.0215469
0.0281069
0.0347143
0.0413517
0.0480022
0.0546495
0.0612766
0.0678647
0.0743938
0.0808426
0.0871886
0.0934078
0.0994754
0.105366
0.111053
0.116508
0.121702
0.126604
0.131182
0.135405
0.139244
0.142669
0.145653
0.148166
0.150178
0.151661
0.152589
0.152939
0.152693
0.151834
0.150343
0.148207
0.14542
0.141983
0.137901
0.133176
0.127816
0.121879
0.115421
0.107818
0.0985614
-0.0403498
-0.0494355
-0.056838
-0.0630688
-0.0687541
-0.0738507
-0.0783127
-0.0821455
-0.0853593
-0.0879663
-0.0899811
-0.0914203
-0.0923023
-0.0926482
-0.0924806
-0.0918227
-0.0906981
-0.0891299
-0.0871398
-0.0847487
-0.0819763
-0.078842
-0.0753651
-0.0715652
-0.0674609
-0.063069
-0.0584065
-0.05349
-0.0483352
-0.0429571
-0.0373723
-0.0315978
-0.0256495
-0.0195408
-0.0132842
-0.00689136
-0.000373652
0.00625777
0.0129903
0.019809
0.0266969
0.0336367
0.0406117
0.0476058
0.0546028
0.0615852
0.0685338
0.0754276
0.0822446
0.0889619
0.0955554
0.102
0.108271
0.11434
0.120176
0.125747
0.131021
0.135963
0.14054
0.14472
0.148471
0.151762
0.154559
0.156831
0.158547
0.159677
0.160197
0.160082
0.15931
0.15786
0.155719
0.15288
0.149343
0.145109
0.14018
0.134563
0.128321
0.12151
0.113468
0.103655
-0.0471715
-0.056738
-0.0645165
-0.0710463
-0.0769892
-0.0822993
-0.0869307
-0.0908913
-0.0941935
-0.0968498
-0.098876
-0.100291
-0.101115
-0.101373
-0.101092
-0.100297
-0.0990139
-0.0972675
-0.0950804
-0.0924752
-0.0894744
-0.0861002
-0.0823745
-0.0783186
-0.0739513
-0.0692892
-0.0643487
-0.0591471
-0.0537011
-0.0480267
-0.0421411
-0.0360617
-0.0298042
-0.0233822
-0.0168075
-0.0100918
-0.00324662
0.00371635
0.0107839
0.0179411
0.0251714
0.0324586
0.0397867
0.0471404
0.0545036
0.0618584
0.0691847
0.0764612
0.0836656
0.0907747
0.0977647
0.104611
0.111286
0.117762
0.124005
0.129983
0.135658
0.140997
0.145961
0.150516
0.154627
0.158258
0.161374
0.16394
0.165922
0.167287
0.168004
0.168043
0.167378
0.16599
0.163862
0.160985
0.157354
0.15297
0.147834
0.141953
0.13539
0.128207
0.119698
0.109292
-0.0546091
-0.0646848
-0.0728589
-0.0797009
-0.0859112
-0.091442
-0.0962455
-0.100332
-0.103716
-0.10641
-0.108434
-0.109809
-0.11056
-0.110715
-0.110302
-0.109352
-0.10789
-0.105942
-0.103535
-0.100692
-0.0974416
-0.0938074
-0.0898134
-0.0854813
-0.08083
-0.0758763
-0.070637
-0.0651306
-0.059375
-0.0533877
-0.0471859
-0.0407864
-0.0342041
-0.0274525
-0.0205435
-0.013489
-0.0063008
0.0010087
0.00842614
0.0159366
0.0235245
0.0311744
0.0388715
0.0466009
0.0543469
0.062091
0.0698128
0.0774905
0.085102
0.0926243
0.100033
0.107304
0.114409
0.121318
0.127998
0.134411
0.14052
0.146288
0.151674
0.15664
0.161147
0.165156
0.168629
0.171528
0.173813
0.175445
0.176389
0.17661
0.176081
0.17478
0.172686
0.169785
0.166071
0.161542
0.156198
0.150043
0.143146
0.13557
0.126566
0.115528
-0.0627095
-0.0733255
-0.0819176
-0.0890867
-0.095574
-0.101331
-0.106307
-0.110514
-0.113969
-0.116689
-0.118696
-0.120015
-0.120676
-0.120708
-0.120145
-0.119015
-0.117348
-0.115174
-0.112521
-0.109418
-0.105895
-0.101979
-0.0976948
-0.0930634
-0.0881047
-0.0828365
-0.0772772
-0.0714466
-0.0653639
-0.0590469
-0.0525126
-0.0457768
-0.0388536
-0.0317562
-0.0244971
-0.0170886
-0.00954308
-0.00187295
0.00590858
0.0137872
0.0217478
0.0297759
0.0378576
0.0459789
0.054124
0.0622745
0.0704097
0.0785078
0.0865469
0.0945041
0.102356
0.110076
0.117637
0.125006
0.13215
0.13903
0.145607
0.151839
0.157684
0.163099
0.168042
0.172471
0.176344
0.179616
0.182242
0.184179
0.185384
0.185822
0.185462
0.184276
0.18224
0.179334
0.17555
0.170883
0.16533
0.158895
0.15165
0.143662
0.134136
0.122424
-0.0715276
-0.0827167
-0.0917508
-0.0992625
-0.106036
-0.112022
-0.117168
-0.121489
-0.125004
-0.127735
-0.129709
-0.130955
-0.131505
-0.131393
-0.130651
-0.129314
-0.127414
-0.124985
-0.12206
-0.118672
-0.114853
-0.11063
-0.10603
-0.101073
-0.095782
-0.0901758
-0.0842752
-0.0781012
-0.0716733
-0.065009
-0.0581246
-0.0510353
-0.0437549
-0.0362962
-0.0286723
-0.0208959
-0.0129796
-0.00493561
0.00322359
0.0114844
0.0198325
0.0282539
0.0367355
0.0452639
0.0538239
0.0623976
0.0709643
0.0795026
0.0879903
0.096405
0.104723
0.112918
0.120961
0.12882
0.136459
0.143839
0.150918
0.157651
0.163993
0.169899
0.175322
0.180217
0.184534
0.188224
0.191234
0.193516
0.195025
0.195721
0.195567
0.19453
0.192577
0.189689
0.185851
0.181055
0.175296
0.168576
0.160971
0.152552
0.142473
0.130047
-0.0811248
-0.0929207
-0.10242
-0.110289
-0.117357
-0.123573
-0.128885
-0.13331
-0.136874
-0.139602
-0.141526
-0.142677
-0.143091
-0.142803
-0.141853
-0.140276
-0.138113
-0.1354
-0.132175
-0.128474
-0.124329
-0.119771
-0.114825
-0.109516
-0.103866
-0.0978984
-0.0916347
-0.085097
-0.0783044
-0.0712737
-0.0640206
-0.05656
-0.048906
-0.0410716
-0.0330696
-0.0249127
-0.0166132
-0.00818266
0.00036707
0.00902325
0.0177724
0.0266011
0.0354969
0.0444471
0.0534373
0.0624504
0.0714667
0.0804648
0.0894227
0.0983178
0.107126
0.115822
0.124377
0.132756
0.140922
0.148836
0.156453
0.163727
0.170609
0.177052
0.183003
0.188412
0.193222
0.197377
0.20082
0.203496
0.205356
0.206356
0.20645
0.205596
0.20376
0.200915
0.197044
0.192132
0.186171
0.179163
0.171187
0.16232
0.151657
0.138472
-0.0915667
-0.104004
-0.113992
-0.122232
-0.129601
-0.136048
-0.141521
-0.146043
-0.149641
-0.152349
-0.154198
-0.155226
-0.155472
-0.154976
-0.153782
-0.151933
-0.149472
-0.146443
-0.142886
-0.138838
-0.134335
-0.129408
-0.124086
-0.118394
-0.11236
-0.106006
-0.0993561
-0.0924323
-0.0852535
-0.0778358
-0.0701947
-0.0623452
-0.0543019
-0.046078
-0.0376855
-0.0291363
-0.0204417
-0.0116127
-0.00266025
0.00640348
0.0155657
0.0248141
0.034137
0.0435227
0.0529578
0.0624262
0.0719093
0.0813865
0.0908359
0.100235
0.109559
0.118783
0.127877
0.136807
0.145535
0.15402
0.162215
0.170072
0.177541
0.184568
0.191098
0.197072
0.202427
0.2071
0.211029
0.214155
0.216422
0.217775
0.218162
0.217535
0.215853
0.213084
0.209202
0.20419
0.198036
0.190739
0.182384
0.173049
0.161773
0.147781
-0.102922
-0.116038
-0.126538
-0.135163
-0.142841
-0.14952
-0.15515
-0.159756
-0.163372
-0.166034
-0.167779
-0.16865
-0.168692
-0.16795
-0.166476
-0.164317
-0.161523
-0.15814
-0.154211
-0.149779
-0.14488
-0.139548
-0.133815
-0.127711
-0.121264
-0.114497
-0.107436
-0.100101
-0.0925128
-0.0846864
-0.0766378
-0.0683823
-0.0599345
-0.0513074
-0.0425123
-0.0335593
-0.0244585
-0.0152197
-0.00585351
0.00362856
0.0132145
0.0228931
0.0326542
0.0424875
0.0523811
0.06232
0.0722865
0.082261
0.0922223
0.102148
0.112013
0.121792
0.131456
0.14097
0.150294
0.159387
0.168202
0.176689
0.184792
0.192456
0.199617
0.206211
0.212167
0.217418
0.221895
0.225532
0.228265
0.230027
0.23076
0.230409
0.228925
0.226268
0.222404
0.217313
0.210977
0.203396
0.194653
0.184833
0.172912
0.158064
-0.115266
-0.129102
-0.140141
-0.149166
-0.157161
-0.164073
-0.16985
-0.174524
-0.178134
-0.18072
-0.182326
-0.183002
-0.1828
-0.181772
-0.179975
-0.177464
-0.174293
-0.170511
-0.166168
-0.161307
-0.15597
-0.150195
-0.144016
-0.137467
-0.130576
-0.123368
-0.115867
-0.108095
-0.100072
-0.0918143
-0.0833388
-0.0746604
-0.0657931
-0.0567493
-0.0475388
-0.0381705
-0.0286527
-0.0189942
-0.00920474
0.000704819
0.0107233
0.020841
0.0310496
0.041341
0.0517049
0.0621278
0.0725931
0.0830821
0.0935742
0.104047
0.114478
0.124839
0.135103
0.145233
0.155191
0.164934
0.174413
0.183577
0.192366
0.200719
0.208568
0.215841
0.222462
0.228357
0.23345
0.237666
0.240929
0.243164
0.244305
0.244287
0.243051
0.240549
0.236739
0.231596
0.225097
0.217236
0.208101
0.197779
0.185176
0.169422
-0.128681
-0.143284
-0.154893
-0.164335
-0.172654
-0.179796
-0.185708
-0.190427
-0.194
-0.196474
-0.197902
-0.198341
-0.19785
-0.196489
-0.194321
-0.191407
-0.187807
-0.183576
-0.178767
-0.17343
-0.167611
-0.161352
-0.154691
-0.14766
-0.140291
-0.132608
-0.124637
-0.1164
-0.107917
-0.0992059
-0.0902839
-0.0811655
-0.0718636
-0.062389
-0.0527504
-0.0429551
-0.0330102
-0.0229231
-0.0127025
-0.00235822
0.00809998
0.0186641
0.0293281
0.0400863
0.0509304
0.0618488
0.072826
0.0838446
0.094885
0.105926
0.116944
0.127915
0.138808
0.149589
0.160218
0.170652
0.180842
0.190732
0.200261
0.20936
0.217956
0.225973
0.233329
0.239942
0.245725
0.250594
0.25446
0.257241
0.25886
0.259241
0.258313
0.256017
0.252306
0.247145
0.240505
0.232373
0.222842
0.212
0.198682
0.181964
-0.143266
-0.158687
-0.170899
-0.180774
-0.18942
-0.196784
-0.202813
-0.207551
-0.211052
-0.213374
-0.214578
-0.214729
-0.213896
-0.212146
-0.209548
-0.206173
-0.202085
-0.197348
-0.192019
-0.186156
-0.179808
-0.17302
-0.165833
-0.158281
-0.150395
-0.142203
-0.13373
-0.124999
-0.116031
-0.106845
-0.0974572
-0.0878808
-0.0781282
-0.0682084
-0.0581287
-0.0478951
-0.0375134
-0.0269898
-0.0163317
-0.00554712
0.00535626
0.0163728
0.0274988
0.038731
0.0500634
0.0614863
0.0729862
0.0845471
0.0961511
0.107778
0.119406
0.13101
0.142562
0.154027
0.165365
0.176533
0.187481
0.198148
0.20847
0.218374
0.227784
0.236617
0.244783
0.252192
0.258746
0.264349
0.268903
0.272315
0.274493
0.275347
0.274795
0.272769
0.269209
0.264072
0.257318
0.24893
0.239001
0.227624
0.213555
0.195811
-0.159127
-0.175421
-0.188271
-0.198596
-0.207571
-0.215147
-0.221271
-0.225994
-0.229383
-0.231505
-0.23243
-0.232235
-0.230995
-0.228788
-0.225693
-0.221788
-0.217147
-0.21184
-0.205933
-0.199487
-0.192557
-0.185191
-0.177431
-0.169314
-0.160873
-0.152135
-0.143127
-0.133874
-0.124397
-0.114713
-0.104839
-0.0947858
-0.0845657
-0.0741861
-0.0636527
-0.0529702
-0.042143
-0.0311761
-0.020075
-0.00884553
0.00250734
0.0139809
0.0255742
0.0372862
0.0491131
0.0610474
0.0730782
0.0851917
0.097372
0.109601
0.121858
0.13412
0.146358
0.15854
0.170625
0.18257
0.19432
0.205816
0.216989
0.227763
0.238057
0.247782
0.25684
0.26513
0.272544
0.278973
0.284311
0.288447
0.291274
0.292688
0.292595
0.290912
0.287567
0.282502
0.27567
0.267045
0.256722
0.244793
0.229933
0.2111
-0.176384
-0.193611
-0.207136
-0.217926
-0.227233
-0.235006
-0.241198
-0.245869
-0.249097
-0.250959
-0.251539
-0.250923
-0.2492
-0.246458
-0.242788
-0.238277
-0.23301
-0.227064
-0.220513
-0.213422
-0.205851
-0.197851
-0.189467
-0.180738
-0.171698
-0.162377
-0.152803
-0.142999
-0.132987
-0.122784
-0.112402
-0.101855
-0.0911508
-0.0802975
-0.0692991
-0.0581586
-0.0468789
-0.035463
-0.0239143
-0.0122362
-0.000430377
0.0115035
0.0235677
0.0357632
0.0480886
0.0605391
0.0731067
0.0857806
0.0985478
0.111392
0.124296
0.137237
0.150189
0.163119
0.175987
0.188749
0.20135
0.213728
0.225812
0.237523
0.248776
0.259474
0.269511
0.278774
0.287147
0.294509
0.300735
0.305701
0.309281
0.311358
0.31182
0.310566
0.30751
0.302578
0.295712
0.286875
0.276163
0.263669
0.247976
0.227982
-0.195167
-0.213396
-0.227635
-0.238909
-0.248546
-0.2565
-0.262726
-0.267297
-0.270301
-0.271831
-0.271983
-0.270859
-0.268563
-0.265195
-0.260861
-0.25566
-0.249685
-0.243023
-0.235753
-0.227947
-0.21967
-0.210975
-0.201912
-0.192521
-0.182839
-0.172898
-0.162724
-0.152341
-0.141769
-0.131023
-0.120115
-0.109056
-0.0978534
-0.0865142
-0.0750413
-0.0634359
-0.0516986
-0.0398299
-0.0278306
-0.015701
-0.00343999
0.00895615
0.0214924
0.0341726
0.0469981
0.0599671
0.073075
0.0863151
0.0996774
0.113149
0.126715
0.140355
0.154044
0.167751
0.181437
0.195057
0.208555
0.221869
0.234926
0.247646
0.259936
0.271693
0.282803
0.293143
0.302585
0.310993
0.318227
0.324142
0.328596
0.331454
0.332582
0.331859
0.32918
0.324454
0.317609
0.308594
0.297502
0.28443
0.267862
0.246628
-0.215624
-0.234934
-0.249934
-0.261709
-0.271675
-0.279786
-0.286002
-0.290409
-0.293112
-0.294219
-0.293845
-0.292112
-0.289137
-0.285042
-0.279944
-0.273954
-0.267178
-0.259711
-0.251639
-0.24304
-0.233984
-0.224529
-0.214729
-0.204625
-0.194257
-0.183656
-0.172849
-0.161857
-0.150699
-0.139388
-0.127935
-0.116349
-0.104637
-0.0928025
-0.0808481
-0.068773
-0.0565752
-0.0442519
-0.0318007
-0.0192187
-0.00650179
0.0063565
0.019364
0.0325277
0.0458521
0.0593395
0.0729893
0.086799
0.100763
0.114871
0.129111
0.143466
0.157915
0.172425
0.186961
0.201477
0.21592
0.230226
0.244321
0.258123
0.271533
0.284441
0.296726
0.308255
0.318886
0.328468
0.336841
0.343842
0.349309
0.353083
0.355006
0.354934
0.352738
0.348308
0.34155
0.332399
0.320945
0.307282
0.289792
0.267232
-0.237924
-0.258406
-0.274219
-0.286513
-0.2968
-0.305034
-0.311182
-0.315347
-0.317653
-0.318229
-0.317215
-0.314753
-0.310982
-0.30604
-0.300061
-0.293172
-0.285489
-0.277115
-0.268147
-0.258669
-0.248757
-0.238473
-0.227874
-0.217004
-0.205903
-0.194601
-0.183124
-0.171493
-0.159724
-0.147828
-0.135814
-0.123689
-0.111458
-0.099122
-0.0866821
-0.0741349
-0.0614754
-0.0486976
-0.0357953
-0.0227623
-0.00959161
0.00372604
0.0172014
0.0308449
0.0446652
0.0586687
0.0728597
0.0872401
0.101808
0.116559
0.131483
0.146568
0.161793
0.177131
0.192547
0.207997
0.223431
0.238784
0.253983
0.268941
0.283557
0.297715
0.311284
0.324124
0.336076
0.346972
0.356633
0.364875
0.371514
0.37636
0.379228
0.379948
0.378362
0.374335
0.367747
0.358513
0.34672
0.332459
0.313996
0.290014
-0.262258
-0.28402
-0.300707
-0.313536
-0.324127
-0.332438
-0.338443
-0.342267
-0.344061
-0.34398
-0.342191
-0.338861
-0.334153
-0.328226
-0.321234
-0.313317
-0.304604
-0.295212
-0.285244
-0.274794
-0.263943
-0.252757
-0.241294
-0.229601
-0.217717
-0.205671
-0.193489
-0.181189
-0.168784
-0.156285
-0.143696
-0.131022
-0.118265
-0.105425
-0.0924989
-0.0794802
-0.0663605
-0.0531305
-0.0397804
-0.0263011
-0.0126823
0.00108828
0.015025
0.0291421
0.0434527
0.0579679
0.0726967
0.087646
0.102819
0.118215
0.133829
0.149652
0.165669
0.181855
0.198178
0.214598
0.231067
0.247523
0.263891
0.280083
0.295995
0.311506
0.326479
0.340759
0.354175
0.36654
0.377657
0.387318
0.395306
0.401404
0.405395
0.407073
0.406249
0.402753
0.396437
0.387191
0.375091
0.360226
0.340737
0.315222
-0.28885
-0.312015
-0.329642
-0.34302
-0.353888
-0.362214
-0.367982
-0.371346
-0.372489
-0.371599
-0.368875
-0.364512
-0.358704
-0.351631
-0.343469
-0.334377
-0.324499
-0.313964
-0.302885
-0.291363
-0.279484
-0.267318
-0.254923
-0.242347
-0.229627
-0.216794
-0.203871
-0.190873
-0.177811
-0.164691
-0.151517
-0.138287
-0.125001
-0.111657
-0.098247
-0.0847607
-0.0711858
-0.0575094
-0.0437188
-0.0298016
-0.0157444
-0.0015311
0.012857
0.0274385
0.042231
0.0572504
0.0725106
0.0880233
0.103797
0.119837
0.136143
0.152711
0.16953
0.186581
0.203835
0.221259
0.238806
0.256417
0.27402
0.291524
0.308826
0.325799
0.342298
0.35816
0.373196
0.387204
0.399964
0.41124
0.420784
0.428342
0.433662
0.436497
0.436616
0.433807
0.427888
0.418718
0.406358
0.39089
0.370315
0.343144
-0.317956
-0.342668
-0.361308
-0.375245
-0.386353
-0.394612
-0.400026
-0.402784
-0.403107
-0.401223
-0.39737
-0.391779
-0.384676
-0.37627
-0.36676
-0.356327
-0.345133
-0.333319
-0.321008
-0.308307
-0.295306
-0.282077
-0.268678
-0.255156
-0.241549
-0.227886
-0.214187
-0.200464
-0.186726
-0.172974
-0.159205
-0.145416
-0.131602
-0.117756
-0.103868
-0.0899211
-0.0758999
-0.0617876
-0.0475682
-0.0332262
-0.0187443
-0.00410188
0.0107244
0.0257578
0.0410204
0.0565326
0.0723135
0.0883801
0.104747
0.121425
0.13842
0.155735
0.173363
0.191291
0.209497
0.227954
0.246619
0.265437
0.284337
0.303233
0.32202
0.340567
0.358725
0.376317
0.393145
0.408987
0.423598
0.436712
0.448045
0.457307
0.464198
0.468423
0.469701
0.467772
0.462408
0.453425
0.440867
0.424803
0.403079
0.374109
-0.349877
-0.376304
-0.39604
-0.410542
-0.421837
-0.429925
-0.434836
-0.436802
-0.436096
-0.432994
-0.427778
-0.420725
-0.412098
-0.402142
-0.391082
-0.379124
-0.366447
-0.353206
-0.339533
-0.325538
-0.311314
-0.296935
-0.282459
-0.26793
-0.253386
-0.238852
-0.224346
-0.209877
-0.195446
-0.18105
-0.166683
-0.152335
-0.137996
-0.123655
-0.109297
-0.0949004
-0.0804459
-0.0659129
-0.0512817
-0.0365325
-0.0216436
-0.00658911
0.00865888
0.024128
0.0398445
0.0558337
0.0721198
0.0887262
0.105674
0.12298
0.140658
0.158715
0.177153
0.195966
0.21514
0.234654
0.254471
0.274543
0.294804
0.31517
0.335537
0.355774
0.375726
0.39521
0.414015
0.4319
0.448593
0.463795
0.477189
0.488434
0.497179
0.503072
0.50577
0.504956
0.50034
0.491689
0.479018
0.462376
0.439432
0.408497
-0.38497
-0.413315
-0.434239
-0.449305
-0.460714
-0.468491
-0.472706
-0.473649
-0.471652
-0.467054
-0.460194
-0.451402
-0.440987
-0.429231
-0.416394
-0.402705
-0.388362
-0.373532
-0.358355
-0.342945
-0.327394
-0.311777
-0.296149
-0.280555
-0.265027
-0.249588
-0.234249
-0.219014
-0.203878
-0.188833
-0.173866
-0.158963
-0.144107
-0.129282
-0.114466
-0.0996358
-0.0847659
-0.0698322
-0.0548105
-0.039676
-0.0244014
-0.00895595
0.00669298
0.0225769
0.0387263
0.0551714
0.0719426
0.0890701
0.106582
0.124501
0.142847
0.161637
0.180881
0.200581
0.220732
0.241322
0.262323
0.283691
0.30537
0.327281
0.349323
0.371368
0.393258
0.414805
0.435786
0.45594
0.474971
0.492547
0.508307
0.521859
0.532791
0.540682
0.545118
0.545707
0.542084
0.533951
0.521278
0.504089
0.479851
0.446757
-0.423662
-0.454168
-0.476389
-0.492004
-0.503419
-0.510702
-0.513972
-0.513594
-0.509981
-0.503548
-0.494707
-0.483849
-0.471336
-0.457497
-0.442625
-0.426976
-0.410766
-0.394172
-0.37734
-0.360387
-0.343403
-0.326461
-0.309614
-0.292901
-0.27635
-0.259977
-0.243785
-0.227771
-0.211924
-0.19623
-0.180668
-0.165217
-0.149857
-0.134563
-0.119308
-0.104064
-0.0888021
-0.0734924
-0.0581057
-0.0426112
-0.0269764
-0.0111654
0.00485848
0.0211307
0.0376862
0.0545611
0.0717924
0.089417
0.107469
0.12598
0.144976
0.164484
0.184522
0.205105
0.226237
0.247915
0.270121
0.292823
0.315972
0.3395
0.363311
0.387282
0.411258
0.435046
0.458414
0.481085
0.502737
0.523006
0.541483
0.557716
0.571226
0.58151
0.588071
0.590419
0.588098
0.580719
0.568197
0.550513
0.524897
0.489415
-0.466466
-0.49943
-0.523069
-0.539197
-0.550469
-0.557008
-0.559007
-0.556933
-0.5513
-0.54262
-0.531392
-0.518082
-0.503114
-0.486866
-0.469671
-0.451809
-0.433512
-0.414968
-0.396323
-0.377696
-0.359176
-0.340828
-0.3227
-0.304824
-0.287218
-0.269888
-0.252831
-0.236033
-0.219476
-0.203138
-0.186993
-0.171011
-0.155164
-0.139422
-0.123753
-0.108122
-0.0924964
-0.0768401
-0.0611176
-0.0452924
-0.0293267
-0.0131808
0.00318624
0.0198144
0.0367441
0.0540178
0.071679
0.0897708
0.108335
0.127408
0.147029
0.167232
0.188049
0.209503
0.231611
0.25438
0.277806
0.30187
0.326535
0.351745
0.377414
0.403428
0.429638
0.455852
0.481831
0.507286
0.531873
0.555191
0.57678
0.596129
0.612677
0.625832
0.634986
0.639536
0.638906
0.632591
0.620425
0.602324
0.575242
0.537096
-0.514009
-0.549792
-0.574985
-0.591556
-0.60247
-0.607932
-0.608239
-0.603992
-0.595837
-0.584406
-0.570305
-0.55409
-0.536254
-0.517229
-0.497387
-0.477034
-0.456415
-0.435723
-0.415106
-0.394678
-0.374523
-0.354697
-0.335236
-0.31616
-0.297476
-0.279179
-0.261253
-0.243675
-0.226419
-0.209455
-0.192745
-0.176254
-0.159946
-0.143785
-0.127732
-0.111747
-0.0957912
-0.0798217
-0.0637968
-0.0476747
-0.0314132
-0.0149687
0.00170428
0.0186511
0.0359185
0.0535549
0.0716099
0.0901329
0.109172
0.128775
0.148988
0.169858
0.191428
0.213733
0.236802
0.260656
0.285307
0.310752
0.336969
0.363916
0.391525
0.419694
0.448286
0.477114
0.505939
0.534464
0.562324
0.589085
0.614238
0.637204
0.657336
0.673931
0.686252
0.693558
0.695115
0.690269
0.678736
0.660338
0.631695
0.590553
-0.567064
-0.606107
-0.632999
-0.649897
-0.66015
-0.664088
-0.662153
-0.655126
-0.643823
-0.629028
-0.611473
-0.591819
-0.570639
-0.548424
-0.525579
-0.502434
-0.479245
-0.456205
-0.433458
-0.41111
-0.389231
-0.367864
-0.34703
-0.326732
-0.306959
-0.287694
-0.268908
-0.250567
-0.232635
-0.21507
-0.197827
-0.180859
-0.164125
-0.14758
-0.131181
-0.114881
-0.0986321
-0.0823869
-0.0660977
-0.049718
-0.0332018
-0.0165007
0.000436048
0.01766
0.0352236
0.0531812
0.0715878
0.0904991
0.109972
0.130063
0.150831
0.172332
0.19462
0.217744
0.241748
0.266671
0.29254
0.319371
0.347162
0.375891
0.40551
0.435939
0.467054
0.498683
0.530595
0.56249
0.59399
0.624631
0.653858
0.681021
0.705375
0.726095
0.742291
0.753045
0.757425
0.754579
0.744058
0.725544
0.695244
0.650698
-0.626593
-0.669442
-0.698186
-0.715219
-0.72438
-0.726189
-0.721294
-0.71071
-0.695478
-0.676568
-0.654867
-0.631154
-0.60609
-0.580221
-0.553988
-0.527736
-0.501724
-0.47614
-0.451115
-0.426739
-0.403062
-0.380108
-0.357874
-0.336343
-0.315487
-0.29527
-0.275648
-0.256576
-0.238003
-0.219877
-0.20214
-0.184739
-0.167623
-0.15074
-0.13404
-0.117468
-0.100969
-0.0844914
-0.0679817
-0.0513897
-0.0346652
-0.0177544
-0.000600123
0.0168549
0.0346684
0.0528995
0.0716089
0.09086
0.110719
0.131252
0.152527
0.174612
0.197574
0.221475
0.246378
0.272338
0.299405
0.327613
0.356984
0.387523
0.419209
0.451985
0.485755
0.520366
0.555606
0.591182
0.626711
0.661711
0.695584
0.727609
0.75694
0.782608
0.803549
0.818622
0.826649
0.826508
0.817519
0.799159
0.76711
0.718661
-0.693824
-0.741156
-0.7719
-0.788758
-0.796213
-0.795067
-0.78626
-0.771125
-0.750986
-0.727049
-0.700382
-0.671895
-0.642338
-0.612311
-0.582282
-0.5526
-0.523516
-0.495204
-0.46777
-0.441277
-0.41575
-0.39118
-0.367541
-0.344788
-0.322872
-0.301737
-0.281323
-0.261567
-0.242405
-0.223769
-0.205593
-0.187812
-0.170368
-0.153201
-0.136252
-0.119458
-0.102759
-0.0860977
-0.0694181
-0.0526654
-0.035784
-0.0187139
-0.00139223
0.0162431
0.0342541
0.052705
0.0716632
0.0912002
0.111391
0.132311
0.154038
0.176651
0.20023
0.224856
0.250607
0.27756
0.305784
0.335341
0.36628
0.398638
0.432424
0.467617
0.504153
0.541914
0.580715
0.620286
0.660255
0.70013
0.739283
0.776929
0.812117
0.843725
0.870481
0.890978
0.903719
0.907227
0.900497
0.882698
0.848828
0.795853
-0.770341
-0.823003
-0.855868
-0.872055
-0.876916
-0.871675
-0.857693
-0.836729
-0.810467
-0.780399
-0.747802
-0.713726
-0.679005
-0.644282
-0.610036
-0.576606
-0.54422
-0.513017
-0.483069
-0.4544
-0.426995
-0.400811
-0.375786
-0.351847
-0.328919
-0.306925
-0.285782
-0.265408
-0.245722
-0.226644
-0.208096
-0.190002
-0.172294
-0.154904
-0.137765
-0.120806
-0.103964
-0.0871773
-0.0703853
-0.0535286
-0.0365455
-0.0193706
-0.00193638
0.0158229
0.0339736
0.0525858
0.0717341
0.091498
0.11196
0.133204
0.155316
0.17839
0.20252
0.227803
0.254337
0.282218
0.311542
0.342398
0.37487
0.409028
0.444921
0.48257
0.521957
0.56301
0.605589
0.649462
0.694287
0.739584
0.784712
0.828837
0.870907
0.909642
0.94353
0.970851
0.989701
0.998134
0.994685
0.978064
0.942349
0.884068
-0.858235
-0.917291
-0.952319
-0.967034
-0.968009
-0.957095
-0.936257
-0.90782
-0.873928
-0.836407
-0.796762
-0.756182
-0.715573
-0.675598
-0.63672
-0.599247
-0.563359
-0.529142
-0.496614
-0.465747
-0.436476
-0.408713
-0.382356
-0.3573
-0.333439
-0.310667
-0.288879
-0.267971
-0.247845
-0.228408
-0.209568
-0.191239
-0.173341
-0.1558
-0.138537
-0.12148
-0.104561
-0.0877127
-0.0708715
-0.0539715
-0.036946
-0.0197252
-0.00223871
0.015583
0.0338111
0.0525221
0.0717972
0.091722
0.112386
0.13388
0.156304
0.179761
0.204363
0.230222
0.257454
0.286181
0.316523
0.348604
0.382543
0.41845
0.456421
0.496529
0.538813
0.583265
0.629803
0.678261
0.72835
0.779633
0.831481
0.883037
0.93317
0.980442
1.02308
1.059
1.08579
1.10089
1.10218
1.08769
1.0502
0.985637
-0.960312
-1.0271
-1.06416
-1.07612
-1.0713
-1.05252
-1.02259
-0.984578
-0.941197
-0.894655
-0.846688
-0.798607
-0.751353
-0.705573
-0.661681
-0.619915
-0.580378
-0.543079
-0.507961
-0.474926
-0.443849
-0.414589
-0.386998
-0.36093
-0.336245
-0.312805
-0.29048
-0.269144
-0.24868
-0.228981
-0.209943
-0.191467
-0.173464
-0.15585
-0.138541
-0.121461
-0.104537
-0.0876984
-0.0708751
-0.0539965
-0.0369924
-0.0197902
-0.00231649
0.0155022
0.0337422
0.0524852
0.0718175
0.0918299
0.112618
0.134283
0.156933
0.180687
0.205667
0.232003
0.259832
0.289299
0.320556
0.353758
0.389063
0.426627
0.466602
0.509123
0.554299
0.602198
0.652827
0.706107
0.761838
0.81966
0.879003
0.939028
0.998562
1.05603
1.10941
1.15618
1.19332
1.21748
1.2256
1.2147
1.17574
1.10365
-1.08044
-1.15664
-1.19524
-1.20236
-1.18894
-1.15922
-1.11722
-1.06696
-1.01183
-0.954439
-0.896735
-0.840097
-0.785446
-0.733352
-0.684127
-0.637893
-0.594641
-0.554269
-0.516624
-0.481521
-0.448762
-0.418143
-0.389462
-0.362529
-0.337164
-0.313196
-0.290466
-0.268828
-0.248147
-0.2283
-0.20917
-0.190646
-0.172631
-0.155032
-0.137764
-0.120743
-0.103894
-0.0871397
-0.0704053
-0.0536175
-0.0367035
-0.0195887
-0.0021964
0.0155507
0.033733
0.0524358
0.0717493
0.0917691
0.112598
0.134345
0.157129
0.181078
0.206328
0.233026
0.26133
0.29141
0.323447
0.35763
0.39416
0.433246
0.475098
0.519924
0.567917
0.619241
0.674013
0.732277
0.79396
0.858832
0.926439
0.996024
1.06644
1.13602
1.20253
1.263
1.31369
1.35019
1.36822
1.36323
1.32346
1.24232
-1.22412
-1.31176
-1.3507
-1.3496
-1.32336
-1.27843
-1.22041
-1.15455
-1.08496
-1.01465
-0.945693
-0.879442
-0.816702
-0.757882
-0.703118
-0.65236
-0.605436
-0.562106
-0.522091
-0.485104
-0.45086
-0.419082
-0.38951
-0.361902
-0.336037
-0.31171
-0.288735
-0.266944
-0.246184
-0.226317
-0.207212
-0.18875
-0.170825
-0.153341
-0.136206
-0.119334
-0.102642
-0.0860506
-0.0694808
-0.0528575
-0.0361068
-0.0191515
-0.00191203
0.0156913
0.0337413
0.052326
0.0715389
0.0914807
0.11226
0.133993
0.156805
0.180835
0.206234
0.233163
0.2618
0.292338
0.324988
0.359976
0.397546
0.437962
0.4815
0.528448
0.579096
0.633724
0.692586
0.755881
0.823716
0.896051
0.972624
1.05286
1.13573
1.21961
1.3021
1.37982
1.44824
1.50166
1.53409
1.53871
1.49961
1.40758
-1.39946
-1.5008
-1.53745
-1.52259
-1.47727
-1.41114
-1.33193
-1.2463
-1.15912
-1.07363
-0.991887
-0.915058
-0.843686
-0.777901
-0.717568
-0.662393
-0.611994
-0.565951
-0.523838
-0.485248
-0.449797
-0.41713
-0.386921
-0.358875
-0.332729
-0.308244
-0.285209
-0.263434
-0.24275
-0.223003
-0.204053
-0.185773
-0.168051
-0.150787
-0.133885
-0.117253
-0.100805
-0.0844576
-0.0681314
-0.0517502
-0.0352383
-0.018517
-0.00150523
0.0158779
0.0337164
0.0521006
0.0711271
0.0909
0.111532
0.133145
0.155871
0.179858
0.205269
0.232279
0.261084
0.2919
0.324964
0.360539
0.398914
0.440407
0.485367
0.534165
0.5872
0.644886
0.70764
0.775855
0.849869
0.929907
1.016
1.10788
1.2048
1.30533
1.40709
1.50645
1.59806
1.67474
1.72825
1.74842
1.71301
1.60805
-1.61894
-1.73594
-1.76483
-1.72707
-1.65329
-1.55768
-1.45062
-1.34024
-1.23195
-1.12898
-1.03307
-0.944938
-0.864664
-0.791943
-0.726259
-0.666996
-0.613507
-0.565158
-0.521354
-0.481552
-0.445262
-0.412046
-0.38151
-0.353308
-0.327137
-0.302726
-0.27984
-0.25827
-0.237831
-0.218359
-0.199704
-0.181735
-0.164336
-0.147403
-0.130835
-0.114537
-0.09842
-0.0824013
-0.0664003
-0.0503401
-0.0341445
-0.0177342
-0.00102788
0.0160551
0.0335999
0.0516983
0.0704484
0.0899563
0.110338
0.131717
0.154234
0.178043
0.203316
0.23024
0.259026
0.289909
0.323154
0.359056
0.397947
0.440201
0.486233
0.536508
0.59154
0.651888
0.718154
0.790962
0.870936
0.95865
1.05455
1.15882
1.27123
1.3908
1.51552
1.64174
1.76355
1.8722
1.9567
2.00212
1.97641
1.85697
-1.90275
-2.03531
-2.04531
-1.96959
-1.85339
-1.71704
-1.57378
-1.43293
-1.29992
-1.17741
-1.06633
-0.966612
-0.877597
-0.798361
-0.72788
-0.665138
-0.609173
-0.559109
-0.514166
-0.473658
-0.436988
-0.403633
-0.373137
-0.345106
-0.3192
-0.295124
-0.272618
-0.251458
-0.231448
-0.212414
-0.194203
-0.176681
-0.159728
-0.143237
-0.127105
-0.111235
-0.0955395
-0.0799347
-0.0643407
-0.0486812
-0.0328801
-0.0168591
-0.000538345
0.016163
0.0333301
0.0510548
0.0694351
0.0885771
0.108598
0.129626
0.151802
0.175288
0.200259
0.226913
0.255472
0.286187
0.319346
0.355272
0.394337
0.436963
0.483634
0.534903
0.591398
0.653834
0.723008
0.799809
0.885196
0.980172
1.08572
1.2027
1.33163
1.47242
1.62387
1.78294
1.9437
2.09614
2.22625
2.31278
2.30871
2.17555
-2.28557
-2.42639
-2.39502
-2.25657
-2.07759
-1.88561
-1.69622
-1.51888
-1.35792
-1.21448
-1.08801
-0.977148
-0.880186
-0.79538
-0.721081
-0.655802
-0.598235
-0.547247
-0.50187
-0.46128
-0.424776
-0.39176
-0.361721
-0.334227
-0.308907
-0.285446
-0.263568
-0.243036
-0.223647
-0.205224
-0.187611
-0.170673
-0.15429
-0.138353
-0.122759
-0.107412
-0.0922255
-0.0771187
-0.062013
-0.0468331
-0.0315053
-0.0159529
-9.73694e-05
0.0161408
0.0328454
0.0501066
0.0680206
0.086693
0.106241
0.126793
0.148491
0.171498
0.195993
0.222177
0.250282
0.28057
0.313344
0.348953
0.387795
0.430339
0.477125
0.528787
0.586061
0.649811
0.721037
0.800899
0.89073
0.992029
1.10644
1.2357
1.38143
1.54489
1.72646
1.92468
2.13475
2.34654
2.54354
2.69705
2.73841
2.60009
-2.83019
-2.95086
-2.83288
-2.59155
-2.32099
-2.05489
-1.80873
-1.58961
-1.39878
-1.23445
-1.09366
-0.973174
-0.869922
-0.781158
-0.704523
-0.638029
-0.580015
-0.529102
-0.484148
-0.444208
-0.408497
-0.376357
-0.347238
-0.320677
-0.296288
-0.27374
-0.252749
-0.233071
-0.214502
-0.196864
-0.180005
-0.163788
-0.148098
-0.132825
-0.117868
-0.103137
-0.0885469
-0.0740207
-0.0594827
-0.0448608
-0.0300839
-0.0150778
0.000233788
0.0159274
0.0320839
0.0487905
0.0661408
0.0842383
0.103198
0.123145
0.144222
0.166587
0.19042
0.215924
0.24333
0.272911
0.304975
0.339884
0.378062
0.420004
0.466296
0.517635
0.57485
0.638931
0.711066
0.79268
0.885477
0.99149
1.11312
1.25313
1.41461
1.60076
1.81447
2.05736
2.32786
2.61827
2.91215
3.17435
3.30844
3.19595
-3.65088
-3.6691
-3.37685
-2.97025
-2.56986
-2.20889
-1.89663
-1.63308
-1.41321
-1.23042
-1.07828
-0.951157
-0.844337
-0.753996
-0.677055
-0.611053
-0.554019
-0.504368
-0.460827
-0.422363
-0.388136
-0.357454
-0.329745
-0.304537
-0.281435
-0.260105
-0.240263
-0.221666
-0.204114
-0.187436
-0.171482
-0.156121
-0.141241
-0.126738
-0.112517
-0.0984901
-0.0845799
-0.0707138
-0.0568206
-0.0428321
-0.0286806
-0.0142954
0.000395467
0.0154645
0.0309884
0.0470506
0.0637405
0.0811571
0.0994112
0.118624
0.138932
0.160488
0.183468
0.20807
0.234525
0.263101
0.294109
0.327914
0.364946
0.405715
0.450833
0.501034
0.557208
0.62044
0.692063
0.773721
0.86745
0.975786
1.10189
1.24966
1.4239
1.63032
1.87541
2.16579
2.50642
2.89703
3.32754
3.7629
4.08034
4.08082
-4.95399
-4.66057
-4.0367
-3.37661
-2.8
-2.32413
-1.94096
-1.63536
-1.39157
-1.196
-1.0378
-0.908586
-0.801976
-0.713129
-0.638356
-0.574833
-0.520376
-0.473278
-0.432196
-0.396061
-0.364019
-0.335373
-0.309557
-0.286105
-0.264629
-0.244804
-0.226354
-0.209048
-0.192694
-0.177132
-0.162219
-0.147833
-0.133869
-0.12023
-0.106829
-0.0935847
-0.0804278
-0.0672915
-0.0541102
-0.0408202
-0.0273589
-0.0136607
0.000341305
0.0147147
0.0295305
0.0448662
0.0608066
0.0774454
0.0948854
0.11324
0.132638
0.153227
0.175171
0.198661
0.223919
0.251202
0.280814
0.31311
0.348514
0.387531
0.430771
0.478976
0.533058
0.594144
0.663644
0.74334
0.835502
0.943053
1.0698
1.22072
1.40237
1.62332
1.89465
2.2302
2.64604
3.15765
3.77283
4.47213
5.13409
5.46456
-7.19896
-6.02486
-4.77429
-3.75218
-2.9585
-2.35968
-1.91333
-1.57815
-1.32262
-1.12456
-0.968486
-0.84352
-0.741965
-0.658306
-0.588531
-0.529671
-0.479489
-0.436276
-0.398708
-0.365747
-0.336571
-0.310517
-0.287048
-0.265726
-0.246187
-0.228126
-0.211288
-0.195459
-0.180464
-0.166153
-0.1524
-0.139092
-0.126134
-0.11344
-0.10093
-0.0885365
-0.0761952
-0.0638471
-0.0514335
-0.0388974
-0.0261812
-0.0132254
2.98252e-05
0.0136447
0.0276853
0.0422235
0.0573355
0.0731063
0.0896319
0.107016
0.125376
0.144848
0.165586
0.187765
0.211592
0.237309
0.265199
0.295598
0.328905
0.365598
0.40626
0.451603
0.502511
0.560086
0.625727
0.701227
0.788924
0.891911
1.01434
1.16193
1.3426
1.56755
1.85268
2.2207
2.70392
3.34492
4.18716
5.26256
6.57112
7.8123
-11.5812
-7.82357
-5.31425
-3.84194
-2.86487
-2.19686
-1.73762
-1.4125
-1.17413
-0.994078
-0.854623
-0.744232
-0.6552
-0.582228
-0.521574
-0.470522
-0.427058
-0.389656
-0.357141
-0.328599
-0.303309
-0.280692
-0.260276
-0.241677
-0.224577
-0.208711
-0.193856
-0.179826
-0.16647
-0.153661
-0.141287
-0.129253
-0.117479
-0.105893
-0.0944263
-0.0830216
-0.0716271
-0.0601934
-0.0486692
-0.0370044
-0.0251513
-0.0130592
-0.000675198
0.0120536
0.0251835
0.0387777
0.0529044
0.0676374
0.0830601
0.0992649
0.116355
0.13445
0.153686
0.174218
0.19623
0.219937
0.245588
0.273481
0.30397
0.33748
0.374525
0.415741
0.46191
0.514018
0.573315
0.64142
0.720459
0.813286
0.923811
1.05755
1.2225
1.43058
1.70008
2.06019
2.55947
3.27504
4.31146
5.8569
8.45603
12.324
-18.9908
-9.577
-5.08914
-3.2692
-2.30751
-1.72506
-1.35613
-1.107
-0.927747
-0.7928
-0.687904
-0.604349
-0.536495
-0.480509
-0.433686
-0.394052
-0.360128
-0.330784
-0.305141
-0.28251
-0.262344
-0.2442
-0.227713
-0.212585
-0.198568
-0.185454
-0.173068
-0.161265
-0.149926
-0.138952
-0.128259
-0.117772
-0.10743
-0.0971768
-0.0869638
-0.0767469
-0.066487
-0.0561455
-0.0456835
-0.0350624
-0.0242433
-0.013186
-0.00184952
0.00980921
0.0218371
0.0342852
0.0472084
0.0606686
0.0747336
0.0894786
0.10499
0.121364
0.138714
0.157167
0.176873
0.198006
0.220772
0.245409
0.272201
0.301489
0.333681
0.369276
0.408888
0.453278
0.503403
0.560496
0.626158
0.702513
0.792468
0.900102
1.0314
1.1955
1.40729
1.69304
2.10364
2.73599
3.76545
5.68097
10.2859
19.8225
)
;

boundaryField
{
    movingWall
    {
        type            zeroGradient;
    }
    fixedWalls
    {
        type            zeroGradient;
    }
    frontAndBack
    {
        type            empty;
    }
}


// ************************************************************************* //
