/*--------------------------------*- C++ -*----------------------------------*\
  =========                 |
  \\      /  F ield         | OpenFOAM: The Open Source CFD Toolbox
   \\    /   O peration     | Website:  https://openfoam.org
    \\  /    A nd           | Version:  7
     \\/     M anipulation  |
\*---------------------------------------------------------------------------*/
FoamFile
{
    version     2.0;
    format      ascii;
    class       volScalarField;
    location    "0.25";
    object      p;
}
// * * * * * * * * * * * * * * * * * * * * * * * * * * * * * * * * * * * * * //

dimensions      [0 2 -2 0 0 0 0];

internalField   nonuniform List<scalar> 
6400
(
7.07124e-06
2.48866e-05
-0.00047992
-0.00151177
-0.00295348
-0.00469457
-0.00663442
-0.00868339
-0.0107644
-0.0128122
-0.0147719
-0.0165972
-0.0182497
-0.0196978
-0.0209155
-0.0218821
-0.0225816
-0.0230016
-0.0231338
-0.0229727
-0.0225158
-0.0217631
-0.0207172
-0.0193824
-0.0177654
-0.0158743
-0.0137191
-0.011311
-0.0086626
-0.00578788
-0.00270179
0.000579596
0.0040393
0.00765945
0.0114214
0.0153058
0.0192927
0.0233615
0.027491
0.0316598
0.035846
0.0400276
0.0441824
0.048288
0.0523222
0.056263
0.0600885
0.0637773
0.0673086
0.0706621
0.0738183
0.0767589
0.0794664
0.0819247
0.0841192
0.0860369
0.0876666
0.0889991
0.0900275
0.090747
0.0911559
0.0912551
0.0910484
0.0905434
0.0897511
0.0886864
0.0873688
0.0858223
0.0840763
0.0821661
0.0801333
0.0780271
0.0759051
0.0738341
0.0718917
0.0701664
0.0687552
0.0677623
0.0672943
0.0673318
1.12993e-06
1.57897e-05
-0.000436915
-0.00131976
-0.00253328
-0.0039979
-0.00563759
-0.00738003
-0.0091602
-0.010921
-0.0126129
-0.0141932
-0.0156259
-0.0168807
-0.0179325
-0.018761
-0.0193497
-0.0196864
-0.019762
-0.0195703
-0.019108
-0.0183744
-0.0173707
-0.0161007
-0.0145697
-0.0127848
-0.0107548
-0.00848982
-0.00600137
-0.00330213
-0.000405894
0.0026725
0.00591728
0.00931185
0.0128388
0.0164801
0.020217
0.0240302
0.0279001
0.0318064
0.0357287
0.0396463
0.0435385
0.0473843
0.0511631
0.0548541
0.0584373
0.0618925
0.0652005
0.0683426
0.0713007
0.074058
0.0765985
0.0789076
0.0809721
0.0827803
0.0843224
0.0855903
0.0865782
0.0872828
0.0877028
0.0878401
0.0876993
0.0872882
0.0866181
0.0857039
0.0845647
0.0832239
0.0817095
0.0800547
0.0782984
0.0764855
0.0746676
0.072903
0.0712572
0.0698013
0.0686085
0.0677537
0.0673304
0.067369
0.000509509
0.000471968
1.85046e-05
-0.000797215
-0.00188759
-0.00318916
-0.00464068
-0.00618217
-0.00775821
-0.00931893
-0.0108201
-0.0122229
-0.0134941
-0.0146053
-0.0155325
-0.0162563
-0.0167609
-0.0170338
-0.0170659
-0.0168507
-0.0163847
-0.0156663
-0.0146965
-0.0134779
-0.0120153
-0.0103151
-0.008385
-0.0062344
-0.00387381
-0.00131499
0.00142921
0.00434493
0.00741742
0.0106311
0.0139696
0.0174159
0.0209523
0.0245607
0.0282224
0.0319185
0.0356294
0.0393358
0.043018
0.0466563
0.0502311
0.0537231
0.0571131
0.0603825
0.063513
0.0664872
0.0692883
0.0719004
0.0743089
0.0765001
0.078462
0.0801839
0.0816569
0.0828739
0.0838299
0.0845222
0.0849502
0.0851161
0.085025
0.0846848
0.0841067
0.0833052
0.0822987
0.0811094
0.0797638
0.078293
0.0767326
0.0751236
0.0735117
0.0719481
0.0704886
0.0691925
0.0681189
0.0673281
0.0669056
0.0669028
0.00154332
0.00135827
0.000834638
1.56209e-05
-0.001032
-0.00225458
-0.00360044
-0.00501898
-0.0064627
-0.00788812
-0.00925609
-0.0105319
-0.0116851
-0.0126896
-0.0135233
-0.0141677
-0.0146078
-0.0148318
-0.0148307
-0.0145981
-0.0141301
-0.013425
-0.0124835
-0.0113077
-0.00990185
-0.00827168
-0.00642439
-0.00436854
-0.00211396
0.000328356
0.00294635
0.00572699
0.00865635
0.0117197
0.0149016
0.0181859
0.0215558
0.0249941
0.0284831
0.0320047
0.0355404
0.0390719
0.0425803
0.046047
0.0494534
0.0527812
0.0560121
0.0591286
0.0621133
0.0649497
0.067622
0.0701154
0.0724159
0.0745109
0.0763891
0.0780405
0.0794571
0.0806324
0.0815618
0.0822431
0.0826761
0.0828633
0.0828097
0.082523
0.0820141
0.0812969
0.0803888
0.0793106
0.0780872
0.0767469
0.0753225
0.0738506
0.0723721
0.0709315
0.069577
0.0683589
0.0673278
0.0665351
0.0660489
0.0659131
0.00299235
0.00258055
0.00192905
0.00105723
2.35607e-06
-0.00119078
-0.00247843
-0.00381842
-0.00517054
-0.00649734
-0.00776462
-0.00894169
-0.0100014
-0.0109201
-0.0116775
-0.0122567
-0.0126437
-0.0128273
-0.012799
-0.0125527
-0.0120845
-0.0113927
-0.0104776
-0.00934115
-0.00798717
-0.00642086
-0.0046489
-0.00267926
-0.000521117
0.00181522
0.00431839
0.00697612
0.00977526
0.0127019
0.0157413
0.0188782
0.0220967
0.0253804
0.0287124
0.0320756
0.0354524
0.0388252
0.0421761
0.0454875
0.0487416
0.051921
0.0550083
0.0579869
0.0608402
0.0635527
0.0661093
0.068496
0.0706997
0.0727084
0.0745115
0.0760997
0.0774655
0.0786029
0.0795077
0.080178
0.0806139
0.0808177
0.0807944
0.0805513
0.0800989
0.0794501
0.0786212
0.0776316
0.076504
0.0752642
0.0739418
0.0725693
0.0711827
0.0698207
0.0685242
0.0673357
0.0662985
0.0654562
0.0648499
0.064502
0.00475467
0.00406614
0.0032438
0.00227897
0.00117538
-2.9945e-05
-0.00129988
-0.0025998
-0.00389621
-0.00515727
-0.0063535
-0.00745815
-0.00844729
-0.00929988
-0.00999776
-0.0105255
-0.0108704
-0.0110221
-0.0109728
-0.0107167
-0.0102502
-0.0095717
-0.00868136
-0.00758104
-0.00627417
-0.00476563
-0.00306164
-0.00116967
0.000901629
0.00314254
0.00554236
0.00808948
0.0107714
0.013575
0.0164863
0.0194907
0.0225731
0.0257178
0.0289089
0.0321299
0.0353641
0.0385947
0.0418048
0.0449772
0.0480953
0.0511422
0.0541015
0.0569573
0.0596938
0.0622961
0.0647501
0.0670422
0.06916
0.0710923
0.0728288
0.074361
0.0756814
0.0767847
0.0776669
0.0783262
0.0787626
0.0789785
0.0789785
0.0787696
0.0783612
0.0777657
0.0769979
0.0760755
0.0750191
0.0738522
0.0726008
0.0712938
0.0699625
0.0686401
0.0673613
0.0661614
0.0650774
0.0641459
0.0633767
0.0627658
0.00673994
0.00574661
0.00472368
0.00363418
0.00244791
0.00119534
-9.17878e-05
-0.00138549
-0.00265825
-0.00388338
-0.00503583
-0.00609257
-0.00703282
-0.00783815
-0.00849252
-0.00898221
-0.00929578
-0.00942401
-0.00935974
-0.00909783
-0.00863503
-0.0079699
-0.00710266
-0.00603513
-0.00477055
-0.00331355
-0.00167
0.000153024
0.00214732
0.00430369
0.00661198
0.00906115
0.0116394
0.0143341
0.017132
0.0200192
0.0229813
0.0260034
0.0290701
0.0321658
0.0352744
0.0383799
0.0414659
0.0445164
0.0475151
0.050446
0.0532934
0.0560418
0.0586764
0.0611829
0.0635474
0.0657573
0.0678006
0.0696665
0.0713452
0.0728284
0.0741093
0.0751823
0.0760439
0.0766922
0.0771271
0.0773508
0.0773673
0.0771832
0.0768072
0.0762503
0.0755262
0.0746508
0.0736427
0.0725227
0.0713139
0.0700415
0.0687326
0.0674156
0.0661194
0.0648731
0.0637086
0.0626565
0.0616944
0.0607912
0.00886905
0.00755745
0.00631476
0.00507738
0.00378232
0.00245479
0.0011222
-0.000193232
-0.0014693
-0.00268392
-0.0038161
-0.00484632
-0.0057568
-0.00653165
-0.00715692
-0.00762063
-0.00791275
-0.00802515
-0.00795156
-0.00768748
-0.00723017
-0.00657847
-0.00573279
-0.00469494
-0.00346813
-0.0020568
-0.000466585
0.00129574
0.00322236
0.00530449
0.00753246
0.00989574
0.012383
0.0149824
0.017681
0.0204657
0.0233226
0.0262375
0.0291956
0.0321818
0.035181
0.0381776
0.0411559
0.0441005
0.0469958
0.0498263
0.0525769
0.0552329
0.0577797
0.0602037
0.0624915
0.064631
0.0666104
0.0684194
0.0700486
0.0714899
0.0727365
0.0737832
0.0746263
0.0752637
0.0756954
0.0759229
0.0759501
0.0757825
0.0754282
0.0748969
0.0742011
0.0733548
0.0723747
0.0712791
0.0700883
0.0688242
0.0675099
0.0661696
0.0648272
0.0635064
0.0622351
0.0610391
0.0598644
0.0586544
0.0110749
0.00944103
0.00796746
0.00656592
0.00514262
0.00371869
0.00231815
0.000958223
-0.000343476
-0.00156896
-0.0027009
-0.00372302
-0.00462035
-0.00537942
-0.00598831
-0.00643677
-0.0067162
-0.00681963
-0.00674173
-0.00647874
-0.00602847
-0.00539017
-0.00456448
-0.00355335
-0.00235997
-0.00098872
0.000554908
0.00226438
0.00413219
0.0061499
0.00830823
0.0105971
0.0130057
0.0155225
0.0181353
0.0208314
0.0235975
0.0264199
0.0292844
0.0321766
0.0350817
0.0379848
0.0408709
0.043725
0.046532
0.049277
0.0519455
0.054523
0.0569956
0.0593499
0.0615732
0.0636534
0.0655793
0.0673407
0.0689284
0.0703344
0.0715521
0.0725762
0.0734029
0.07403
0.0744571
0.0746853
0.0747179
0.0745597
0.0742177
0.0737007
0.0730196
0.0721869
0.0712172
0.0701266
0.0689328
0.0676545
0.0663117
0.0649245
0.0635127
0.0620954
0.0606972
0.0593404
0.0579415
0.0564196
0.0133013
0.0113471
0.0096372
0.00806068
0.00649498
0.00495826
0.003472
0.00204921
0.000703509
-0.000550707
-0.00169936
-0.00272912
-0.00362763
-0.00438366
-0.00498729
-0.00542991
-0.00570434
-0.00580481
-0.00572696
-0.00546784
-0.00502585
-0.00440071
-0.00359336
-0.00260595
-0.00144176
-0.000105173
0.00139842
0.00306263
0.00488019
0.00684294
0.00894193
0.0111674
0.0135091
0.0159557
0.0184956
0.0211165
0.0238057
0.0265498
0.0293353
0.0321481
0.034974
0.0377986
0.0406074
0.0433857
0.0461191
0.048793
0.0513933
0.0539059
0.0563174
0.0586146
0.060785
0.0628168
0.0646992
0.0664219
0.0679759
0.0693533
0.0705475
0.0715529
0.0723657
0.0729834
0.0734051
0.0736315
0.0736651
0.0735101
0.0731724
0.0726598
0.0719817
0.0711491
0.0701747
0.0690725
0.0678577
0.0665466
0.0651559
0.0637026
0.0622027
0.0606716
0.0591317
0.0576026
0.055973
0.0541404
0.0155015
0.0132321
0.0112843
0.00952607
0.00780797
0.00614615
0.00456034
0.00306002
0.00165536
0.000357657
-0.000821889
-0.00187259
-0.00278446
-0.00354838
-0.00415627
-0.00460114
-0.0048772
-0.00497985
-0.00490574
-0.00465272
-0.00421985
-0.00360734
-0.00281651
-0.00184977
-0.000710532
0.000596756
0.00206671
0.00369307
0.00546869
0.00738566
0.0094353
0.0116082
0.0138942
0.0162827
0.0187622
0.021321
0.0239466
0.0266262
0.0293466
0.0320942
0.0348553
0.0376159
0.0403617
0.0430787
0.0457526
0.0483693
0.050915
0.053376
0.055739
0.0579911
0.0601201
0.0621143
0.0639628
0.0656557
0.0671839
0.0685394
0.0697154
0.0707064
0.071508
0.0721176
0.0725336
0.0727564
0.0727877
0.0726308
0.0722908
0.0717742
0.0710891
0.070245
0.069253
0.0681251
0.0668744
0.0655147
0.0640602
0.0625251
0.0609224
0.0592642
0.0575717
0.0558625
0.0539998
0.0518607
0.0176361
0.0150585
0.0128736
0.0109298
0.0090525
0.00725655
0.00556058
0.00397115
0.00249553
0.00114231
-7.98275e-05
-0.00116254
-0.00209798
-0.00287898
-0.00349917
-0.00395311
-0.00423633
-0.00434541
-0.00427799
-0.00403273
-0.00360937
-0.00300865
-0.00223229
-0.001283
-0.000164421
0.0011189
0.00256156
0.00415732
0.00589916
0.00777933
0.00978932
0.01192
0.0141615
0.0165034
0.0189348
0.021444
0.024019
0.0266475
0.0293164
0.0320127
0.0347229
0.0374334
0.0401303
0.0427999
0.0454281
0.0480012
0.0505056
0.0529278
0.0552547
0.0574736
0.0595723
0.0615393
0.0633638
0.0650357
0.0665459
0.0678863
0.0690498
0.0700308
0.0708245
0.0714277
0.0718386
0.0720567
0.0720832
0.0719204
0.0715726
0.071045
0.0703446
0.0694795
0.0684591
0.0672937
0.0659946
0.0645733
0.063042
0.0614126
0.0596954
0.0579
0.0560469
0.0541528
0.0520568
0.049617
0.0196718
0.0167936
0.014374
0.0122427
0.0102017
0.00826518
0.00645106
0.00476353
0.0032074
0.00178899
0.000514756
-0.000609028
-0.00157645
-0.0023821
-0.00302122
-0.00348982
-0.00378471
-0.0039036
-0.00384507
-0.00360863
-0.00319468
-0.00260451
-0.00184029
-0.000905069
0.000197264
0.00146201
0.00288368
0.00445605
0.00617215
0.00802431
0.0100042
0.0121028
0.0143106
0.0166174
0.0190124
0.0214844
0.0240215
0.0266118
0.0292425
0.031901
0.0345739
0.0372479
0.0399096
0.0425453
0.0451414
0.0476841
0.0501602
0.0525562
0.0548592
0.0570565
0.0591362
0.0610864
0.0628965
0.0645563
0.0660564
0.0673887
0.0685457
0.0695214
0.0703108
0.0709101
0.0713169
0.0715302
0.0715503
0.0713788
0.0710188
0.0704747
0.0697523
0.0688582
0.0678006
0.066588
0.0652301
0.0637368
0.0621182
0.0603842
0.0585434
0.0566033
0.054584
0.052502
0.0501738
0.04744
0.02158
0.0184088
0.0157574
0.0134382
0.0112309
0.00914921
0.00721102
0.00541852
0.00377445
0.00228317
0.000949254
-0.000222881
-0.00122905
-0.00206546
-0.00272884
-0.00321655
-0.00352661
-0.0036578
-0.00360965
-0.00338246
-0.0029773
-0.00239603
-0.00164131
-0.000716536
0.000374125
0.00162578
0.00303283
0.00458899
0.00628731
0.00812018
0.0100794
0.012156
0.0143407
0.0166234
0.0189937
0.0214404
0.0239521
0.0265169
0.0291224
0.0317561
0.0344051
0.0370561
0.039696
0.0423112
0.0448882
0.0474137
0.0498742
0.0522565
0.0545476
0.0567351
0.0588066
0.0607506
0.062556
0.0642126
0.0657109
0.0670422
0.068199
0.0691748
0.0699639
0.0705623
0.0709669
0.0711759
0.071189
0.0710068
0.0706317
0.0700669
0.0693171
0.0683878
0.0672857
0.0660181
0.0645931
0.0630192
0.0613048
0.0594584
0.0574869
0.0553962
0.0532067
0.0509352
0.0483767
0.045355
0.0233357
0.0198786
0.0169988
0.0144922
0.0121169
0.00988711
0.0078206
0.00591798
0.00418028
0.00261021
0.00121067
-1.55287e-05
-0.00106577
-0.00193772
-0.00262947
-0.00313965
-0.00346742
-0.00361258
-0.00357555
-0.0033574
-0.00295989
-0.00238547
-0.00163724
-0.00071902
0.000364746
0.00160894
0.00300781
0.00455499
0.00624349
0.00806572
0.0100135
0.012078
0.0142501
0.0165197
0.0188767
0.02131
0.0238084
0.0263602
0.0289533
0.0315752
0.0342133
0.0368545
0.0394856
0.0420935
0.0446646
0.0471857
0.0496433
0.0520242
0.0543156
0.0565046
0.0585792
0.0605274
0.0623381
0.0640007
0.0655054
0.0668434
0.0680066
0.0689881
0.0697817
0.0703828
0.0707877
0.0709939
0.0710003
0.0708067
0.0704145
0.0698261
0.0690449
0.0680755
0.0669233
0.0655944
0.0640958
0.0624343
0.0606175
0.0586524
0.0565446
0.054299
0.0519366
0.0494745
0.0466877
0.0433838
0.0249168
0.0211802
0.0180755
0.0153823
0.0128385
0.0104586
0.00826073
0.00624426
0.00440871
0.00275537
0.00128571
1.09961e-06
-0.00109723
-0.00200829
-0.00273144
-0.00326646
-0.00361357
-0.00377354
-0.00374765
-0.00353772
-0.0031462
-0.0025761
-0.00183101
-0.000915132
0.000166755
0.0014093
0.00280656
0.00435206
0.00603873
0.00785895
0.00980456
0.0118669
0.0140366
0.016304
0.0186589
0.0210905
0.0235877
0.0261388
0.028732
0.0313549
0.033995
0.0366393
0.0392749
0.0418884
0.0444666
0.046996
0.0494633
0.0518552
0.0541588
0.0563611
0.0584498
0.0604129
0.0622389
0.0639169
0.0654369
0.0667895
0.0679662
0.0689596
0.069763
0.0703712
0.0707797
0.0709853
0.0709862
0.0707814
0.0703713
0.0697574
0.0689422
0.0679291
0.0667226
0.0653278
0.0637502
0.061996
0.0600714
0.0579827
0.0557343
0.0533304
0.0507929
0.0481397
0.0451264
0.041545
0.0263035
0.0222929
0.0189664
0.0160878
0.0133754
0.0108443
0.00851311
0.00638016
0.00444373
0.00270388
0.00116082
-0.000185355
-0.00133466
-0.00228734
-0.00304389
-0.00360516
-0.00397239
-0.00414724
-0.00413181
-0.00392869
-0.00354096
-0.00297219
-0.00222648
-0.00130842
-0.000223123
0.00102379
0.00242618
0.0039774
0.0056703
0.0074972
0.00944991
0.0115197
0.0136975
0.0159735
0.0183375
0.0207789
0.0232867
0.0258494
0.0284551
0.0310917
0.0337466
0.036407
0.0390598
0.041692
0.04429
0.0468406
0.0493302
0.0517456
0.0540734
0.0563008
0.058415
0.0604038
0.0622554
0.0639586
0.0655028
0.0668784
0.0680762
0.0690883
0.0699075
0.0705276
0.0709438
0.071152
0.0711495
0.0709347
0.070507
0.0698669
0.0690161
0.0679571
0.0666934
0.065229
0.0635687
0.0617176
0.0596812
0.057465
0.0550727
0.0525079
0.0497936
0.0469489
0.0437104
0.039855
0.0274777
0.0231977
0.0196521
0.0165893
0.0137087
0.0110257
0.00856002
0.00630886
0.00426949
0.0024409
0.000822204
-0.00058765
-0.00178982
-0.00278562
-0.00357664
-0.00416473
-0.00455204
-0.0047411
-0.0047348
-0.00453646
-0.00414978
-0.00357891
-0.00282841
-0.00190329
-0.00080901
0.000448528
0.00186296
0.00342747
0.00513477
0.00697709
0.0089462
0.0110334
0.0132294
0.0155246
0.0179089
0.0203717
0.0229019
0.0254883
0.0281189
0.0307817
0.0334642
0.0361534
0.0388366
0.0415002
0.0441311
0.0467156
0.0492402
0.0516914
0.0540557
0.05632
0.0584712
0.0604969
0.0623847
0.0641232
0.0657013
0.0671087
0.0683358
0.0693739
0.0702153
0.0708533
0.071282
0.0714967
0.071494
0.0712712
0.0708271
0.0701613
0.0692745
0.0681684
0.0668456
0.0653093
0.0635635
0.0616126
0.0594613
0.0571145
0.0545756
0.0518477
0.0489551
0.0459183
0.0424554
0.0383282
0.0284224
0.0238766
0.0201142
0.0168685
0.01382
0.0109851
0.00838418
0.0060138
0.00387021
0.00195152
0.000255835
-0.00121892
-0.00247492
-0.00351451
-0.00434022
-0.00495485
-0.00536145
-0.00556336
-0.00556422
-0.00536805
-0.00497917
-0.00440226
-0.00364239
-0.00270497
-0.00159582
-0.000321131
0.00111249
0.00269801
0.00442801
0.0062946
0.00828946
0.0104038
0.0126284
0.0149536
0.0173693
0.0198649
0.0224294
0.0250515
0.0277194
0.030421
0.0331436
0.0358747
0.0386009
0.0413091
0.0439857
0.046617
0.0491893
0.051689
0.0541022
0.0564155
0.0586157
0.0606896
0.0626248
0.064409
0.0660309
0.0674794
0.0687445
0.0698167
0.0706877
0.0713499
0.0717968
0.0720229
0.0720238
0.0717963
0.071338
0.0706478
0.0697257
0.0685724
0.0671898
0.0655803
0.0637471
0.0616942
0.0594256
0.056946
0.0542583
0.0513654
0.0482932
0.0450635
0.0413761
0.0369782
0.0291214
0.0243127
0.0203352
0.0169075
0.0136917
0.010705
0.00796866
0.00547856
0.00323014
0.00122069
-0.000552578
-0.00209265
-0.00340266
-0.00448587
-0.00534573
-0.00598591
-0.00641029
-0.006623
-0.00662844
-0.00643125
-0.00603638
-0.00544905
-0.0046748
-0.00371946
-0.00258922
-0.00129057
0.000169606
0.00178409
0.00354525
0.00544508
0.00747515
0.0096266
0.0118902
0.0142561
0.0167143
0.0192542
0.0218648
0.0245347
0.0272522
0.0300051
0.0327807
0.0355663
0.0383487
0.0411144
0.0438497
0.0465409
0.0491739
0.0517348
0.0542096
0.0565844
0.0588455
0.0609795
0.0629734
0.0648145
0.0664906
0.0679902
0.0693026
0.0704177
0.0713262
0.07202
0.0724915
0.0727347
0.0727441
0.0725158
0.0720466
0.0713345
0.0703786
0.069179
0.0677367
0.0660535
0.0641321
0.0619758
0.0595884
0.0569742
0.0541358
0.0510763
0.0478228
0.044399
0.0404864
0.0358174
0.0295595
0.0244895
0.0202982
0.0166893
0.0133067
0.0101684
0.00729667
0.00468679
0.00233345
0.000233171
-0.0016176
-0.00322272
-0.00458619
-0.00571213
-0.00660487
-0.00726888
-0.00770888
-0.00792973
-0.00793654
-0.00773459
-0.00732942
-0.0067268
-0.00593273
-0.00495347
-0.00379557
-0.00246586
-0.00097148
0.000680109
0.00248109
0.0044233
0.00649816
0.00869673
0.0110097
0.0134272
0.0159391
0.0185348
0.0212033
0.0239333
0.0267127
0.0295294
0.0323709
0.035224
0.0380755
0.0409119
0.0437191
0.0464833
0.0491901
0.0518253
0.0543745
0.0568236
0.0591582
0.0613646
0.063429
0.0653384
0.0670798
0.0686412
0.0700109
0.0711782
0.0721331
0.0728664
0.07337
0.0736368
0.0736606
0.0734364
0.0729604
0.0722298
0.0712427
0.0699985
0.0684976
0.0667413
0.0647315
0.0624712
0.0599639
0.0572136
0.054223
0.050995
0.0475587
0.0439391
0.0397997
0.0348581
0.0297211
0.0243909
0.0199865
0.016197
0.0126479
0.00935828
0.00635147
0.00362207
0.00116414
-0.00102649
-0.00295411
-0.00462338
-0.00603909
-0.00720621
-0.00812989
-0.0088154
-0.0092682
-0.0094939
-0.00949829
-0.00928728
-0.008867
-0.00824372
-0.00742395
-0.00641437
-0.00522189
-0.00385369
-0.00231719
-0.000620093
0.00122957
0.00322346
0.00535285
0.00760869
0.00998154
0.0124615
0.0150384
0.0177016
0.02044
0.023242
0.0260959
0.0289892
0.0319093
0.034843
0.0377768
0.0406971
0.0435896
0.0464402
0.0492342
0.051957
0.054594
0.0571303
0.0595514
0.0618428
0.0639903
0.06598
0.0677985
0.0694328
0.0708706
0.0721003
0.073111
0.0738929
0.0744367
0.0747346
0.0747794
0.0745654
0.0740877
0.0733428
0.072328
0.071042
0.0694845
0.0676561
0.0655585
0.0631941
0.0605662
0.057679
0.0545347
0.0511366
0.0475154
0.0436979
0.0393294
0.0341122
0.0295913
0.0240009
0.0193836
0.0154136
0.0116983
0.00825774
0.00511621
0.00226784
-0.000293976
-0.00257403
-0.00457733
-0.00630926
-0.00777542
-0.00898157
-0.00993362
-0.0106376
-0.0110998
-0.0113265
-0.0113241
-0.0110992
-0.0106584
-0.0100087
-0.00915688
-0.00811016
-0.00687582
-0.00546136
-0.00387452
-0.00212326
-0.000215816
0.00183926
0.0040331
0.00635652
0.00879996
0.0113535
0.0140068
0.0167491
0.0195693
0.0224558
0.0253966
0.0283792
0.0313909
0.0344183
0.0374479
0.0404655
0.0434569
0.0464075
0.0493023
0.0521265
0.0548647
0.0575019
0.0600228
0.0624124
0.0646559
0.0667387
0.0686465
0.0703657
0.0718831
0.0731862
0.0742632
0.0751034
0.0756966
0.076034
0.0761076
0.0759106
0.0754373
0.0746833
0.0736452
0.0723209
0.0707095
0.0688111
0.0666268
0.0641589
0.0614104
0.0583853
0.055086
0.051516
0.0477078
0.0436898
0.0390888
0.033592
0.0291547
0.0233034
0.0184727
0.0143222
0.0104408
0.0068496
0.00357388
0.000607296
-0.00205738
-0.00442553
-0.00650285
-0.00829547
-0.00980973
-0.0110522
-0.0120294
-0.0127484
-0.013216
-0.0134391
-0.013425
-0.0131808
-0.0127137
-0.0120311
-0.0111405
-0.0100494
-0.00876554
-0.00729672
-0.00565101
-0.00383664
-0.00186208
0.000263916
0.00253232
0.0049338
0.00745868
0.0100969
0.0128381
0.0156714
0.0185855
0.0215688
0.0246092
0.0276941
0.0308105
0.033945
0.0370837
0.0402124
0.0433165
0.0463809
0.0493906
0.0523301
0.0551836
0.0579356
0.0605703
0.0630719
0.0654249
0.0676141
0.0696243
0.0714411
0.0730503
0.0744387
0.0755934
0.0765025
0.0771553
0.0775415
0.0776525
0.0774803
0.0770185
0.0762616
0.0752056
0.0738475
0.0721858
0.07022
0.067951
0.0653805
0.0625115
0.059348
0.0558926
0.0521487
0.0481508
0.0439293
0.0390918
0.03331
0.0283956
0.022282
0.0172371
0.0129056
0.00885805
0.00511644
0.00170715
-0.0013767
-0.00414291
-0.00659749
-0.00874677
-0.0105976
-0.0121571
-0.0134325
-0.0144313
-0.015161
-0.0156293
-0.0158439
-0.0158126
-0.0155431
-0.0150433
-0.0143211
-0.0133844
-0.0122413
-0.0108998
-0.00936812
-0.00765467
-0.00576795
-0.00371666
-0.00150977
0.000843537
0.00333376
0.00595109
0.00868537
0.0115261
0.0144623
0.0174826
0.0205753
0.0237281
0.0269282
0.0301627
0.0334177
0.0366793
0.039933
0.0431637
0.0463563
0.0494951
0.0525643
0.0555476
0.0584289
0.0611917
0.0638196
0.0662965
0.068606
0.0707325
0.0726603
0.0743746
0.0758609
0.0771054
0.0780953
0.0788186
0.0792642
0.0794222
0.0792838
0.0788414
0.0780889
0.0770211
0.0756346
0.0739269
0.0718973
0.0695459
0.0668744
0.0638856
0.0605834
0.0569705
0.0530507
0.0488604
0.0444317
0.0393528
0.0332796
0.0272979
0.0209199
0.0156595
0.0111463
0.0069323
0.00304049
-0.000501733
-0.00370172
-0.0065679
-0.00910688
-0.0113257
-0.0132318
-0.0148331
-0.0161377
-0.0171537
-0.0178894
-0.0183533
-0.0185536
-0.018499
-0.0181977
-0.0176583
-0.0168891
-0.0158986
-0.0146953
-0.0132877
-0.0116844
-0.00989397
-0.00792533
-0.0057874
-0.00348936
-0.00104059
0.00154926
0.00427025
0.00711209
0.0100641
0.0131153
0.0162543
0.0194689
0.0227471
0.0260757
0.0294417
0.032831
0.0362294
0.0396221
0.0429939
0.0463292
0.0496118
0.0528255
0.0559535
0.058979
0.0618849
0.0646542
0.0672697
0.0697145
0.0719717
0.074025
0.0758584
0.0774562
0.0788039
0.0798873
0.0806932
0.0812095
0.0814253
0.0813306
0.0809168
0.0801768
0.0791046
0.0776958
0.0759475
0.073858
0.0714274
0.0686569
0.0655492
0.0621083
0.0583369
0.0542389
0.0498529
0.0452129
0.039887
0.0335147
0.0258451
0.0191997
0.013722
0.00902614
0.00464531
0.00060344
-0.003071
-0.00638586
-0.00935021
-0.0119712
-0.0142567
-0.0162147
-0.017854
-0.0191833
-0.0202116
-0.020948
-0.0214016
-0.0215815
-0.0214969
-0.0211568
-0.0205702
-0.0197462
-0.0186937
-0.0174216
-0.015939
-0.0142547
-0.0123777
-0.0103173
-0.00808248
-0.00568277
-0.00312771
-0.0004271
0.00240896
0.00537006
0.00844543
0.0116239
0.0148939
0.0182435
0.02166
0.0251306
0.0286416
0.0321791
0.0357285
0.0392747
0.0428022
0.046295
0.0497365
0.0531099
0.056398
0.0595833
0.062648
0.0655742
0.068344
0.0709395
0.073343
0.075537
0.0775044
0.0792286
0.0806936
0.0818841
0.082786
0.0833857
0.0836711
0.0836311
0.0832562
0.0825379
0.0814694
0.0800456
0.0782626
0.0761184
0.0736124
0.0707454
0.0675202
0.0639406
0.0600095
0.0557312
0.051146
0.0462901
0.0407107
0.0340307
0.0240197
0.0171036
0.0114063
0.00652649
0.00197824
-0.00221361
-0.00601952
-0.00944785
-0.0125083
-0.0152088
-0.0175575
-0.0195636
-0.0212365
-0.0225856
-0.0236208
-0.0243519
-0.0247888
-0.0249414
-0.0248195
-0.0244328
-0.0237911
-0.0229038
-0.0217805
-0.0204306
-0.0188635
-0.0170885
-0.0151151
-0.0129525
-0.0106103
-0.00809812
-0.00542567
-0.00260295
0.000359804
0.00345205
0.00666291
0.00998111
0.013395
0.0168923
0.0204606
0.0240865
0.0277565
0.0314563
0.0351711
0.0388855
0.0425836
0.0462491
0.049865
0.0534139
0.056878
0.0602391
0.0634787
0.0665782
0.0695187
0.0722813
0.0748474
0.0771983
0.0793157
0.0811819
0.0827796
0.0840923
0.0851044
0.0858013
0.0861693
0.0861964
0.0858716
0.0851854
0.0841301
0.0826994
0.0808888
0.0786955
0.0761184
0.0731582
0.0698171
0.0660993
0.0620076
0.0575464
0.0527583
0.0476813
0.0418414
0.0348437
0.0218037
0.0146128
0.00869319
0.00362795
-0.0010885
-0.00543031
-0.00936688
-0.0129071
-0.0160614
-0.0188383
-0.0212467
-0.0232966
-0.024998
-0.0263614
-0.0273974
-0.0281166
-0.0285298
-0.0286476
-0.0284805
-0.028039
-0.0273333
-0.0263738
-0.0251704
-0.023733
-0.0220716
-0.0201958
-0.0181154
-0.0158401
-0.0133796
-0.0107437
-0.00794251
-0.00498606
-0.00188475
0.00135074
0.00470944
0.00817997
0.0117505
0.0154089
0.0191422
0.0229373
0.0267803
0.0306567
0.0345514
0.038449
0.0423331
0.0461868
0.0499929
0.0537334
0.0573899
0.0609435
0.064375
0.0676648
0.0707931
0.0737401
0.076486
0.079011
0.0812955
0.0833205
0.0850675
0.0865185
0.0876565
0.0884655
0.0889305
0.0890381
0.088776
0.0881335
0.0871018
0.0856735
0.0838432
0.0816075
0.0789646
0.0759148
0.0724602
0.0686048
0.0643514
0.0597048
0.0547098
0.0494063
0.0432979
0.0359718
0.0191782
0.0117078
0.0055628
0.000310248
-0.00457533
-0.00906714
-0.0131335
-0.0167839
-0.0200295
-0.0228794
-0.0253434
-0.0274321
-0.0291566
-0.0305282
-0.0315583
-0.0322584
-0.0326401
-0.0327148
-0.0324939
-0.0319885
-0.0312097
-0.0301683
-0.0288748
-0.0273399
-0.0255737
-0.0235864
-0.0213882
-0.018989
-0.016399
-0.013628
-0.0106863
-0.00758426
-0.00433231
-0.000941257
0.00257782
0.00621345
0.00995376
0.0137864
0.0176985
0.0216766
0.0257067
0.0297742
0.0338639
0.0379598
0.0420454
0.0461034
0.050116
0.0540647
0.0579306
0.0616939
0.0653347
0.0688326
0.0721668
0.0753163
0.0782602
0.0809774
0.0834472
0.0856491
0.087563
0.0891697
0.0904505
0.091388
0.0919658
0.0921687
0.0919832
0.0913973
0.0904008
0.0889853
0.0871444
0.0848738
0.0821712
0.0790361
0.0754707
0.0714787
0.0670629
0.0622285
0.0570222
0.0514861
0.0451007
0.0374342
0.0161232
0.00836802
0.00199411
-0.00344784
-0.00850364
-0.0131455
-0.0173408
-0.0210994
-0.0244334
-0.0273526
-0.0298675
-0.0319898
-0.0337313
-0.0351042
-0.0361209
-0.036794
-0.0371357
-0.0371584
-0.0368743
-0.0362954
-0.0354334
-0.0342997
-0.0329057
-0.0312623
-0.0293804
-0.0272705
-0.0249431
-0.0224086
-0.0196772
-0.0167593
-0.0136652
-0.0104054
-0.00699044
-0.00343129
0.000260899
0.0040746
0.00799784
0.0120182
0.0161227
0.0202979
0.0245296
0.028803
0.0331027
0.0374124
0.0417153
0.0459938
0.0502297
0.0544037
0.0584964
0.0624873
0.0663558
0.0700802
0.0736391
0.0770101
0.0801712
0.0831001
0.0857744
0.0881724
0.0902724
0.0920535
0.0934955
0.0945792
0.0952868
0.0956013
0.0955078
0.0949927
0.0940444
0.0926534
0.0908121
0.0885153
0.0857597
0.0825446
0.0788716
0.0747444
0.0701657
0.0651408
0.0597187
0.0539437
0.0472719
0.0392522
0.0126177
0.00457189
-0.00203492
-0.00766862
-0.0128959
-0.0176879
-0.022011
-0.0258758
-0.029295
-0.0322792
-0.03484
-0.0369898
-0.0387415
-0.0401082
-0.0411035
-0.0417406
-0.0420331
-0.0419941
-0.0416367
-0.0409737
-0.0400177
-0.0387808
-0.0372749
-0.0355116
-0.0335023
-0.031258
-0.0287896
-0.0261078
-0.023223
-0.020146
-0.0168871
-0.013457
-0.00986654
-0.00612655
-0.00224832
0.00175656
0.0058761
0.0100978
0.0144087
0.0187951
0.0232429
0.0277371
0.032262
0.0368013
0.0413378
0.0458534
0.0503295
0.0547464
0.0590839
0.063321
0.0674358
0.0714062
0.0752094
0.078822
0.0822206
0.0853815
0.088281
0.0908955
0.093202
0.0951776
0.0968006
0.09805
0.0989059
0.09935
0.0993653
0.0989367
0.0980512
0.0966977
0.0948674
0.092554
0.0897535
0.0864643
0.0826877
0.0784271
0.0736852
0.0684672
0.0628247
0.056804
0.0498359
0.0414491
0.00863978
0.000296635
-0.0065475
-0.0123756
-0.0177757
-0.022718
-0.0271677
-0.0311362
-0.0346371
-0.0376817
-0.0402827
-0.0424533
-0.0442077
-0.0455599
-0.0465246
-0.0471163
-0.0473493
-0.047238
-0.0467962
-0.0460379
-0.0449762
-0.0436241
-0.0419944
-0.0400991
-0.0379501
-0.0355591
-0.0329372
-0.0300955
-0.0270448
-0.023796
-0.0203597
-0.0167467
-0.0129677
-0.00903395
-0.00495658
-0.000747227
0.00358209
0.00801888
0.0125501
0.0171621
0.0218407
0.0265707
0.0313364
0.0361212
0.0409076
0.0456772
0.050411
0.0550888
0.0596896
0.0641918
0.0685728
0.0728092
0.0768772
0.0807523
0.0844097
0.0878243
0.0909707
0.0938237
0.0963585
0.0985505
0.100376
0.101812
0.102836
0.103429
0.103572
0.103248
0.102441
0.101139
0.0993329
0.097014
0.0941775
0.0908211
0.0869455
0.082554
0.0776488
0.0722354
0.0663676
0.060094
0.052819
0.04405
0.0041659
-0.00448181
-0.0115682
-0.0175936
-0.023168
-0.0282607
-0.0328358
-0.0369053
-0.0404838
-0.0435837
-0.0462184
-0.0484025
-0.0501511
-0.0514797
-0.0524039
-0.0529395
-0.0531019
-0.0529065
-0.0523685
-0.0515024
-0.0503225
-0.0488426
-0.047076
-0.0450357
-0.0427341
-0.0401833
-0.0373949
-0.0343803
-0.0311507
-0.0277171
-0.0240903
-0.0202812
-0.0163008
-0.01216
-0.0078702
-0.00344296
0.00110974
0.00577544
0.0105411
0.0153932
0.0203173
0.0252983
0.0303204
0.0353668
0.0404197
0.0454606
0.0504698
0.0554268
0.0603101
0.065097
0.0697643
0.0742876
0.0786419
0.0828015
0.0867402
0.0904312
0.0938477
0.0969626
0.0997491
0.102181
0.104232
0.105877
0.107092
0.107856
0.108146
0.107944
0.107234
0.106001
0.104233
0.101921
0.0990585
0.095643
0.091674
0.0871544
0.0820864
0.0764752
0.0703773
0.0638433
0.0562501
0.0470829
-0.000828622
-0.00978895
-0.017123
-0.0233489
-0.0290993
-0.0343425
-0.0390414
-0.0432089
-0.0468606
-0.0500098
-0.0526711
-0.0548605
-0.0565941
-0.0578888
-0.0587615
-0.0592292
-0.0593087
-0.0590166
-0.0583691
-0.0573819
-0.0560702
-0.0544487
-0.0525316
-0.0503324
-0.0478644
-0.0451399
-0.0421713
-0.0389703
-0.0355482
-0.0319163
-0.0280856
-0.0240672
-0.0198718
-0.0155107
-0.010995
-0.00633629
-0.00154649
0.00336202
0.00837634
0.0134829
0.0186673
0.0239146
0.0292088
0.0345331
0.0398694
0.0451989
0.0505018
0.0557568
0.0609418
0.0660338
0.0710083
0.0758401
0.080503
0.0849701
0.0892136
0.0932051
0.0969161
0.100318
0.103381
0.106077
0.108378
0.110257
0.111688
0.112645
0.113105
0.113048
0.112454
0.111307
0.109593
0.107302
0.104426
0.10096
0.0969041
0.0922603
0.0870303
0.0812193
0.0748862
0.0680841
0.0601606
0.0505781
-0.00637001
-0.0156518
-0.0232395
-0.0296695
-0.0355978
-0.0409915
-0.0458124
-0.0500745
-0.0537942
-0.0569862
-0.0596662
-0.0618515
-0.0635597
-0.0648091
-0.0656181
-0.0660051
-0.0659882
-0.0655854
-0.064814
-0.0636911
-0.0622328
-0.0604549
-0.0583724
-0.0559996
-0.0533504
-0.0504379
-0.0472746
-0.0438728
-0.0402441
-0.0364001
-0.0323517
-0.0281101
-0.0236863
-0.0190912
-0.014336
-0.00943218
-0.00439151
0.000773783
0.00605091
0.0114264
0.0168861
0.022415
0.0279971
0.0336155
0.0392521
0.044888
0.0505027
0.0560748
0.0615816
0.0669992
0.0723025
0.0774652
0.08246
0.0872585
0.0918314
0.096149
0.10018
0.103895
0.107262
0.11025
0.112828
0.114967
0.116639
0.117815
0.118469
0.11858
0.118124
0.117083
0.115441
0.113187
0.11031
0.106805
0.10267
0.0979062
0.0925156
0.086503
0.0799298
0.0728514
0.064585
0.0545689
-0.0124861
-0.0220993
-0.0299473
-0.0365853
-0.0426933
-0.0482375
-0.0531785
-0.0575312
-0.0613132
-0.0645405
-0.0672303
-0.0694011
-0.0710723
-0.0722637
-0.0729954
-0.0732872
-0.073159
-0.07263
-0.0717191
-0.0704445
-0.0688236
-0.0668732
-0.0646094
-0.0620472
-0.0592011
-0.0560851
-0.052712
-0.0490945
-0.0452446
-0.0411739
-0.0368936
-0.0324149
-0.0277486
-0.0229058
-0.0178974
-0.0127347
-0.00742934
-0.00199332
0.00356079
0.00921973
0.0149695
0.0207952
0.0266809
0.0326099
0.0385639
0.0445237
0.0504688
0.0563774
0.0622262
0.0679907
0.0736449
0.0791616
0.0845122
0.0896671
0.0945955
0.0992656
0.103645
0.107701
0.111399
0.114707
0.117592
0.12002
0.121961
0.123384
0.12426
0.124563
0.124269
0.123356
0.121807
0.119607
0.116745
0.113212
0.109007
0.104129
0.0985805
0.0923649
0.0855466
0.0781834
0.0695608
0.0590917
-0.0192067
-0.0291622
-0.0372778
-0.0441281
-0.050418
-0.0561125
-0.0611712
-0.06561
-0.0694478
-0.072702
-0.0753913
-0.0775359
-0.0791571
-0.0802763
-0.0809155
-0.0810962
-0.08084
-0.0801679
-0.0791001
-0.0776564
-0.0758554
-0.0737152
-0.0712527
-0.0684841
-0.0654246
-0.0620886
-0.0584897
-0.0546409
-0.0505544
-0.0462421
-0.0417152
-0.036985
-0.0320622
-0.0269577
-0.0216822
-0.0162469
-0.010663
-0.00494233
0.000902867
0.00685961
0.0129141
0.0190518
0.0252569
0.0315127
0.037801
0.0441026
0.0503968
0.0566615
0.0628728
0.0690058
0.0750336
0.080928
0.0866594
0.0921967
0.0975075
0.102558
0.107314
0.111741
0.115802
0.119461
0.122682
0.125431
0.127672
0.129371
0.130498
0.131022
0.130917
0.130158
0.128724
0.126598
0.123766
0.120221
0.115955
0.110971
0.105267
0.098847
0.0917788
0.0841222
0.0751291
0.0641863
-0.0265633
-0.0368734
-0.0452648
-0.0523322
-0.0588062
-0.0646509
-0.0698245
-0.0743441
-0.0782302
-0.0815016
-0.0841789
-0.0862842
-0.0878406
-0.0888716
-0.0894012
-0.0894531
-0.0890505
-0.0882164
-0.0869727
-0.0853407
-0.0833406
-0.0809916
-0.0783119
-0.0753186
-0.0720277
-0.0684544
-0.0646127
-0.0605161
-0.0561771
-0.0516076
-0.0468192
-0.0418227
-0.036629
-0.0312486
-0.0256922
-0.0199704
-0.0140943
-0.00807511
-0.00192486
0.00434388
0.0107177
0.0171823
0.0237223
0.0303211
0.0369607
0.0436218
0.0502838
0.0569241
0.0635188
0.0700422
0.0764667
0.0827633
0.0889012
0.0948478
0.100569
0.10603
0.111193
0.116022
0.120477
0.12452
0.128112
0.131214
0.133789
0.135798
0.137208
0.137985
0.138097
0.137519
0.136225
0.134195
0.131415
0.127871
0.123558
0.118475
0.112619
0.105995
0.0986723
0.0907135
0.081335
0.0698963
-0.03459
-0.0452683
-0.0539447
-0.0612344
-0.067895
-0.0738893
-0.0791745
-0.0837689
-0.0876947
-0.0909724
-0.0936245
-0.0956754
-0.0971503
-0.0980753
-0.0984762
-0.0983793
-0.0978098
-0.0967928
-0.0953521
-0.0935108
-0.0912907
-0.0887123
-0.0857952
-0.0825575
-0.0790161
-0.0751869
-0.0710845
-0.0667228
-0.0621146
-0.0572719
-0.0522063
-0.0469285
-0.0414493
-0.0357789
-0.0299275
-0.0239055
-0.0177234
-0.0113921
-0.00492306
0.00167166
0.00837911
0.0151854
0.0220755
0.0290332
0.0360407
0.0430791
0.0501273
0.0571631
0.0641621
0.071098
0.0779429
0.0846666
0.0912373
0.097621
0.103782
0.109684
0.115286
0.12055
0.125434
0.129897
0.133895
0.137387
0.140331
0.142686
0.144414
0.145477
0.14584
0.145473
0.144347
0.14244
0.139732
0.136209
0.131862
0.12669
0.120688
0.11386
0.106278
0.0980073
0.0882278
0.0762697
-0.0433233
-0.0543851
-0.0633566
-0.0708745
-0.0777244
-0.0838677
-0.0892605
-0.0939227
-0.0978781
-0.101149
-0.103761
-0.105741
-0.107115
-0.107914
-0.108165
-0.107896
-0.107137
-0.105914
-0.104253
-0.102179
-0.0997162
-0.096886
-0.0937096
-0.0902062
-0.0863937
-0.0822888
-0.0779068
-0.0732618
-0.0683669
-0.0632344
-0.0578755
-0.0523011
-0.0465216
-0.0405467
-0.0343864
-0.0280505
-0.021549
-0.0148922
-0.00809082
-0.0011565
0.00589849
0.0130608
0.0203159
0.0276481
0.03504
0.0424729
0.0499259
0.0573767
0.0648008
0.0721717
0.0794607
0.086637
0.0936675
0.100517
0.107149
0.113523
0.119598
0.125333
0.130682
0.135601
0.140044
0.143965
0.147318
0.150058
0.152142
0.153529
0.154179
0.154057
0.153131
0.151374
0.148763
0.145281
0.140918
0.135668
0.129526
0.122495
0.11465
0.106059
0.0958614
0.0833586
-0.0528023
-0.0642651
-0.0735433
-0.0812958
-0.0883376
-0.0946289
-0.100125
-0.104846
-0.10882
-0.11207
-0.114625
-0.116513
-0.117766
-0.118415
-0.118491
-0.118027
-0.117052
-0.115597
-0.11369
-0.111358
-0.108626
-0.10552
-0.10206
-0.0982682
-0.0941627
-0.089761
-0.0850792
-0.0801317
-0.074932
-0.0694921
-0.0638236
-0.0579369
-0.0518419
-0.0455483
-0.0390652
-0.0324018
-0.0255676
-0.0185721
-0.0114255
-0.00413831
0.00327767
0.0108099
0.0184445
0.0261663
0.0339585
0.0418028
0.0496787
0.0575639
0.065434
0.0732622
0.0810193
0.0886739
0.0961919
0.103537
0.11067
0.11755
0.124134
0.130376
0.136229
0.141644
0.146573
0.150964
0.154769
0.157937
0.16042
0.162172
0.163149
0.16331
0.162619
0.161044
0.158559
0.155143
0.150781
0.145467
0.139193
0.131962
0.123849
0.114928
0.104295
0.0912206
-0.0630697
-0.074953
-0.0845508
-0.0925452
-0.0997819
-0.10622
-0.111813
-0.116584
-0.120563
-0.123775
-0.126252
-0.128027
-0.129134
-0.129607
-0.129481
-0.128792
-0.127573
-0.125857
-0.123675
-0.121056
-0.118029
-0.114619
-0.110851
-0.106745
-0.102323
-0.0976018
-0.0925987
-0.0873286
-0.0818049
-0.0760399
-0.0700447
-0.0638297
-0.0574042
-0.0507773
-0.0439576
-0.0369535
-0.0297737
-0.0224269
-0.0149222
-0.0072696
0.000520258
0.00843562
0.0164635
0.0245894
0.0327974
0.0410695
0.0493859
0.0577246
0.0660612
0.0743689
0.0826182
0.0907771
0.0988107
0.106681
0.114349
0.121769
0.128898
0.135686
0.142083
0.148038
0.153496
0.158404
0.162706
0.166348
0.169276
0.171439
0.172787
0.173273
0.172857
0.1715
0.169173
0.165849
0.161511
0.156149
0.149754
0.142325
0.133943
0.124681
0.113594
0.0999186
-0.0741716
-0.0864978
-0.09643
-0.104674
-0.112109
-0.118692
-0.124375
-0.129185
-0.133152
-0.136307
-0.138684
-0.140319
-0.141251
-0.141519
-0.14116
-0.140215
-0.138719
-0.136709
-0.13422
-0.131284
-0.127931
-0.124188
-0.120082
-0.115636
-0.110871
-0.105807
-0.10046
-0.0948457
-0.0889782
-0.0828694
-0.0765302
-0.0699705
-0.0631992
-0.0562247
-0.0490548
-0.0416971
-0.0341591
-0.0264487
-0.0185741
-0.010544
-0.00236812
0.00594291
0.0143771
0.0229209
0.0315592
0.0402749
0.0490489
0.0578595
0.0666827
0.0754919
0.0842574
0.0929467
0.101524
0.109951
0.118186
0.126183
0.133894
0.141269
0.148254
0.154793
0.160829
0.166301
0.171151
0.175318
0.178742
0.181365
0.183133
0.183991
0.183894
0.182796
0.180663
0.177463
0.173175
0.167785
0.16128
0.153658
0.145003
0.135391
0.12383
0.109522
-0.0861585
-0.0989532
-0.109236
-0.117739
-0.125375
-0.1321
-0.137866
-0.1427
-0.146638
-0.149712
-0.151963
-0.153429
-0.154154
-0.154182
-0.153555
-0.152316
-0.150507
-0.148168
-0.145337
-0.142047
-0.138334
-0.134226
-0.129752
-0.124937
-0.119802
-0.114368
-0.108653
-0.102673
-0.0964408
-0.089969
-0.083268
-0.0763471
-0.0692148
-0.0618785
-0.054345
-0.046621
-0.038713
-0.0306276
-0.0223717
-0.0139529
-0.00537961
0.0033387
0.0121913
0.0211658
0.0302482
0.0394224
0.04867
0.0579703
0.0672997
0.0766318
0.0859371
0.0951828
0.104333
0.113347
0.122183
0.130793
0.139128
0.147132
0.15475
0.161922
0.168584
0.174674
0.180125
0.184872
0.188847
0.191987
0.194228
0.195512
0.195783
0.194991
0.193093
0.190053
0.185844
0.180447
0.173848
0.16604
0.157111
0.147138
0.135082
0.120107
-0.0990858
-0.112378
-0.123031
-0.131803
-0.139643
-0.146507
-0.152345
-0.157188
-0.161073
-0.164041
-0.166134
-0.167397
-0.167878
-0.167627
-0.166691
-0.165118
-0.162955
-0.160246
-0.157031
-0.153351
-0.14924
-0.144732
-0.139856
-0.13464
-0.129106
-0.123275
-0.117167
-0.110797
-0.104178
-0.0973235
-0.0902425
-0.0829439
-0.0754353
-0.0677231
-0.0598131
-0.0517109
-0.0434215
-0.0349502
-0.0263026
-0.0174849
-0.00850394
0.000632211
0.00991422
0.0193312
0.0288703
0.0385168
0.0482533
0.05806
0.0679142
0.0777901
0.0876583
0.0974862
0.107237
0.116871
0.126342
0.135604
0.144602
0.153281
0.161579
0.169434
0.176778
0.183541
0.189652
0.195038
0.199626
0.203343
0.206119
0.207886
0.208581
0.208147
0.206532
0.203693
0.199598
0.194221
0.187544
0.17956
0.170354
0.160011
0.147437
0.131758
-0.113015
-0.126839
-0.137883
-0.146935
-0.154983
-0.161981
-0.167878
-0.17271
-0.176519
-0.179348
-0.181246
-0.182266
-0.182461
-0.181885
-0.180595
-0.178642
-0.176078
-0.172953
-0.169311
-0.165196
-0.160648
-0.1557
-0.150386
-0.144734
-0.138769
-0.132512
-0.125984
-0.119199
-0.112172
-0.104914
-0.0974341
-0.0897411
-0.0818411
-0.0737394
-0.0654405
-0.0569486
-0.0482673
-0.0394004
-0.0303518
-0.021126
-0.0117282
-0.00216492
0.00755628
0.0174261
0.0274333
0.0375645
0.0478038
0.0581327
0.0685294
0.0789689
0.0894225
0.0998577
0.110238
0.120522
0.130665
0.140616
0.15032
0.159719
0.168748
0.17734
0.185422
0.192919
0.199754
0.205845
0.211112
0.215474
0.218851
0.221167
0.22235
0.222332
0.221054
0.218464
0.214521
0.209197
0.202464
0.194313
0.184833
0.174109
0.160992
0.144568
-0.128013
-0.142408
-0.153868
-0.163212
-0.171471
-0.178597
-0.184539
-0.189336
-0.193037
-0.195691
-0.197353
-0.198083
-0.197941
-0.196991
-0.195292
-0.192906
-0.189889
-0.186296
-0.182178
-0.177582
-0.172549
-0.16712
-0.161328
-0.155204
-0.148773
-0.142059
-0.135082
-0.127857
-0.120398
-0.112716
-0.104819
-0.096715
-0.0884087
-0.0799043
-0.0712048
-0.0623127
-0.05323
-0.0439586
-0.0345008
-0.0248591
-0.0150368
-0.00503847
0.00513017
0.0154617
0.0259468
0.0365737
0.0473284
0.0581936
0.0691491
0.080171
0.0912315
0.102298
0.113336
0.124302
0.13515
0.14583
0.156285
0.166452
0.176265
0.18565
0.194531
0.202827
0.210453
0.21732
0.223339
0.228421
0.232474
0.235413
0.237154
0.23762
0.23674
0.234453
0.230711
0.225474
0.218713
0.210409
0.200656
0.18954
0.175854
0.15864
-0.144157
-0.159167
-0.171072
-0.180722
-0.189194
-0.19644
-0.202408
-0.207143
-0.210699
-0.213134
-0.21451
-0.214896
-0.214361
-0.212976
-0.210809
-0.207929
-0.2044
-0.200282
-0.195632
-0.190501
-0.184935
-0.178978
-0.172664
-0.166028
-0.159096
-0.151892
-0.144436
-0.136744
-0.128829
-0.120701
-0.112369
-0.103837
-0.0951101
-0.0861905
-0.0770795
-0.0677776
-0.0582851
-0.0486019
-0.0387281
-0.0286641
-0.0184111
-0.00797155
0.00265109
0.0134515
0.0244225
0.0355545
0.0468352
0.0582495
0.0697785
0.0814001
0.0930875
0.10481
0.116531
0.12821
0.1398
0.151249
0.162498
0.173483
0.184133
0.194372
0.204117
0.213281
0.221772
0.229492
0.236344
0.242227
0.24704
0.250684
0.253063
0.254089
0.253678
0.251759
0.24827
0.243165
0.236405
0.227968
0.217945
0.206427
0.192142
0.174088
-0.161532
-0.17721
-0.189592
-0.199563
-0.20825
-0.215605
-0.221577
-0.226215
-0.229583
-0.231747
-0.232779
-0.232757
-0.231762
-0.229873
-0.227169
-0.223727
-0.219619
-0.214911
-0.209667
-0.203943
-0.19779
-0.191253
-0.184372
-0.17718
-0.169708
-0.161979
-0.154013
-0.145826
-0.13743
-0.128836
-0.120049
-0.111074
-0.101913
-0.0925663
-0.0830338
-0.0733139
-0.0634046
-0.0533036
-0.0430085
-0.0325176
-0.0218297
-0.0109445
0.000136727
0.0114112
0.0228742
0.0345184
0.046334
0.0583079
0.0704235
0.0826602
0.0949932
0.107393
0.119824
0.132246
0.144612
0.15687
0.168958
0.180812
0.192357
0.203512
0.21419
0.224296
0.233731
0.24239
0.250163
0.256938
0.262602
0.267044
0.270153
0.271825
0.271965
0.270486
0.267314
0.262393
0.255672
0.247122
0.236836
0.224906
0.209991
0.19104
-0.180235
-0.196641
-0.209537
-0.219845
-0.22875
-0.2362
-0.242146
-0.246646
-0.249773
-0.251604
-0.252223
-0.25172
-0.250187
-0.247715
-0.244396
-0.240313
-0.235549
-0.23018
-0.224273
-0.217891
-0.21109
-0.203919
-0.196419
-0.188628
-0.180574
-0.172283
-0.163774
-0.155064
-0.146164
-0.137081
-0.127822
-0.118388
-0.108779
-0.0989953
-0.0890328
-0.078888
-0.0685565
-0.0580334
-0.0473138
-0.0363933
-0.025268
-0.013935
-0.00239273
0.00935882
0.0213176
0.033479
0.0458359
0.0583779
0.0710907
0.0839561
0.0969514
0.110048
0.123214
0.136408
0.149585
0.162691
0.175665
0.18844
0.200938
0.213075
0.224757
0.235886
0.246351
0.256039
0.264829
0.272597
0.279217
0.284559
0.288501
0.29092
0.291704
0.29075
0.28797
0.283293
0.276657
0.268022
0.257482
0.24513
0.22955
0.20964
-0.200377
-0.217581
-0.231034
-0.241698
-0.250819
-0.258345
-0.26423
-0.268542
-0.271364
-0.272788
-0.272912
-0.271841
-0.26968
-0.266535
-0.262508
-0.257697
-0.252192
-0.246079
-0.239433
-0.232323
-0.224809
-0.216943
-0.208771
-0.20033
-0.191651
-0.18276
-0.173676
-0.164414
-0.154983
-0.145392
-0.135642
-0.125734
-0.115667
-0.105436
-0.0950369
-0.0844621
-0.0737048
-0.0627573
-0.051612
-0.0402615
-0.0286988
-0.0169181
-0.00491474
0.00731432
0.0197701
0.0324511
0.0453533
0.0584691
0.0717874
0.0852926
0.0989645
0.112777
0.1267
0.140694
0.154714
0.168708
0.182614
0.196362
0.209874
0.223061
0.235825
0.24806
0.259648
0.270465
0.280378
0.289251
0.29694
0.303302
0.308192
0.311471
0.313008
0.312679
0.310379
0.306018
0.299521
0.290836
0.280055
0.267272
0.250988
0.230048
-0.222083
-0.240168
-0.254228
-0.265266
-0.2746
-0.282179
-0.287958
-0.292019
-0.29446
-0.295389
-0.294922
-0.293179
-0.290285
-0.286361
-0.281523
-0.275882
-0.269541
-0.262593
-0.255123
-0.247206
-0.238908
-0.230283
-0.22138
-0.212239
-0.20289
-0.193359
-0.183665
-0.173822
-0.163837
-0.153716
-0.143459
-0.133065
-0.122529
-0.111844
-0.101002
-0.0899943
-0.0788098
-0.067438
-0.0558681
-0.0440894
-0.0320919
-0.0198663
-0.00740453
0.00529972
0.0182509
0.0314511
0.0448996
0.0585923
0.0725213
0.0866746
0.101035
0.115579
0.130279
0.145099
0.159994
0.174914
0.189797
0.204573
0.219161
0.233469
0.247395
0.260825
0.273635
0.285689
0.296842
0.306942
0.31583
0.323342
0.329315
0.333585
0.336
0.336412
0.334694
0.330737
0.324445
0.315754
0.30475
0.291526
0.274496
0.252445
-0.2455
-0.264564
-0.279286
-0.29072
-0.30026
-0.307858
-0.313476
-0.317209
-0.319176
-0.319504
-0.31833
-0.315796
-0.312047
-0.307221
-0.301452
-0.294867
-0.287581
-0.279697
-0.27131
-0.262501
-0.253341
-0.243888
-0.234193
-0.224297
-0.214232
-0.204021
-0.193683
-0.183229
-0.172666
-0.161996
-0.151217
-0.140325
-0.129312
-0.118167
-0.106881
-0.0954388
-0.0838281
-0.0720346
-0.0600439
-0.0478418
-0.0354148
-0.0227498
-0.00983541
0.00333867
0.0167806
0.0304963
0.0444889
0.0587582
0.0733002
0.0881065
0.103164
0.118453
0.133948
0.149616
0.165416
0.181299
0.197204
0.213061
0.228787
0.24429
0.259462
0.274183
0.28832
0.301728
0.314249
0.325713
0.335944
0.344756
0.351962
0.357374
0.360812
0.362102
0.36109
0.35764
0.351634
0.34299
0.331787
0.318116
0.300292
0.277037
-0.270799
-0.290956
-0.306404
-0.318255
-0.32799
-0.335565
-0.34095
-0.34426
-0.345639
-0.345239
-0.343221
-0.339754
-0.335005
-0.329137
-0.322302
-0.314643
-0.306289
-0.297358
-0.287951
-0.278156
-0.268051
-0.257696
-0.247145
-0.236439
-0.225608
-0.214676
-0.20366
-0.192568
-0.181404
-0.170168
-0.158855
-0.147455
-0.135959
-0.124352
-0.11262
-0.100746
-0.0887131
-0.0765033
-0.0640986
-0.0514809
-0.0386327
-0.0255374
-0.0121792
0.00145605
0.0153807
0.0296048
0.0441357
0.0589777
0.0741311
0.0895919
0.105351
0.121394
0.137698
0.154235
0.170968
0.187848
0.204818
0.221809
0.238738
0.255511
0.272016
0.288128
0.303707
0.318596
0.332623
0.345602
0.357336
0.367616
0.376229
0.382958
0.387588
0.389917
0.389756
0.386938
0.381319
0.372788
0.361419
0.347297
0.328625
0.30406
-0.29818
-0.319563
-0.335813
-0.348101
-0.358011
-0.365506
-0.370569
-0.373339
-0.373991
-0.372707
-0.369682
-0.365115
-0.3592
-0.352125
-0.344068
-0.335188
-0.325632
-0.315528
-0.304988
-0.294108
-0.282968
-0.271635
-0.26016
-0.248585
-0.236941
-0.225248
-0.213521
-0.201765
-0.18998
-0.178162
-0.166303
-0.15439
-0.142407
-0.130338
-0.118164
-0.105863
-0.0934151
-0.0807978
-0.0679891
-0.0549669
-0.0417095
-0.0281961
-0.0144066
-0.00032253
0.0140729
0.0287945
0.0438542
0.059261
0.0750204
0.0911331
0.107595
0.124397
0.141521
0.158944
0.176632
0.194541
0.212618
0.230795
0.248991
0.267109
0.285038
0.302647
0.319788
0.336294
0.351979
0.366641
0.380058
0.391998
0.402215
0.410461
0.416483
0.420041
0.420905
0.418871
0.413759
0.405429
0.393936
0.379361
0.359783
0.333783
-0.32788
-0.350647
-0.367783
-0.380528
-0.390584
-0.397924
-0.402549
-0.404634
-0.404387
-0.402034
-0.397806
-0.391939
-0.384662
-0.376194
-0.366736
-0.35647
-0.34556
-0.334147
-0.322352
-0.310279
-0.298011
-0.285617
-0.27315
-0.260649
-0.248143
-0.23565
-0.223181
-0.210736
-0.198313
-0.185902
-0.173489
-0.161059
-0.148591
-0.136064
-0.123453
-0.110735
-0.0978822
-0.0848698
-0.0716709
-0.0582589
-0.0446079
-0.0306925
-0.016488
-0.00197133
0.0128792
0.0280831
0.0436577
0.0596173
0.0759725
0.09273
0.109891
0.127453
0.145403
0.163724
0.182387
0.201354
0.220575
0.239988
0.259512
0.279054
0.298499
0.317715
0.336546
0.354816
0.372326
0.388853
0.404155
0.41797
0.430019
0.440014
0.447662
0.452673
0.454772
0.453708
0.449254
0.44123
0.429674
0.41465
0.394098
0.366518
-0.360179
-0.384518
-0.402638
-0.415855
-0.426013
-0.433099
-0.437139
-0.438353
-0.436999
-0.433348
-0.427683
-0.420283
-0.411417
-0.401339
-0.390278
-0.378441
-0.366008
-0.353136
-0.339955
-0.326574
-0.31308
-0.299542
-0.286012
-0.272528
-0.259115
-0.245786
-0.232546
-0.219393
-0.206317
-0.193304
-0.180336
-0.167389
-0.154441
-0.141463
-0.128427
-0.115303
-0.102061
-0.0886698
-0.0750983
-0.0613155
-0.0472905
-0.0329931
-0.0183941
-0.00346529
0.0118201
0.027487
0.0435581
0.0600534
0.0769897
0.0943798
0.112232
0.130548
0.149325
0.168551
0.188203
0.208252
0.228653
0.249347
0.270261
0.291302
0.312358
0.333294
0.35395
0.374141
0.393655
0.412251
0.429663
0.445596
0.459737
0.471752
0.481299
0.488033
0.491621
0.491752
0.488143
0.480564
0.469021
0.453559
0.43196
0.402629
-0.395415
-0.421551
-0.440764
-0.454464
-0.464657
-0.471356
-0.474623
-0.474735
-0.472013
-0.466789
-0.459406
-0.450195
-0.439475
-0.427538
-0.414645
-0.401029
-0.38689
-0.372397
-0.357689
-0.34288
-0.328059
-0.313293
-0.298632
-0.28411
-0.269745
-0.255547
-0.241514
-0.227636
-0.213899
-0.200281
-0.186759
-0.173303
-0.159883
-0.146467
-0.133021
-0.119509
-0.105897
-0.092148
-0.0782261
-0.0640955
-0.0497203
-0.0350656
-0.0200969
-0.00478084
0.0109147
0.0270203
0.0435645
0.0605736
0.0780709
0.0960759
0.114604
0.133665
0.153263
0.173395
0.194046
0.215194
0.236803
0.258821
0.281182
0.303797
0.326558
0.34933
0.371952
0.394231
0.415943
0.436831
0.456601
0.47493
0.491461
0.505811
0.517579
0.526357
0.53174
0.533346
0.530817
0.523858
0.512433
0.496558
0.473826
0.442541
-0.433997
-0.462197
-0.48263
-0.49681
-0.506941
-0.513076
-0.515326
-0.514044
-0.509631
-0.502499
-0.49306
-0.481713
-0.46883
-0.454748
-0.439766
-0.424142
-0.408096
-0.391808
-0.375425
-0.359064
-0.342813
-0.326737
-0.310879
-0.295267
-0.279913
-0.264819
-0.249974
-0.235363
-0.220961
-0.206742
-0.192673
-0.178719
-0.164844
-0.151008
-0.137172
-0.123295
-0.109337
-0.0952555
-0.08101
-0.0665592
-0.0518625
-0.0368794
-0.0215705
-0.00589691
0.0101792
0.0266942
0.043683
0.0611784
0.0792106
0.0978068
0.11699
0.136779
0.157187
0.178218
0.199869
0.222128
0.244967
0.268345
0.292204
0.316464
0.341022
0.365749
0.390481
0.415023
0.439143
0.462565
0.484973
0.506008
0.525269
0.54232
0.556692
0.567899
0.575452
0.578877
0.577725
0.571613
0.560447
0.544198
0.520242
0.486762
-0.476425
-0.507011
-0.528804
-0.543443
-0.553374
-0.558705
-0.559621
-0.556575
-0.550071
-0.540619
-0.528721
-0.514853
-0.499449
-0.482899
-0.465539
-0.447654
-0.429483
-0.411216
-0.393006
-0.374968
-0.357187
-0.33972
-0.322605
-0.305859
-0.289485
-0.273475
-0.257809
-0.242462
-0.227401
-0.21259
-0.19799
-0.183557
-0.169247
-0.155016
-0.140817
-0.126603
-0.112328
-0.0979451
-0.0834077
-0.0686696
-0.0536846
-0.0384073
-0.0227925
-0.00679597
0.00962594
0.0265158
0.043915
0.0618633
0.0803984
0.0995554
0.119366
0.139859
0.161056
0.182972
0.205617
0.228989
0.253072
0.277838
0.30324
0.32921
0.355655
0.382451
0.409441
0.43643
0.463179
0.489399
0.514751
0.538842
0.561225
0.581402
0.598829
0.612929
0.623109
0.628784
0.629384
0.624415
0.6137
0.597144
0.57186
0.535895
-0.523313
-0.556675
-0.579983
-0.59503
-0.604561
-0.608766
-0.607935
-0.602653
-0.593559
-0.581286
-0.566445
-0.549603
-0.531267
-0.511881
-0.491822
-0.471403
-0.450876
-0.43044
-0.410247
-0.390409
-0.371001
-0.352072
-0.333647
-0.315731
-0.298316
-0.28138
-0.264893
-0.248818
-0.233112
-0.217729
-0.20262
-0.187734
-0.173019
-0.158424
-0.143894
-0.129377
-0.114821
-0.100173
-0.0853809
-0.0703932
-0.0551585
-0.0396259
-0.0237448
-0.00746515
0.00926249
0.0264871
0.0442567
0.0626183
0.0816175
0.101298
0.121701
0.142864
0.164822
0.187601
0.211223
0.235699
0.26103
0.287202
0.314182
0.341919
0.370331
0.399309
0.428705
0.458328
0.487939
0.517239
0.545872
0.573411
0.599362
0.62316
0.644176
0.661727
0.675098
0.68356
0.686394
0.682957
0.672953
0.656195
0.629472
0.590671
-0.57543
-0.612039
-0.637034
-0.652389
-0.661231
-0.663872
-0.660751
-0.652631
-0.640324
-0.624618
-0.606256
-0.58591
-0.564169
-0.541537
-0.518428
-0.49518
-0.472057
-0.449257
-0.426929
-0.405173
-0.384052
-0.3636
-0.343825
-0.324717
-0.306252
-0.288393
-0.271097
-0.254312
-0.237985
-0.222059
-0.206474
-0.19117
-0.176088
-0.161166
-0.146346
-0.131567
-0.116771
-0.1019
-0.086896
-0.071702
-0.0562613
-0.0405176
-0.0244149
-0.00789738
0.00909037
0.0266037
0.0446975
0.0634263
0.0828439
0.103003
0.123954
0.145747
0.168427
0.192035
0.216606
0.242168
0.268738
0.29632
0.324901
0.354447
0.384898
0.416161
0.448105
0.480551
0.513264
0.545946
0.578225
0.609648
0.639671
0.667663
0.6929
0.714579
0.731832
0.743759
0.749449
0.748056
0.739125
0.722328
0.694051
0.651985
-0.633741
-0.674177
-0.701035
-0.716524
-0.724259
-0.724741
-0.718615
-0.706884
-0.690587
-0.670702
-0.64813
-0.623663
-0.597982
-0.571646
-0.545109
-0.518724
-0.492758
-0.467404
-0.442797
-0.419019
-0.396113
-0.374092
-0.352943
-0.332637
-0.313129
-0.294365
-0.276286
-0.258824
-0.241914
-0.225484
-0.209466
-0.193789
-0.178384
-0.163184
-0.14812
-0.133126
-0.118139
-0.103093
-0.0879256
-0.072574
-0.0569765
-0.0410713
-0.0247971
-0.00809246
0.00910411
0.0268542
0.0452198
0.0642629
0.0840456
0.10463
0.126077
0.148448
0.171801
0.196192
0.221671
0.248285
0.27607
0.305052
0.335239
0.366623
0.399168
0.432807
0.467431
0.502882
0.538942
0.575319
0.611636
0.64742
0.682086
0.714934
0.745138
0.771758
0.793751
0.810001
0.819348
0.820687
0.81333
0.796744
0.7668
0.720943
-0.699481
-0.744458
-0.77335
-0.788679
-0.794705
-0.792209
-0.782131
-0.7658
-0.74454
-0.719569
-0.69197
-0.662673
-0.632448
-0.601912
-0.571545
-0.541707
-0.512656
-0.48457
-0.457556
-0.431671
-0.40693
-0.383317
-0.360793
-0.339302
-0.318778
-0.299145
-0.280325
-0.262234
-0.24479
-0.227911
-0.211514
-0.195519
-0.179847
-0.164422
-0.14917
-0.134017
-0.118893
-0.103726
-0.0884499
-0.0729953
-0.0572955
-0.0412839
-0.0248937
-0.00805806
0.00929027
0.0272192
0.0457976
0.0650949
0.0851818
0.10613
0.128011
0.150898
0.174863
0.199978
0.22631
0.253926
0.282884
0.313235
0.345014
0.378243
0.412916
0.449
0.486418
0.525045
0.564689
0.605079
0.645847
0.686512
0.726457
0.764918
0.800967
0.833511
0.861301
0.882962
0.897018
0.902013
0.896934
0.880945
0.849239
0.79894
-0.774251
-0.824651
-0.855723
-0.870408
-0.873847
-0.867241
-0.851956
-0.829751
-0.802318
-0.771162
-0.737579
-0.702642
-0.667208
-0.631941
-0.597331
-0.563728
-0.531367
-0.500391
-0.47087
-0.442823
-0.416225
-0.391025
-0.36715
-0.344514
-0.323024
-0.30258
-0.28308
-0.264425
-0.246515
-0.229252
-0.212542
-0.196295
-0.180422
-0.164838
-0.14946
-0.13421
-0.11901
-0.103784
-0.0884581
-0.0729604
-0.0572185
-0.0411608
-0.0247155
-0.00781061
0.00962668
0.0276704
0.0463958
0.0658801
0.0862023
0.107443
0.129686
0.153016
0.177519
0.203284
0.230398
0.258947
0.289016
0.320682
0.354014
0.389067
0.425875
0.464445
0.504745
0.546694
0.590143
0.634858
0.680501
0.726598
0.772521
0.817454
0.86037
0.900018
0.934915
0.963373
0.983516
0.993422
0.991622
0.976824
0.943305
0.887754
-0.860157
-0.917084
-0.9504
-0.963655
-0.963223
-0.95094
-0.928774
-0.899059
-0.863948
-0.82529
-0.784611
-0.743126
-0.701767
-0.661217
-0.621956
-0.5843
-0.548434
-0.514449
-0.482361
-0.452135
-0.423697
-0.396951
-0.371784
-0.348073
-0.325693
-0.304518
-0.284423
-0.265287
-0.246992
-0.229428
-0.212486
-0.196064
-0.180064
-0.164394
-0.148963
-0.133685
-0.118476
-0.103258
-0.0879494
-0.0724741
-0.0567554
-0.0407171
-0.0242829
-0.00737587
0.0100819
0.0281702
0.0469706
0.0665673
0.0870476
0.108502
0.131024
0.154711
0.179665
0.20599
0.233794
0.263188
0.294281
0.327182
0.361997
0.39882
0.437732
0.478791
0.522022
0.567402
0.614845
0.664177
0.71511
0.76721
0.819863
0.872225
0.923191
0.97135
1.01497
1.05199
1.08003
1.09657
1.09948
1.0868
1.05152
0.9897
-0.960037
-1.02487
-1.06032
-1.07087
-1.06467
-1.04453
-1.01325
-0.973928
-0.929289
-0.881565
-0.832521
-0.783497
-0.735462
-0.689085
-0.644796
-0.60284
-0.563328
-0.526271
-0.49161
-0.459241
-0.429028
-0.400821
-0.374457
-0.349775
-0.326613
-0.304815
-0.284231
-0.264718
-0.246141
-0.228371
-0.21129
-0.194783
-0.178743
-0.163068
-0.147662
-0.132433
-0.117292
-0.102153
-0.0869337
-0.0715516
-0.0559264
-0.039978
-0.0236261
-0.00678925
0.0106151
0.0286718
0.0474685
0.0670959
0.0876489
0.109227
0.131934
0.155881
0.181183
0.207962
0.236347
0.266471
0.298475
0.3325
0.368691
0.40719
0.448131
0.491633
0.53779
0.586657
0.63823
0.692422
0.749032
0.8077
0.867866
0.928704
0.989062
1.0474
1.10171
1.14954
1.18789
1.21343
1.22313
1.21401
1.17722
1.10786
-1.0778
-1.15223
-1.18936
-1.19514
-1.18037
-1.14931
-1.10594
-1.05435
-0.997923
-0.939313
-0.880494
-0.822881
-0.767425
-0.714719
-0.665088
-0.618665
-0.575444
-0.535327
-0.498159
-0.463749
-0.431885
-0.402353
-0.374936
-0.349425
-0.325623
-0.303339
-0.282397
-0.262632
-0.24389
-0.226029
-0.208915
-0.192423
-0.176438
-0.160851
-0.145558
-0.130461
-0.115467
-0.100487
-0.0854326
-0.0702191
-0.0547625
-0.0389792
-0.0227853
-0.00609574
0.0111761
0.0291197
0.0478276
0.0673968
0.0879291
0.109532
0.13232
0.156416
0.181948
0.209057
0.23789
0.268608
0.301379
0.336381
0.373802
0.413834
0.456672
0.502507
0.551516
0.603849
0.659612
0.718834
0.781441
0.847199
0.915658
0.986074
1.05731
1.12775
1.19517
1.25664
1.30847
1.3463
1.36583
1.36256
1.32491
1.24644
-1.21899
-1.30509
-1.3427
-1.34035
-1.31282
-1.26654
-1.20716
-1.13993
-1.06902
-0.997458
-0.927356
-0.860106
-0.796544
-0.737102
-0.68193
-0.630985
-0.584102
-0.541042
-0.501524
-0.465253
-0.431932
-0.40127
-0.372992
-0.346839
-0.322573
-0.29997
-0.278827
-0.258958
-0.240189
-0.222364
-0.205336
-0.188972
-0.173148
-0.157747
-0.14266
-0.127786
-0.113026
-0.098287
-0.0834792
-0.0685142
-0.0533052
-0.0377661
-0.0218102
-0.00534942
0.0117062
0.0294497
0.0479782
0.0673937
0.0878041
0.109325
0.132079
0.156199
0.181828
0.209123
0.238251
0.269397
0.302759
0.338553
0.377009
0.418376
0.462916
0.510898
0.562596
0.618277
0.678177
0.742485
0.811297
0.884568
0.962039
1.04314
1.12685
1.21158
1.29495
1.37363
1.44313
1.4978
1.53166
1.5379
1.50083
1.41135
-1.39178
-1.49183
-1.52731
-1.51129
-1.46472
-1.39727
-1.31669
-1.22968
-1.14115
-1.05438
-0.971473
-0.893629
-0.821425
-0.755012
-0.69427
-0.638912
-0.588561
-0.542801
-0.501201
-0.463346
-0.428838
-0.397308
-0.368416
-0.341852
-0.317337
-0.294613
-0.273452
-0.253646
-0.235004
-0.217357
-0.200548
-0.184434
-0.168884
-0.153776
-0.138996
-0.124439
-0.110004
-0.0955941
-0.0811178
-0.0664847
-0.051606
-0.0363938
-0.0207592
-0.00461246
0.012139
0.0295911
0.0478442
0.0670044
0.0871846
0.108506
0.1311
0.155109
0.180687
0.208006
0.237253
0.268634
0.302378
0.338735
0.377983
0.420425
0.466393
0.516246
0.570364
0.629145
0.692987
0.762273
0.837325
0.918362
1.00541
1.0982
1.196
1.29739
1.40003
1.50031
1.59294
1.67078
1.72562
1.74731
1.7138
1.61126
-1.60871
-1.72469
-1.75257
-1.71375
-1.63877
-1.54186
-1.43342
-1.32165
-1.21199
-1.10773
-1.01064
-0.92148
-0.840366
-0.767013
-0.700918
-0.641473
-0.588036
-0.539974
-0.496691
-0.457632
-0.422295
-0.390228
-0.361026
-0.334329
-0.309815
-0.287199
-0.266226
-0.24667
-0.228327
-0.211014
-0.194565
-0.178832
-0.163677
-0.148974
-0.134607
-0.120466
-0.10645
-0.0924605
-0.0784036
-0.0641884
-0.0497253
-0.0349251
-0.0196982
-0.00395356
0.0124027
0.0294682
0.0473455
0.0661435
0.0859788
0.106977
0.129276
0.153026
0.178391
0.205555
0.234721
0.266117
0.299998
0.336648
0.376388
0.419579
0.466621
0.517964
0.574104
0.635584
0.702988
0.776926
0.858007
0.946791
1.04371
1.14897
1.2623
1.38278
1.50838
1.63551
1.75829
1.86803
1.95375
2.00057
1.9766
1.85938
-1.89005
-2.02186
-2.03102
-1.95432
-1.83698
-1.69934
-1.55471
-1.41245
-1.27806
-1.15424
-1.04197
-0.94122
-0.851357
-0.77148
-0.70058
-0.637648
-0.581728
-0.531946
-0.487519
-0.447751
-0.412034
-0.379832
-0.35068
-0.324169
-0.299943
-0.27769
-0.257134
-0.238033
-0.220172
-0.203359
-0.187422
-0.172207
-0.157574
-0.143393
-0.129547
-0.115926
-0.102425
-0.0889485
-0.0754009
-0.0616915
-0.0477306
-0.0334294
-0.0186982
-0.00344589
0.0124217
0.0290026
0.0464003
0.0647252
0.0840958
0.104641
0.126502
0.149834
0.17481
0.201623
0.23049
0.261655
0.295394
0.332025
0.371905
0.415447
0.463119
0.515461
0.573083
0.636682
0.707042
0.78503
0.871592
0.967715
1.07437
1.19241
1.32235
1.4641
1.61647
1.77646
1.93816
2.09161
2.22284
2.31063
2.30814
2.17696
-2.27055
-2.41088
-2.37884
-2.2395
-2.05941
-1.86617
-1.67541
-1.49665
-1.33429
-1.18953
-1.06186
-0.949941
-0.852112
-0.766644
-0.691905
-0.626415
-0.568873
-0.518148
-0.473269
-0.433404
-0.397842
-0.365975
-0.337283
-0.31132
-0.287698
-0.266086
-0.246192
-0.227765
-0.21058
-0.194441
-0.179173
-0.164619
-0.150637
-0.137098
-0.123884
-0.110886
-0.0979996
-0.0851292
-0.0721814
-0.0590661
-0.0456949
-0.0319802
-0.0178335
-0.00316459
0.0121196
0.0281163
0.0449287
0.0626666
0.0814491
0.101406
0.12268
0.145429
0.16983
0.196083
0.224413
0.255076
0.288367
0.324626
0.364242
0.40767
0.455441
0.508171
0.566583
0.631522
0.703971
0.785075
0.876148
0.978673
1.09428
1.22469
1.37152
1.53603
1.71859
1.91777
2.12878
2.34153
2.53956
2.6942
2.73693
2.60033
-2.8131
-2.93353
-2.81502
-2.57287
-2.30126
-2.0339
-1.78636
-1.56581
-1.37356
-1.20788
-1.06585
-0.944277
-0.840119
-0.750654
-0.673538
-0.606794
-0.548767
-0.498082
-0.453595
-0.414355
-0.379567
-0.348567
-0.320792
-0.295768
-0.273092
-0.252417
-0.233445
-0.215919
-0.199612
-0.184327
-0.169888
-0.156139
-0.14294
-0.130164
-0.117694
-0.105422
-0.0932484
-0.081078
-0.0688203
-0.0563874
-0.0436933
-0.0306526
-0.0171791
-0.00318504
0.0114206
0.0267328
0.0428526
0.0598882
0.0779567
0.0971865
0.117719
0.139713
0.163346
0.188818
0.21636
0.246233
0.278742
0.314241
0.353142
0.39593
0.443182
0.495578
0.553932
0.619219
0.692611
0.775513
0.869614
0.97693
1.09984
1.24111
1.40379
1.5911
1.80591
2.04983
2.3213
2.61266
2.9075
3.1707
3.30596
3.19488
-3.63207
-3.65027
-3.35761
-2.95025
-2.54882
-2.18658
-1.87293
-1.60791
-1.38658
-1.20239
-1.04895
-0.920677
-0.812887
-0.721779
-0.644293
-0.57798
-0.520876
-0.471403
-0.428286
-0.390487
-0.357158
-0.327599
-0.301229
-0.277561
-0.256186
-0.236755
-0.218972
-0.202578
-0.187353
-0.173102
-0.159653
-0.146854
-0.134569
-0.122675
-0.111059
-0.0996164
-0.0882519
-0.0768738
-0.065395
-0.0537313
-0.0418001
-0.0295195
-0.0168069
-0.00357782
0.010255
0.0247832
0.040104
0.0563219
0.0735502
0.0919137
0.11155
0.132615
0.15528
0.179746
0.206239
0.235021
0.266396
0.300723
0.338423
0.379996
0.426041
0.47728
0.53459
0.599039
0.671944
0.75493
0.850021
0.959733
1.08721
1.23634
1.4119
1.6196
1.8659
2.15742
2.4991
2.8907
3.32214
3.75841
4.07682
4.07839
-4.9339
-4.6406
-4.01641
-3.35558
-2.77793
-2.30078
-1.91616
-1.60904
-1.36372
-1.16666
-1.00707
-0.876606
-0.768929
-0.67922
-0.603814
-0.539898
-0.485297
-0.438312
-0.397599
-0.362087
-0.330913
-0.303373
-0.278889
-0.256982
-0.23725
-0.219355
-0.20301
-0.187967
-0.174013
-0.160962
-0.148651
-0.136933
-0.125681
-0.114776
-0.104112
-0.0935917
-0.0831226
-0.0726187
-0.0619979
-0.0511806
-0.0400888
-0.0286452
-0.0167717
-0.00438849
0.00858686
0.022241
0.0366661
0.051961
0.0682336
0.0856023
0.104198
0.12417
0.145682
0.168927
0.194122
0.221522
0.251421
0.284171
0.320184
0.359958
0.404092
0.453315
0.508525
0.570834
0.641637
0.722698
0.816272
0.925269
1.05348
1.20586
1.38895
1.6113
1.88398
2.2208
2.63782
3.1505
3.76664
4.46679
5.12954
5.46079
-7.17809
-6.00418
-4.75332
-3.73048
-2.93573
-2.33557
-1.88769
-1.55088
-1.29369
-1.09402
-0.936421
-0.810074
-0.70732
-0.622676
-0.552154
-0.492797
-0.442382
-0.399205
-0.361945
-0.329561
-0.301221
-0.276254
-0.254114
-0.234348
-0.216578
-0.20049
-0.185814
-0.172319
-0.159807
-0.148106
-0.137064
-0.126545
-0.11643
-0.10661
-0.0969858
-0.0874672
-0.077969
-0.0684111
-0.0587173
-0.0488138
-0.0386283
-0.0280889
-0.0171231
-0.00565712
0.00638581
0.0190861
0.0325291
0.0468069
0.0620194
0.0782767
0.095701
0.114429
0.134617
0.156442
0.180107
0.20585
0.23395
0.264734
0.298593
0.335998
0.377522
0.423863
0.475892
0.534696
0.60166
0.678561
0.767721
0.872219
0.996201
1.14535
1.32758
1.55405
1.84067
2.21012
2.69467
3.33687
4.18016
5.25642
6.56568
7.80736
-11.5601
-7.80264
-5.29304
-3.81996
-2.84174
-2.17226
-1.71132
-1.38439
-1.14415
-0.962279
-0.821095
-0.709124
-0.618707
-0.54458
-0.483025
-0.431343
-0.387531
-0.350072
-0.317793
-0.289777
-0.265293
-0.243751
-0.22467
-0.207654
-0.19237
-0.178541
-0.165929
-0.154332
-0.143573
-0.1335
-0.123978
-0.114887
-0.106119
-0.0975794
-0.0891779
-0.0808336
-0.0724703
-0.0640162
-0.0554028
-0.0465636
-0.0374336
-0.0279481
-0.0180418
-0.00764838
0.00330122
0.0148792
0.0271622
0.0402328
0.0541803
0.0691032
0.0851106
0.102325
0.120883
0.140945
0.162689
0.186328
0.212107
0.240316
0.271303
0.305483
0.343362
0.385561
0.432851
0.486203
0.546853
0.616405
0.696969
0.791386
0.903555
1.03898
1.20562
1.41538
1.68654
2.04825
2.54906
3.26602
4.30366
5.85009
8.44991
12.3182
-18.9699
-9.55623
-5.06812
-3.24736
-2.28435
-1.7002
-1.3293
-1.07805
-0.896621
-0.759539
-0.652614
-0.567199
-0.497702
-0.440331
-0.392405
-0.351969
-0.317554
-0.28804
-0.26255
-0.240389
-0.221001
-0.203929
-0.188801
-0.175304
-0.163176
-0.152193
-0.142167
-0.132931
-0.124343
-0.116276
-0.10862
-0.101274
-0.0941492
-0.0871642
-0.0802442
-0.0733202
-0.0663273
-0.0592045
-0.0518928
-0.0443356
-0.036477
-0.0282615
-0.0196333
-0.0105351
-0.00090828
0.00930899
0.0201819
0.0317805
0.0441802
0.057464
0.0717232
0.0870597
0.103588
0.121438
0.14076
0.161723
0.184528
0.20941
0.236645
0.266564
0.299568
0.336142
0.376887
0.422549
0.474076
0.532681
0.599951
0.678001
0.769719
0.879177
1.01233
1.17832
1.39197
1.67957
2.09195
2.72597
3.75692
5.67367
10.2794
19.8164
)
;

boundaryField
{
    movingWall
    {
        type            zeroGradient;
    }
    fixedWalls
    {
        type            zeroGradient;
    }
    frontAndBack
    {
        type            empty;
    }
}


// ************************************************************************* //
