/*--------------------------------*- C++ -*----------------------------------*\
  =========                 |
  \\      /  F ield         | OpenFOAM: The Open Source CFD Toolbox
   \\    /   O peration     | Website:  https://openfoam.org
    \\  /    A nd           | Version:  7
     \\/     M anipulation  |
\*---------------------------------------------------------------------------*/
FoamFile
{
    version     2.0;
    format      ascii;
    class       volScalarField;
    location    "0.35";
    object      p;
}
// * * * * * * * * * * * * * * * * * * * * * * * * * * * * * * * * * * * * * //

dimensions      [0 2 -2 0 0 0 0];

internalField   nonuniform List<scalar> 
6400
(
1.2642e-05
3.40754e-05
-0.000471007
-0.00150379
-0.0029461
-0.00468771
-0.00662835
-0.00867851
-0.0107609
-0.0128101
-0.014771
-0.0165975
-0.0182511
-0.0197002
-0.0209188
-0.0218862
-0.0225864
-0.0230071
-0.0231399
-0.0229793
-0.0225229
-0.0217707
-0.0207253
-0.019391
-0.0177745
-0.015884
-0.0137292
-0.0113215
-0.00867351
-0.00579914
-0.00271336
0.000567788
0.0040273
0.00764731
0.0114092
0.0152935
0.0192803
0.0233489
0.0274783
0.031647
0.0358332
0.0400148
0.0441695
0.048275
0.0523092
0.05625
0.0600755
0.0637643
0.0672955
0.0706489
0.073805
0.0767455
0.0794528
0.0819109
0.0841052
0.0860227
0.0876521
0.0889843
0.0900123
0.0907315
0.09114
0.0912387
0.0910315
0.090526
0.089733
0.0886678
0.0873496
0.0858025
0.0840558
0.0821449
0.0801114
0.0780046
0.075882
0.0738106
0.0718678
0.0701422
0.0687309
0.0677381
0.0672702
0.0673078
9.95872e-06
2.43569e-05
-0.000429076
-0.00131235
-0.00252609
-0.00399116
-0.00563175
-0.00737545
-0.00915699
-0.0109191
-0.012612
-0.0141934
-0.0156271
-0.0168829
-0.0179356
-0.0187648
-0.0193543
-0.0196916
-0.0197677
-0.0195764
-0.0191147
-0.0183815
-0.0173784
-0.0161088
-0.0145783
-0.012794
-0.0107645
-0.00849995
-0.00601191
-0.00331304
-0.000417131
0.00266099
0.00590556
0.00929996
0.0128268
0.0164679
0.0202047
0.0240178
0.0278875
0.0317937
0.0357159
0.0396334
0.0435255
0.0473713
0.05115
0.054841
0.0584241
0.0618793
0.0651872
0.0683291
0.0712871
0.0740442
0.0765845
0.0788934
0.0809577
0.0827656
0.0843074
0.085575
0.0865626
0.0872668
0.0876864
0.0878233
0.087682
0.0872703
0.0865997
0.085685
0.0845453
0.0832039
0.0816889
0.0800334
0.0782765
0.0764631
0.0746447
0.0728797
0.0712335
0.0697773
0.0685845
0.0677298
0.0673066
0.0673453
0.000517872
0.000479714
2.58317e-05
-0.00079
-0.00188058
-0.00318267
-0.00463514
-0.00617787
-0.00775521
-0.00931711
-0.0108193
-0.0122231
-0.0134952
-0.0146072
-0.0155353
-0.0162599
-0.016765
-0.0170385
-0.0170711
-0.0168565
-0.0163909
-0.015673
-0.0147036
-0.0134856
-0.0120236
-0.0103239
-0.00839431
-0.00624418
-0.00388402
-0.0013256
0.00141824
0.00433368
0.00740593
0.0106194
0.0139577
0.0174039
0.0209401
0.0245484
0.0282099
0.0319057
0.0356165
0.0393228
0.0430049
0.0466431
0.0502179
0.0537098
0.0570998
0.060369
0.0634994
0.0664734
0.0692743
0.0718862
0.0742945
0.0764855
0.0784471
0.0801688
0.0816415
0.0828582
0.0838139
0.0845058
0.0849334
0.0850989
0.0850073
0.0846667
0.084088
0.083286
0.0822789
0.0810891
0.079743
0.0782716
0.0767107
0.0751011
0.0734888
0.0719248
0.070465
0.0691686
0.0680949
0.0673041
0.0668818
0.0668792
0.00155082
0.00136569
0.000842006
2.28609e-05
-0.00102513
-0.00224842
-0.00359529
-0.00501498
-0.00645987
-0.00788638
-0.00925532
-0.010532
-0.0116861
-0.0126914
-0.0135259
-0.014171
-0.0146118
-0.0148363
-0.0148356
-0.0146034
-0.0141358
-0.0134313
-0.0124903
-0.0113151
-0.00990979
-0.00828016
-0.00643339
-0.00437804
-0.00212392
0.000317979
0.0029356
0.00571593
0.00864505
0.0117082
0.0148899
0.018174
0.0215437
0.0249818
0.0284706
0.031992
0.0355276
0.0390588
0.0425671
0.0460338
0.0494401
0.0527678
0.0559986
0.0591149
0.0620994
0.0649356
0.0676078
0.0701009
0.0724012
0.0744959
0.0763739
0.0780251
0.0794414
0.0806164
0.0815455
0.0822264
0.082659
0.0828458
0.0827917
0.0825045
0.0819951
0.0812774
0.0803688
0.0792902
0.0780662
0.0767254
0.0753004
0.0738281
0.0723491
0.0709082
0.0695533
0.0683351
0.0673038
0.066511
0.066025
0.0658894
0.00299957
0.00258803
0.0019365
0.00106442
8.9589e-06
-0.00118505
-0.00247372
-0.00381477
-0.00516792
-0.00649569
-0.00776388
-0.0089418
-0.0100023
-0.0109218
-0.01168
-0.0122598
-0.0126474
-0.0128315
-0.0128036
-0.0125577
-0.0120899
-0.0113986
-0.0104841
-0.00934822
-0.00799481
-0.00642908
-0.00465766
-0.00268852
-0.000530858
0.00180504
0.00430783
0.00696524
0.00976412
0.0126905
0.0157297
0.0188664
0.0220847
0.0253682
0.0287
0.0320629
0.0354395
0.0388121
0.0421629
0.0454742
0.0487282
0.0519074
0.0549947
0.057973
0.0608262
0.0635384
0.0660948
0.0684813
0.0706847
0.0726931
0.074496
0.076084
0.0774495
0.0785865
0.0794911
0.080161
0.0805965
0.0807999
0.0807761
0.0805326
0.0800796
0.0794304
0.0786011
0.077611
0.0764828
0.0752425
0.0739196
0.0725467
0.0711596
0.0697972
0.0685004
0.0673118
0.0662744
0.065432
0.0648257
0.064478
0.00476204
0.00407369
0.00325116
0.00228586
0.00118157
-2.46439e-05
-0.00129555
-0.00259646
-0.0038938
-0.00515572
-0.00635279
-0.00745825
-0.00844818
-0.00930153
-0.0100001
-0.0105284
-0.0108738
-0.011026
-0.010977
-0.0107213
-0.0102553
-0.00957737
-0.0086876
-0.00758787
-0.00628159
-0.00477362
-0.00307019
-0.00117875
0.000892052
0.00313252
0.00553196
0.00807874
0.0107604
0.0135637
0.0164748
0.0194789
0.0225611
0.0257056
0.0288964
0.0321172
0.0353512
0.0385816
0.0417915
0.0449638
0.0480818
0.0511285
0.0540877
0.0569433
0.0596796
0.0622817
0.0647354
0.0670272
0.0691448
0.0710768
0.0728131
0.074345
0.0756652
0.0767681
0.07765
0.0783089
0.078745
0.0789605
0.07896
0.0787506
0.0783418
0.0777458
0.0769775
0.0760547
0.0749978
0.0738303
0.0725784
0.071271
0.0699393
0.0686165
0.0673374
0.0661372
0.0650531
0.0641215
0.0633523
0.0627415
0.00674748
0.0057541
0.00473077
0.00364067
0.00245365
0.00120025
-8.77582e-05
-0.00138236
-0.00265599
-0.00388193
-0.00503516
-0.00609268
-0.00703369
-0.00783974
-0.00849474
-0.00898497
-0.009299
-0.00942762
-0.00936373
-0.00910224
-0.00863993
-0.00797534
-0.00710869
-0.00604176
-0.00477779
-0.00332138
-0.0016784
0.00014407
0.00213786
0.00429379
0.00660168
0.00905052
0.0116285
0.0143229
0.0171205
0.0200075
0.0229694
0.0259912
0.0290576
0.032153
0.0352614
0.0383667
0.0414526
0.044503
0.0475015
0.0504323
0.0532795
0.0560277
0.0586621
0.0611683
0.0635326
0.0657422
0.0677852
0.0696508
0.0713292
0.0728122
0.0740928
0.0751656
0.0760268
0.0766747
0.0771093
0.0773325
0.0773486
0.0771641
0.0767875
0.0762302
0.0755057
0.0746298
0.0736212
0.0725007
0.0712913
0.0700185
0.0687092
0.0673919
0.0660953
0.0648487
0.0636839
0.0626317
0.0616695
0.0607663
0.00887661
0.00756475
0.00632155
0.0050835
0.00378771
0.00245941
0.00112603
-0.000190243
-0.00146713
-0.00268254
-0.00381548
-0.00484644
-0.00575764
-0.00653316
-0.00715902
-0.00762322
-0.00791576
-0.00802853
-0.00795532
-0.00769169
-0.00723487
-0.00658374
-0.00573866
-0.00470143
-0.00347524
-0.00206452
-0.0004749
0.00128686
0.00321297
0.00529466
0.00752224
0.00988518
0.0123722
0.0149712
0.0176696
0.020454
0.0233106
0.0262252
0.029183
0.0321691
0.035168
0.0381644
0.0411426
0.044087
0.0469821
0.0498125
0.0525629
0.0552186
0.0577653
0.0601889
0.0624765
0.0646157
0.0665948
0.0684036
0.0700325
0.0714736
0.0727199
0.0737663
0.074609
0.0752461
0.0756774
0.0759045
0.0759312
0.0757632
0.0754084
0.0748767
0.0741804
0.0733337
0.0723531
0.071257
0.0700656
0.068801
0.0674863
0.0661456
0.0648029
0.0634817
0.0622101
0.0610138
0.0598389
0.0586288
0.0110824
0.00944816
0.00797403
0.00657185
0.00514782
0.00372315
0.00232184
0.000961128
-0.000341366
-0.00156763
-0.0027003
-0.00372314
-0.00462115
-0.00538083
-0.00599026
-0.00643918
-0.006719
-0.0068228
-0.0067453
-0.00648278
-0.00603304
-0.00539532
-0.00457024
-0.00355975
-0.00236701
-0.00099639
0.000546636
0.00225555
0.00412285
0.00614012
0.00829806
0.0105866
0.0129949
0.0155113
0.0181238
0.0208197
0.0235855
0.0264076
0.0292718
0.0321637
0.0350686
0.0379716
0.0408576
0.0437115
0.0465183
0.0492632
0.0519314
0.0545087
0.056981
0.0593351
0.0615581
0.063638
0.0655636
0.0673247
0.0689121
0.0703179
0.0715353
0.0725592
0.0733855
0.0740123
0.074439
0.0746668
0.0746989
0.0745403
0.0741978
0.0736804
0.0729987
0.0721656
0.0711954
0.0701043
0.0689099
0.0676312
0.0662878
0.0649002
0.063488
0.0620702
0.0606718
0.0593146
0.0579153
0.0563933
0.013309
0.0113542
0.00964372
0.00806658
0.00650016
0.00496268
0.00347565
0.00205208
0.000705599
-0.000549374
-0.00169875
-0.0027292
-0.00362834
-0.00438495
-0.00498907
-0.00543213
-0.00570695
-0.00580781
-0.00573039
-0.00547176
-0.00503033
-0.00440578
-0.00359907
-0.00261231
-0.00144877
-0.000112824
0.00139016
0.00305382
0.00487088
0.00683319
0.00893179
0.011157
0.0134982
0.0159446
0.0184842
0.0211048
0.0237936
0.0265375
0.0293226
0.0321352
0.0349609
0.0377853
0.040594
0.0433722
0.0461054
0.0487791
0.0513792
0.0538916
0.0563028
0.0585996
0.0607698
0.0628013
0.0646834
0.0664058
0.0679595
0.0693367
0.0705306
0.0715358
0.0723483
0.0729656
0.0733869
0.0736129
0.0736461
0.0734906
0.0731525
0.0726394
0.0719608
0.0711277
0.0701527
0.06905
0.0678347
0.0665231
0.0651318
0.063678
0.0621776
0.060646
0.0591057
0.0575761
0.0559461
0.0541131
0.0155096
0.0132395
0.011291
0.00953209
0.00781324
0.00615063
0.00456402
0.0030629
0.00165746
0.000359023
-0.000821218
-0.00187257
-0.00278504
-0.0035495
-0.00415787
-0.00460318
-0.00487964
-0.00498272
-0.00490907
-0.00465657
-0.00422427
-0.00361238
-0.0028222
-0.00185612
-0.000717544
0.000589099
0.00205845
0.00368426
0.0054594
0.00737593
0.00942517
0.0115977
0.0138834
0.0162715
0.0187507
0.0213092
0.0239345
0.0266138
0.0293339
0.0320813
0.0348422
0.0376026
0.0403483
0.0430651
0.0457388
0.0483554
0.0509009
0.0533616
0.0557243
0.0579761
0.0601047
0.0620986
0.0639469
0.0656395
0.0671674
0.0685227
0.0696984
0.0706891
0.0714905
0.0720997
0.0725154
0.0727378
0.0727686
0.0726113
0.0722708
0.0717537
0.071068
0.0702235
0.0692309
0.0681025
0.0668512
0.065491
0.0640359
0.0625003
0.060897
0.0592382
0.0575451
0.0558354
0.0539721
0.0518324
0.0176449
0.0150664
0.0128807
0.0109361
0.00905795
0.00726116
0.00556436
0.00397411
0.0024977
0.00114376
-7.9039e-05
-0.00116236
-0.00209836
-0.00287988
-0.00350056
-0.00395496
-0.00423863
-0.00434817
-0.00428124
-0.00403653
-0.00361377
-0.00301368
-0.00223799
-0.00128937
-0.00017146
0.00111122
0.00255329
0.00414851
0.00588987
0.0077696
0.00977921
0.0119095
0.0141507
0.0164922
0.0189232
0.0214321
0.0240068
0.026635
0.0293036
0.0319997
0.0347097
0.03742
0.0401168
0.0427862
0.0454143
0.0479872
0.0504914
0.0529133
0.0552399
0.0574585
0.0595569
0.0615236
0.0633478
0.0650194
0.0665293
0.0678695
0.0690328
0.0700134
0.0708069
0.0714098
0.0718203
0.072038
0.072064
0.0719008
0.0715525
0.0710244
0.0703234
0.0694578
0.0684369
0.0672709
0.0659712
0.0645494
0.0630175
0.0613874
0.0596696
0.0578735
0.0560198
0.054125
0.0520283
0.0495878
0.0196814
0.0168021
0.0143815
0.0122493
0.0102074
0.00826998
0.00645499
0.00476662
0.0032097
0.00179058
0.000515725
-0.000608631
-0.00157659
-0.00238277
-0.0030224
-0.0034915
-0.00378689
-0.00390628
-0.00384828
-0.00361241
-0.00319908
-0.00260956
-0.00184602
-0.000911489
0.000190177
0.00145429
0.00287539
0.00444723
0.00616285
0.00801458
0.00999407
0.0120923
0.0142998
0.0166062
0.0190008
0.0214724
0.0240092
0.0265992
0.0292297
0.0318879
0.0345606
0.0372345
0.039896
0.0425316
0.0451274
0.04767
0.0501458
0.0525416
0.0548443
0.0570413
0.0591206
0.0610706
0.0628804
0.0645399
0.0660398
0.0673718
0.0685286
0.069504
0.0702931
0.0708921
0.0712986
0.0715115
0.0715311
0.0713591
0.0709986
0.070454
0.069731
0.0688364
0.0677781
0.066565
0.0652066
0.0637126
0.0620934
0.0603588
0.0585173
0.0565763
0.0545563
0.0524736
0.0501445
0.0474097
0.0215903
0.0184179
0.0157654
0.0134452
0.0112368
0.00915422
0.00721513
0.00542178
0.00377693
0.00228498
0.00095046
-0.000222232
-0.00122894
-0.0020659
-0.00272984
-0.0032181
-0.0035287
-0.00366044
-0.00361284
-0.00338624
-0.00298172
-0.00240114
-0.00164711
-0.000723029
0.00036697
0.00161801
0.0030245
0.00458015
0.00627799
0.00811042
0.0100692
0.0121454
0.0143297
0.0166121
0.0189819
0.0214283
0.0239397
0.0265042
0.0291095
0.031743
0.0343917
0.0370426
0.0396823
0.0422973
0.0448742
0.0473995
0.0498597
0.0522417
0.0545326
0.0567197
0.0587909
0.0607346
0.0625398
0.0641961
0.0656941
0.0670252
0.0681818
0.0691572
0.0699461
0.0705442
0.0709485
0.0711571
0.0711697
0.0709871
0.0706115
0.0700462
0.0692957
0.0683658
0.0672631
0.0659949
0.0645694
0.0629948
0.0612797
0.0594327
0.0574603
0.0553688
0.0531785
0.0509061
0.0483466
0.0453238
0.0233468
0.0198883
0.0170073
0.0144995
0.0121232
0.00989239
0.00782494
0.00592147
0.00418301
0.00261227
0.00121214
-1.46269e-05
-0.00106543
-0.00193798
-0.00263034
-0.00314113
-0.00346949
-0.00361522
-0.00357877
-0.00336124
-0.0029644
-0.00239067
-0.00164315
-0.000725618
0.000357497
0.00160109
0.00299942
0.0045461
0.00623413
0.00805591
0.0100033
0.0120674
0.014239
0.0165083
0.0188648
0.0212978
0.0237959
0.0263474
0.0289402
0.0315619
0.0341998
0.0368408
0.0394718
0.0420795
0.0446505
0.0471713
0.0496287
0.0520093
0.0543004
0.0564891
0.0585633
0.0605113
0.0623216
0.063984
0.0654885
0.0668263
0.0679893
0.0689704
0.0697639
0.0703647
0.0707692
0.0709751
0.070981
0.070787
0.0703943
0.0698052
0.0690234
0.0680534
0.0669005
0.0655711
0.0640718
0.0624097
0.0605922
0.0586264
0.0565177
0.0542712
0.0519078
0.0494447
0.0466568
0.0433517
0.0249287
0.0211905
0.0180844
0.01539
0.0128451
0.0104641
0.00826535
0.00624802
0.0044117
0.00275769
0.00128742
2.21065e-06
-0.00109674
-0.00200845
-0.00273227
-0.00326794
-0.00361569
-0.00377626
-0.00375098
-0.0035417
-0.00315086
-0.00258146
-0.00183707
-0.000921875
0.00015938
0.00140134
0.00279808
0.00434309
0.0060293
0.00784907
0.00979425
0.0118561
0.0140254
0.0162924
0.0186469
0.0210782
0.023575
0.0261259
0.0287188
0.0313415
0.0339814
0.0366256
0.039261
0.0418743
0.0444523
0.0469815
0.0494485
0.0518402
0.0541435
0.0563455
0.0584339
0.0603967
0.0622224
0.0639002
0.0654199
0.0667723
0.0679488
0.0689419
0.0697451
0.0703529
0.0707611
0.0709664
0.0709668
0.0707616
0.070351
0.0697365
0.0689206
0.0679069
0.0666998
0.0653043
0.0637261
0.0619712
0.0600459
0.0579564
0.0557071
0.0533022
0.0507637
0.0481094
0.0450949
0.041512
0.0263162
0.0223039
0.0189758
0.0160959
0.0133824
0.0108501
0.00851802
0.00638419
0.00444697
0.00270642
0.0011627
-0.000184118
-0.00133411
-0.00228749
-0.00304476
-0.00360673
-0.00397463
-0.00415013
-0.00413534
-0.00393288
-0.00354583
-0.00297777
-0.00223275
-0.00131534
-0.000230658
0.0010157
0.00241758
0.00396832
0.00566077
0.00748722
0.00943948
0.0115089
0.0136862
0.0159617
0.0183253
0.0207664
0.0232739
0.0258363
0.0284418
0.0310782
0.0337329
0.0363931
0.0390458
0.0416778
0.0442756
0.046826
0.0493153
0.0517304
0.0540579
0.056285
0.0583989
0.0603874
0.0622387
0.0639417
0.0654858
0.0668611
0.0680587
0.0690705
0.0698894
0.0705093
0.0709252
0.071133
0.0711302
0.0709149
0.0704866
0.069846
0.0689946
0.0679349
0.0666705
0.0652054
0.0635445
0.0616927
0.0596555
0.0574384
0.0550452
0.0524793
0.0497639
0.0469181
0.0436782
0.0398212
0.027491
0.0232092
0.0196619
0.0165979
0.013716
0.0110319
0.00856519
0.00631312
0.00427291
0.00244358
0.000824173
-0.00058639
-0.0017893
-0.00278587
-0.00357766
-0.00416649
-0.0045545
-0.00474423
-0.00473861
-0.00454094
-0.00415494
-0.00358475
-0.00283492
-0.00191043
-0.000816733
0.000440271
0.00185421
0.00341826
0.0051251
0.00696696
0.0089356
0.0110223
0.0132179
0.0155127
0.0178966
0.020359
0.022889
0.0254751
0.0281055
0.0307681
0.0334503
0.0361394
0.0388224
0.0414859
0.0441165
0.0467008
0.0492251
0.051676
0.0540401
0.0563041
0.058455
0.0604804
0.062368
0.0641063
0.0656842
0.0670913
0.0683182
0.0693561
0.0701973
0.0708349
0.0712633
0.0714777
0.0714746
0.0712514
0.0708067
0.0701403
0.0692529
0.0681462
0.0668227
0.0652857
0.0635392
0.0615875
0.0594354
0.0570877
0.0545478
0.0518188
0.0489251
0.0458871
0.0424227
0.0382938
0.0284363
0.0238886
0.0201244
0.0168773
0.0138276
0.0109915
0.00838955
0.0060182
0.00387373
0.00195424
0.000257782
-0.00121774
-0.00247453
-0.00351493
-0.00434146
-0.00495688
-0.00536421
-0.00556682
-0.00556837
-0.00537286
-0.00498465
-0.00440841
-0.00364918
-0.00271236
-0.00160376
-0.000329579
0.00110356
0.00268863
0.00441816
0.00628428
0.00827866
0.0103925
0.0126167
0.0149415
0.0173568
0.019852
0.0224163
0.0250381
0.0277058
0.0304071
0.0331296
0.0358605
0.0385866
0.0412946
0.0439709
0.046602
0.0491741
0.0516735
0.0540864
0.0563995
0.0585994
0.060673
0.062608
0.064392
0.0660137
0.067462
0.0687269
0.0697989
0.0706697
0.0713316
0.0717781
0.0720039
0.0720044
0.0717764
0.0713176
0.0706269
0.0697041
0.0685501
0.0671668
0.0655566
0.0637228
0.061669
0.0593997
0.0569191
0.0542304
0.0513364
0.0482629
0.0450319
0.0413429
0.0369433
0.0291359
0.0243251
0.0203458
0.0169167
0.0136995
0.0107115
0.00797412
0.00548299
0.00323364
0.00122332
-0.00055076
-0.00209165
-0.00340249
-0.00448655
-0.00534727
-0.00598826
-0.00641341
-0.00662684
-0.00663296
-0.00643643
-0.00604221
-0.00545552
-0.00468187
-0.0037271
-0.00259738
-0.00129923
0.000160477
0.00177449
0.00353519
0.00543454
0.00746412
0.00961509
0.0118782
0.0142437
0.0167015
0.0192411
0.0218515
0.0245212
0.0272384
0.0299911
0.0327666
0.035552
0.0383342
0.0410997
0.0438348
0.0465257
0.0491585
0.0517191
0.0541937
0.0565682
0.0588291
0.0609629
0.0629565
0.0647974
0.0664733
0.0679728
0.069285
0.0703998
0.0713082
0.0720016
0.0724729
0.0727157
0.0727248
0.072496
0.0720262
0.0713135
0.070357
0.0691567
0.0677137
0.0660298
0.0641077
0.0619506
0.0595624
0.0569472
0.0541078
0.051047
0.0477924
0.0443671
0.0404529
0.0357821
0.0295742
0.0245021
0.0203089
0.0166986
0.0133145
0.0101749
0.00730207
0.00469111
0.00233679
0.000235616
-0.00161601
-0.00322198
-0.00458631
-0.00571314
-0.00660676
-0.00727163
-0.00771241
-0.00793399
-0.00794146
-0.00774016
-0.00733561
-0.00673359
-0.00594009
-0.00496137
-0.00380398
-0.00247475
-0.000980838
0.000670278
0.00247078
0.00441249
0.00648686
0.00868495
0.0109974
0.0134145
0.0159261
0.0185215
0.0211898
0.0239195
0.0266987
0.0295153
0.0323565
0.0352094
0.0380608
0.0408969
0.043704
0.0464679
0.0491745
0.0518095
0.0543585
0.0568072
0.0591416
0.0613478
0.0634121
0.0653212
0.0670625
0.0686237
0.0699933
0.0711604
0.072115
0.0728481
0.0733514
0.0736178
0.0736412
0.0734166
0.0729401
0.0722088
0.0712211
0.0699763
0.0684747
0.0667176
0.0647071
0.062446
0.0599378
0.0571866
0.0541949
0.0509657
0.0475281
0.0439071
0.039766
0.0348225
0.0297359
0.0244035
0.0199972
0.0162061
0.0126556
0.00936466
0.00635665
0.00362615
0.0011672
-0.00102435
-0.00295285
-0.00462299
-0.00603959
-0.00720763
-0.00813221
-0.00881858
-0.00927217
-0.00949859
-0.00950363
-0.00929324
-0.00887354
-0.00825084
-0.00743161
-0.00642254
-0.00523056
-0.00386284
-0.00232681
-0.000630199
0.00121897
0.00321235
0.00534125
0.00759662
0.00996903
0.0124486
0.0150252
0.0176881
0.0204262
0.023228
0.0260817
0.0289748
0.0318946
0.0348281
0.0377618
0.0406819
0.0435742
0.0464246
0.0492184
0.051941
0.0545777
0.0571138
0.0595347
0.0618259
0.0639732
0.0659627
0.067781
0.0694152
0.0708528
0.0720824
0.0730929
0.0738745
0.0744181
0.0747156
0.0747601
0.0745457
0.0740675
0.0733219
0.0723064
0.0710198
0.0694615
0.0676325
0.0655341
0.0631689
0.0605402
0.0576519
0.0545066
0.0511073
0.0474848
0.0436659
0.0392956
0.0340765
0.0296059
0.0240133
0.019394
0.0154224
0.0117057
0.00826376
0.00512101
0.00227152
-0.000291318
-0.00257231
-0.00457649
-0.00630932
-0.00777639
-0.00898347
-0.00993643
-0.0106413
-0.0111043
-0.0113316
-0.0113299
-0.0111055
-0.0106653
-0.0100161
-0.00916485
-0.00811863
-0.00688478
-0.0054708
-0.00388445
-0.00213368
-0.000226745
0.00182782
0.00402118
0.00634414
0.00878716
0.0113403
0.0139933
0.0167353
0.0195553
0.0224415
0.0253821
0.0283646
0.031376
0.0344032
0.0374326
0.04045
0.0434412
0.0463916
0.0492863
0.0521102
0.0548482
0.0574852
0.060006
0.0623954
0.0646387
0.0667213
0.068629
0.070348
0.0718653
0.0731682
0.0742451
0.075085
0.075678
0.0760151
0.0760883
0.0758908
0.0754171
0.0746624
0.0736237
0.0722988
0.0706867
0.0687875
0.0666026
0.0641338
0.0613844
0.0583583
0.055058
0.0514867
0.0476772
0.0436578
0.039055
0.0335563
0.0291689
0.0233153
0.0184827
0.0143305
0.0104477
0.00685508
0.00357814
0.000610442
-0.00205525
-0.00442435
-0.00650257
-0.00829608
-0.00981126
-0.0110546
-0.0120328
-0.0127526
-0.0132209
-0.0134447
-0.0134312
-0.0131875
-0.012721
-0.0120389
-0.0111488
-0.0100582
-0.00877483
-0.0073065
-0.00566128
-0.00384741
-0.00187337
0.00025213
0.00252006
0.0049211
0.00744558
0.0100835
0.0128243
0.0156573
0.0185712
0.0215543
0.0245945
0.0276792
0.0307953
0.0339296
0.0370681
0.0401966
0.0433005
0.0463648
0.0493743
0.0523136
0.055167
0.0579188
0.0605533
0.0630547
0.0654076
0.0675966
0.0696067
0.0714234
0.0730325
0.0744206
0.0755751
0.0764841
0.0771366
0.0775226
0.0776332
0.0774607
0.0769983
0.0762409
0.0751842
0.0738254
0.072163
0.0701966
0.0679268
0.0653555
0.0624857
0.0593212
0.0558647
0.0521196
0.0481204
0.0438974
0.0390582
0.0332744
0.0284091
0.0222932
0.0172464
0.0129133
0.00886421
0.00512124
0.00171073
-0.00137423
-0.00414145
-0.00659696
-0.00874714
-0.0105989
-0.0121592
-0.0134356
-0.0144352
-0.0151658
-0.0156348
-0.01585
-0.0158192
-0.0155503
-0.015051
-0.0143293
-0.0133931
-0.0122505
-0.0109094
-0.00937829
-0.00766534
-0.00577912
-0.00372833
-0.00152192
0.000830921
0.00332072
0.00593767
0.00867161
0.011512
0.0144479
0.017468
0.0205604
0.023713
0.026913
0.0301472
0.033402
0.0366634
0.0399168
0.0431474
0.0463399
0.0494785
0.0525475
0.0555307
0.0584119
0.0611745
0.0638023
0.066279
0.0685885
0.0707148
0.0726426
0.0743567
0.0758428
0.0770872
0.0780769
0.0787999
0.0792453
0.079403
0.0792642
0.0788214
0.0780682
0.0769999
0.0756126
0.0739043
0.071874
0.0695219
0.0668496
0.0638599
0.0605568
0.0569428
0.0530218
0.0488302
0.0444001
0.0393194
0.0332443
0.0273104
0.0209301
0.0156678
0.011153
0.0069376
0.00304446
-0.000498966
-0.00370004
-0.00656722
-0.00910712
-0.0113268
-0.0132338
-0.014836
-0.0161414
-0.0171582
-0.0178947
-0.0183592
-0.0185602
-0.0185061
-0.0182054
-0.0176664
-0.0168977
-0.0159077
-0.0147049
-0.0132978
-0.011695
-0.00990507
-0.00793692
-0.00579949
-0.00350191
-0.00105358
0.00153587
0.0042565
0.00709801
0.0100498
0.0131007
0.0162393
0.0194538
0.0227317
0.0260601
0.0294258
0.0328149
0.0362131
0.0396057
0.0429773
0.0463124
0.049595
0.0528085
0.0559364
0.0589618
0.0618676
0.0646368
0.0672522
0.0696969
0.071954
0.0740072
0.0758404
0.0774381
0.0787856
0.0798688
0.0806745
0.0811907
0.0814061
0.0813111
0.0808969
0.0801563
0.0790835
0.077674
0.075925
0.073835
0.0714037
0.0686324
0.0655238
0.062082
0.0583095
0.0542104
0.0498231
0.0451817
0.0398541
0.0334798
0.0258564
0.0192089
0.0137293
0.00903186
0.00464961
0.000606445
-0.00306917
-0.00638509
-0.00935041
-0.0119723
-0.0142586
-0.0162174
-0.0178575
-0.0191877
-0.0202168
-0.0209539
-0.0214081
-0.0215886
-0.0215045
-0.0211649
-0.0205788
-0.0197553
-0.0187033
-0.0174317
-0.0159496
-0.0142657
-0.0123893
-0.0103293
-0.00809499
-0.00569572
-0.00314108
-0.000440854
0.00239485
0.00535563
0.00843071
0.0116089
0.0148787
0.018228
0.0216443
0.0251146
0.0286254
0.0321626
0.0357118
0.0392579
0.0427853
0.0462779
0.0497194
0.0530927
0.0563807
0.0595659
0.0626305
0.0655566
0.0683264
0.0709218
0.0733252
0.0755191
0.0774864
0.0792104
0.0806753
0.0818657
0.0827673
0.0833668
0.083652
0.0836117
0.0832363
0.0825175
0.0814485
0.080024
0.0782404
0.0760956
0.0735889
0.0707212
0.0674951
0.0639146
0.0599825
0.055703
0.0511166
0.0462593
0.0406783
0.0339963
0.0240297
0.0171115
0.0114123
0.00653105
0.00198141
-0.00221169
-0.00601872
-0.00944808
-0.0125095
-0.0152107
-0.0175603
-0.0195672
-0.0212408
-0.0225906
-0.0236266
-0.0243584
-0.0247959
-0.0249491
-0.0248277
-0.0244415
-0.0238002
-0.0229134
-0.0217906
-0.0204412
-0.0188746
-0.0171001
-0.0151271
-0.012965
-0.0106233
-0.0081115
-0.00543944
-0.00261709
0.000345329
0.00343727
0.00664784
0.00996577
0.0133794
0.0168765
0.0204444
0.0240702
0.0277399
0.0314395
0.0351541
0.0388683
0.0425664
0.0462318
0.0498476
0.0533964
0.0568605
0.0602215
0.0634611
0.0665605
0.0695009
0.0722635
0.0748295
0.0771803
0.0792976
0.0811637
0.0827613
0.0840738
0.0850858
0.0857824
0.0861503
0.0861771
0.0858518
0.0851652
0.0841093
0.082678
0.0808668
0.078673
0.0760953
0.0731343
0.0697925
0.0660737
0.061981
0.0575186
0.0527294
0.0476511
0.0418096
0.03481
0.0218121
0.0146192
0.00869791
0.00363123
-0.00108656
-0.00542957
-0.00936721
-0.0129084
-0.0160636
-0.0188412
-0.0212504
-0.0233009
-0.025003
-0.0263672
-0.0274039
-0.0281238
-0.0285375
-0.0286558
-0.0284892
-0.0280482
-0.0273431
-0.026384
-0.0251811
-0.0237442
-0.0220833
-0.020208
-0.018128
-0.0158531
-0.013393
-0.0107576
-0.0079567
-0.0050006
-0.00189962
0.00133557
0.00469398
0.00816423
0.0117345
0.0153926
0.0191257
0.0229205
0.0267633
0.0306394
0.0345341
0.0384315
0.0423155
0.0461692
0.0499753
0.0537158
0.0573722
0.0609258
0.0643572
0.0676469
0.0707752
0.0737222
0.076468
0.0789929
0.0812774
0.0833023
0.0850491
0.0865
0.0876379
0.0884467
0.0889116
0.0890189
0.0887564
0.0881135
0.0870812
0.0856524
0.0838216
0.0815853
0.0789418
0.0758913
0.0724359
0.0685796
0.0643253
0.0596777
0.0546815
0.0493767
0.0432668
0.0359389
0.0191849
0.0117127
0.00556604
0.000312141
-0.0045747
-0.00906763
-0.013135
-0.0167863
-0.0200327
-0.0228833
-0.0253479
-0.0274373
-0.0291625
-0.0305347
-0.0315654
-0.0322662
-0.0326485
-0.0327237
-0.0325033
-0.0319985
-0.0312201
-0.0301792
-0.0288862
-0.0273517
-0.025586
-0.0235992
-0.0214014
-0.0190026
-0.0164129
-0.0136423
-0.010701
-0.00759924
-0.00434761
-0.000956853
0.00256194
0.00619729
0.00993733
0.0137697
0.0176815
0.0216594
0.0256893
0.0297566
0.0338461
0.0379419
0.0420275
0.0460855
0.0500981
0.0540468
0.0579126
0.061676
0.0653168
0.0688146
0.0721488
0.0752983
0.0782421
0.0809593
0.083429
0.0856308
0.0875447
0.0891512
0.0904319
0.0913693
0.0919469
0.0921495
0.0919637
0.0913774
0.0903804
0.0889644
0.0871231
0.0848519
0.0821487
0.079013
0.0754469
0.071454
0.0670374
0.0622019
0.0569945
0.0514572
0.0450703
0.0374022
0.0161282
0.00837124
0.0019958
-0.0034474
-0.00850436
-0.0131473
-0.0173434
-0.0211029
-0.0244376
-0.0273574
-0.029873
-0.0319959
-0.033738
-0.0351115
-0.0361288
-0.0368025
-0.0371448
-0.037168
-0.0368845
-0.0363061
-0.0354445
-0.0343113
-0.0329178
-0.0312748
-0.0293933
-0.0272838
-0.0249568
-0.0224227
-0.0196917
-0.0167741
-0.0136803
-0.0104208
-0.0070062
-0.00344734
0.000244561
0.00405798
0.00798095
0.012001
0.0161053
0.0202803
0.0245118
0.028785
0.0330845
0.0373942
0.0416971
0.0459756
0.0502115
0.0543856
0.0584783
0.0624692
0.0663377
0.0700621
0.0736209
0.076992
0.0801531
0.0830819
0.0857562
0.0881541
0.090254
0.092035
0.0934769
0.0945606
0.0952679
0.0955823
0.0954885
0.094973
0.0940243
0.0926329
0.0907911
0.0884938
0.0857377
0.082522
0.0788483
0.0747203
0.0701408
0.0651149
0.0596918
0.0539156
0.0472425
0.0392212
0.0126209
0.00457337
-0.00203484
-0.00766969
-0.012898
-0.017691
-0.0220149
-0.0258804
-0.0293002
-0.0322851
-0.0348464
-0.0369968
-0.038749
-0.0401164
-0.0411122
-0.0417499
-0.0420429
-0.0420045
-0.0416476
-0.0409851
-0.0400296
-0.0387931
-0.0372877
-0.0355248
-0.0335159
-0.031272
-0.0288039
-0.0261224
-0.023238
-0.0201613
-0.0169027
-0.013473
-0.00988279
-0.00614309
-0.00226515
0.00173945
0.00585871
0.0100802
0.0143908
0.018777
0.0232246
0.0277187
0.0322435
0.0367828
0.0413192
0.0458349
0.050311
0.054728
0.0590656
0.0633026
0.0674176
0.071388
0.0751911
0.0788038
0.0822024
0.0853632
0.0882627
0.0908772
0.0931836
0.0951592
0.0967821
0.0980314
0.0988872
0.0993311
0.0993462
0.0989173
0.0980314
0.0966775
0.0948468
0.0925329
0.0897319
0.0864422
0.0826649
0.0784036
0.0736609
0.0684421
0.0627986
0.0567768
0.0498075
0.0414191
0.00864093
0.000296314
-0.00654908
-0.0123782
-0.0177792
-0.0227224
-0.0271729
-0.031142
-0.0346434
-0.0376886
-0.0402901
-0.0424613
-0.0442161
-0.0455689
-0.0465342
-0.0471264
-0.04736
-0.0472491
-0.0468079
-0.04605
-0.0449888
-0.0436372
-0.0420079
-0.0401129
-0.0379644
-0.0355736
-0.0329521
-0.0301107
-0.0270604
-0.0238119
-0.0203759
-0.0167631
-0.0129845
-0.00905102
-0.00497393
-0.000764859
0.00356419
0.00800073
0.0125317
0.0171436
0.021822
0.0265519
0.0313175
0.0361023
0.0408887
0.0456584
0.0503923
0.0550701
0.0596711
0.0641733
0.0685543
0.0727908
0.0768588
0.080734
0.0843914
0.0878059
0.0909523
0.0938054
0.0963401
0.0985321
0.100357
0.101793
0.102818
0.103411
0.103553
0.103228
0.102421
0.101119
0.0993126
0.0969933
0.0941564
0.0907996
0.0869234
0.0825312
0.0776253
0.072211
0.0663424
0.0600678
0.0527917
0.0440213
0.00416501
-0.004484
-0.0115715
-0.0175978
-0.023173
-0.0282665
-0.0328422
-0.0369123
-0.0404913
-0.0435917
-0.0462269
-0.0484115
-0.0501606
-0.0514897
-0.0524144
-0.0529505
-0.0531134
-0.0529186
-0.052381
-0.0515153
-0.0503359
-0.0488564
-0.0470902
-0.0450503
-0.042749
-0.0401985
-0.0374104
-0.0343961
-0.0311668
-0.0277335
-0.024107
-0.0202983
-0.0163181
-0.0121776
-0.00788811
-0.00346113
0.00109132
0.00575679
0.0105223
0.0153742
0.0202981
0.0252791
0.0303011
0.0353475
0.0404005
0.0454415
0.0504508
0.0554079
0.0602913
0.0650783
0.0697457
0.0742691
0.0786234
0.0827831
0.0867218
0.0904128
0.0938293
0.0969442
0.0997307
0.102162
0.104213
0.105858
0.107074
0.107837
0.108127
0.107925
0.107215
0.105981
0.104213
0.101901
0.099038
0.095622
0.0916525
0.0871323
0.0820636
0.0764518
0.070353
0.0638182
0.0562239
0.0470555
-0.000831619
-0.00979306
-0.017128
-0.0233547
-0.0291059
-0.0343497
-0.0390491
-0.0432172
-0.0468693
-0.0500189
-0.0526807
-0.0548705
-0.0566046
-0.0578997
-0.0587729
-0.0592411
-0.0593211
-0.0590295
-0.0583825
-0.0573956
-0.0560843
-0.0544632
-0.0525465
-0.0503477
-0.0478799
-0.0451558
-0.0421874
-0.0389867
-0.0355649
-0.0319333
-0.028103
-0.0240848
-0.0198897
-0.0155289
-0.0110135
-0.00635502
-0.00156545
0.00334286
0.008357
0.0134634
0.0186478
0.023895
0.0291892
0.0345135
0.0398499
0.0451795
0.0504824
0.0557376
0.0609228
0.0660149
0.0709895
0.0758214
0.0804844
0.0849516
0.0891951
0.0931867
0.0968978
0.100299
0.103363
0.106059
0.10836
0.110239
0.111669
0.112626
0.113087
0.113029
0.112435
0.111288
0.109574
0.107282
0.104406
0.10094
0.0968833
0.092239
0.0870083
0.0811967
0.0748629
0.06806
0.0601356
0.050552
-0.00637519
-0.015658
-0.0232464
-0.0296771
-0.0356059
-0.0410001
-0.0458216
-0.0500841
-0.0538042
-0.0569965
-0.059677
-0.0618626
-0.0635713
-0.0648211
-0.0656305
-0.0660179
-0.0660015
-0.0655991
-0.0648282
-0.0637056
-0.0622477
-0.0604701
-0.0583879
-0.0560155
-0.0533666
-0.0504543
-0.0472913
-0.0438898
-0.0402614
-0.0364177
-0.0323696
-0.0281283
-0.0237048
-0.0191099
-0.014355
-0.00945146
-0.004411
0.000754116
0.00603109
0.0114065
0.0168661
0.022395
0.0279771
0.0335955
0.0392323
0.0448682
0.0504831
0.0560554
0.0615623
0.0669801
0.0722835
0.0774464
0.0824412
0.0872398
0.0918129
0.0961305
0.100162
0.103877
0.107243
0.110231
0.11281
0.114949
0.11662
0.117796
0.118451
0.118561
0.118105
0.117064
0.115422
0.113167
0.11029
0.106785
0.102649
0.0978856
0.0924945
0.0864814
0.0799075
0.0728284
0.0645612
0.0545442
-0.0124936
-0.0221075
-0.0299561
-0.0365946
-0.0427031
-0.0482477
-0.0531891
-0.0575421
-0.0613245
-0.0645521
-0.0672422
-0.0694134
-0.071085
-0.0722768
-0.0730088
-0.073301
-0.0731731
-0.0726445
-0.071734
-0.0704598
-0.0688392
-0.0668892
-0.0646256
-0.0620637
-0.0592179
-0.0561021
-0.0527293
-0.0491121
-0.0452625
-0.041192
-0.0369121
-0.0324337
-0.0277677
-0.0229251
-0.017917
-0.0127545
-0.00744935
-0.00201347
0.00354052
0.00919938
0.0149491
0.0207748
0.0266606
0.0325896
0.0385437
0.0445037
0.050449
0.0563577
0.0622067
0.0679714
0.0736258
0.0791426
0.0844934
0.0896484
0.0945769
0.0992471
0.103627
0.107682
0.111381
0.114689
0.117574
0.120002
0.121943
0.123366
0.124242
0.124545
0.124251
0.123338
0.121789
0.119589
0.116726
0.113193
0.108987
0.10411
0.0985603
0.0923443
0.0855254
0.0781617
0.0695384
0.0590685
-0.0192165
-0.0291725
-0.0372886
-0.0441393
-0.0504295
-0.0561244
-0.0611833
-0.0656224
-0.0694605
-0.0727149
-0.0754045
-0.0775494
-0.0791708
-0.0802904
-0.0809298
-0.0811109
-0.080855
-0.0801832
-0.0791158
-0.0776724
-0.0758717
-0.0737318
-0.0712696
-0.0685012
-0.065442
-0.0621062
-0.0585076
-0.054659
-0.0505728
-0.0462608
-0.0417343
-0.0370043
-0.0320818
-0.0269776
-0.0217023
-0.0162672
-0.0106835
-0.00496295
0.000882155
0.00683884
0.0128934
0.019031
0.0252362
0.031492
0.0377805
0.0440823
0.0503767
0.0566415
0.0628531
0.0689862
0.0750142
0.0809089
0.0866405
0.0921779
0.0974889
0.10254
0.107296
0.111723
0.115783
0.119443
0.122664
0.125413
0.127654
0.129354
0.130481
0.131005
0.130899
0.13014
0.128706
0.12658
0.123748
0.120202
0.115937
0.110952
0.105247
0.0988274
0.0917587
0.0841017
0.0751081
0.0641646
-0.0265755
-0.0368859
-0.0452776
-0.0523452
-0.0588195
-0.0646643
-0.0698381
-0.0743579
-0.0782442
-0.0815158
-0.0841933
-0.0862988
-0.0878554
-0.0888867
-0.0894165
-0.0894686
-0.0890663
-0.0882325
-0.0869891
-0.0853574
-0.0833576
-0.0810089
-0.0783294
-0.0753363
-0.0720456
-0.0684725
-0.0646311
-0.0605348
-0.0561961
-0.0516269
-0.0468388
-0.0418426
-0.0366491
-0.031269
-0.0257128
-0.0199912
-0.0141152
-0.00809616
-0.00194598
0.00432273
0.0106966
0.0171612
0.0237013
0.0303001
0.0369399
0.0436012
0.0502634
0.0569039
0.0634989
0.0700224
0.0764472
0.0827441
0.0888821
0.0948289
0.10055
0.106011
0.111175
0.116004
0.120459
0.124502
0.128094
0.131197
0.133771
0.135781
0.137191
0.137967
0.13808
0.137501
0.136207
0.134178
0.131397
0.127853
0.123541
0.118457
0.112601
0.105977
0.0986534
0.0906943
0.0813154
0.0698763
-0.0346047
-0.0452831
-0.0539595
-0.0612493
-0.0679101
-0.0739044
-0.0791897
-0.0837842
-0.0877101
-0.0909879
-0.0936402
-0.0956912
-0.0971662
-0.0980913
-0.0984924
-0.0983956
-0.0978264
-0.0968096
-0.0953692
-0.0935282
-0.0913083
-0.0887302
-0.0858133
-0.0825758
-0.0790346
-0.0752056
-0.0711035
-0.066742
-0.0621341
-0.0572917
-0.0522263
-0.0469489
-0.0414699
-0.0357997
-0.0299485
-0.0239267
-0.0177447
-0.0114135
-0.00494454
0.00165016
0.00835762
0.015164
0.0220542
0.0290119
0.0360197
0.0430582
0.0501067
0.0571427
0.0641419
0.0710781
0.0779232
0.0846472
0.0912181
0.0976021
0.103764
0.109665
0.115268
0.120532
0.125416
0.129879
0.133877
0.137369
0.140313
0.142669
0.144397
0.14546
0.145823
0.145456
0.14433
0.142423
0.139715
0.136192
0.131845
0.126672
0.12067
0.113842
0.10626
0.0979894
0.0882096
0.0762512
-0.0433404
-0.0544021
-0.0633735
-0.0708914
-0.0777412
-0.0838844
-0.0892773
-0.0939394
-0.0978948
-0.101166
-0.103778
-0.105758
-0.107132
-0.107931
-0.108182
-0.107914
-0.107155
-0.105932
-0.104271
-0.102197
-0.0997344
-0.0969044
-0.0937282
-0.090225
-0.0864128
-0.0823081
-0.0779263
-0.0732815
-0.0683869
-0.0632546
-0.057896
-0.0523219
-0.0465426
-0.0405679
-0.0344078
-0.0280721
-0.0215707
-0.0149139
-0.00811261
-0.00117829
0.00587671
0.0130391
0.0202943
0.0276266
0.0350187
0.0424517
0.049905
0.0573561
0.0647805
0.0721516
0.0794409
0.0866174
0.0936482
0.100498
0.10713
0.113504
0.11958
0.125315
0.130664
0.135583
0.140026
0.143947
0.1473
0.150041
0.152125
0.153512
0.154162
0.15404
0.153115
0.151358
0.148747
0.145265
0.140902
0.135651
0.12951
0.122479
0.114633
0.106042
0.0958447
0.0833418
-0.0528218
-0.0642843
-0.0735622
-0.0813145
-0.0883561
-0.0946473
-0.100143
-0.104864
-0.108838
-0.112088
-0.114643
-0.116531
-0.117784
-0.118433
-0.118509
-0.118045
-0.11707
-0.115615
-0.113708
-0.111376
-0.108645
-0.105539
-0.102079
-0.0982876
-0.0941822
-0.0897808
-0.0850992
-0.0801519
-0.0749524
-0.0695128
-0.0638445
-0.057958
-0.0518633
-0.0455698
-0.0390869
-0.0324237
-0.0255896
-0.0185942
-0.0114475
-0.00416035
0.00325566
0.0107879
0.0184226
0.0261446
0.033937
0.0417815
0.0496576
0.0575431
0.0654135
0.073242
0.0809994
0.0886543
0.0961726
0.103518
0.110651
0.117532
0.124116
0.130358
0.136211
0.141626
0.146555
0.150947
0.154752
0.15792
0.160404
0.162156
0.163132
0.163294
0.162603
0.161028
0.158543
0.155127
0.150766
0.145451
0.139178
0.131946
0.123834
0.114913
0.10428
0.0912054
-0.0630916
-0.0749744
-0.0845718
-0.0925657
-0.0998021
-0.10624
-0.111833
-0.116604
-0.120582
-0.123794
-0.126271
-0.128046
-0.129152
-0.129625
-0.1295
-0.128811
-0.127592
-0.125876
-0.123694
-0.121076
-0.118049
-0.114639
-0.11087
-0.106765
-0.102343
-0.097622
-0.0926192
-0.0873492
-0.0818257
-0.0760609
-0.070066
-0.0638511
-0.0574258
-0.0507991
-0.0439795
-0.0369756
-0.0297959
-0.0224491
-0.0149445
-0.00729183
0.000498071
0.0084135
0.0164415
0.0245675
0.0327757
0.041048
0.0493647
0.0577037
0.0660406
0.0743486
0.0825983
0.0907575
0.0987914
0.106662
0.11433
0.121751
0.128879
0.135668
0.142065
0.14802
0.153479
0.158387
0.162689
0.166332
0.16926
0.171423
0.172771
0.173258
0.172841
0.171485
0.169158
0.165834
0.161497
0.156135
0.14974
0.142311
0.133929
0.124667
0.113581
0.0999051
-0.0741958
-0.0865213
-0.0964528
-0.104697
-0.112131
-0.118713
-0.124396
-0.129206
-0.133172
-0.136327
-0.138704
-0.140339
-0.141271
-0.141539
-0.14118
-0.140234
-0.138739
-0.136729
-0.13424
-0.131304
-0.127951
-0.124208
-0.120102
-0.115656
-0.110892
-0.105827
-0.100481
-0.0948667
-0.0889994
-0.0828907
-0.0765517
-0.0699922
-0.0632211
-0.0562467
-0.0490769
-0.0417193
-0.0341815
-0.0264711
-0.0185965
-0.0105664
-0.00239043
0.00592067
0.0143549
0.0228989
0.0315374
0.0402534
0.0490276
0.0578385
0.066662
0.0754715
0.0842373
0.092927
0.101505
0.109932
0.118167
0.126164
0.133876
0.141251
0.148236
0.154776
0.160812
0.166284
0.171134
0.175301
0.178726
0.18135
0.183117
0.183976
0.183879
0.182782
0.180649
0.177449
0.173161
0.167771
0.161266
0.153645
0.14499
0.135378
0.123818
0.10951
-0.086185
-0.0989788
-0.109261
-0.117763
-0.125399
-0.132123
-0.137888
-0.142722
-0.146659
-0.149734
-0.151984
-0.15345
-0.154175
-0.154202
-0.153575
-0.152337
-0.150528
-0.148189
-0.145357
-0.142068
-0.138354
-0.134247
-0.129773
-0.124957
-0.119823
-0.114389
-0.108675
-0.102694
-0.0964623
-0.0899906
-0.0832897
-0.076369
-0.0692368
-0.0619006
-0.0543673
-0.0466434
-0.0387354
-0.03065
-0.0223941
-0.0139753
-0.00540199
0.00331641
0.0121691
0.0211438
0.0302264
0.0394008
0.0486487
0.0579493
0.067279
0.0766114
0.0859171
0.0951632
0.104313
0.113328
0.122164
0.130775
0.139109
0.147114
0.154733
0.161904
0.168567
0.174657
0.180109
0.184856
0.188832
0.191972
0.194214
0.195498
0.195769
0.194977
0.19308
0.19004
0.185831
0.180435
0.173835
0.166028
0.157099
0.147127
0.135071
0.120097
-0.0991145
-0.112406
-0.123058
-0.131829
-0.139668
-0.146531
-0.152369
-0.157211
-0.161096
-0.164064
-0.166156
-0.167419
-0.1679
-0.167648
-0.166712
-0.165139
-0.162976
-0.160267
-0.157053
-0.153372
-0.149261
-0.144753
-0.139878
-0.134661
-0.129127
-0.123297
-0.117188
-0.110818
-0.1042
-0.0973453
-0.0902644
-0.0829659
-0.0754574
-0.0677453
-0.0598355
-0.0517333
-0.0434439
-0.0349727
-0.0263251
-0.0175074
-0.00852634
0.000609912
0.00989206
0.0193092
0.0288485
0.0384952
0.048232
0.058039
0.0678936
0.0777698
0.0876384
0.0974666
0.107218
0.116852
0.126324
0.135585
0.144584
0.153263
0.161562
0.169417
0.176761
0.183524
0.189636
0.195022
0.199611
0.203328
0.206105
0.207872
0.208568
0.208134
0.206519
0.203681
0.199585
0.194209
0.187533
0.179549
0.170344
0.160002
0.147428
0.13175
-0.113046
-0.126868
-0.137912
-0.146962
-0.155009
-0.162006
-0.167903
-0.172734
-0.176543
-0.179372
-0.18127
-0.182289
-0.182483
-0.181908
-0.180617
-0.178664
-0.1761
-0.172974
-0.169333
-0.165218
-0.160669
-0.155722
-0.150408
-0.144755
-0.13879
-0.132534
-0.126005
-0.119221
-0.112194
-0.104936
-0.0974562
-0.0897632
-0.0818633
-0.0737616
-0.0654629
-0.056971
-0.0482898
-0.0394229
-0.0303743
-0.0211484
-0.0117506
-0.00218717
0.00753417
0.0174041
0.0274115
0.037543
0.0477826
0.0581118
0.0685088
0.0789487
0.0894027
0.0998383
0.110219
0.120503
0.130646
0.140597
0.150302
0.159702
0.168731
0.177323
0.185406
0.192903
0.199738
0.205829
0.211097
0.215459
0.218837
0.221154
0.222337
0.222319
0.221041
0.218452
0.21451
0.209186
0.202454
0.194304
0.184824
0.174101
0.160984
0.144561
-0.128046
-0.142439
-0.153898
-0.163241
-0.171499
-0.178624
-0.184565
-0.189362
-0.193062
-0.195716
-0.197378
-0.198107
-0.197965
-0.197014
-0.195315
-0.192928
-0.189911
-0.186319
-0.1822
-0.177604
-0.172571
-0.167142
-0.16135
-0.155225
-0.148795
-0.142081
-0.135104
-0.127879
-0.12042
-0.112738
-0.104841
-0.0967371
-0.0884309
-0.0799266
-0.0712271
-0.0623351
-0.0532524
-0.0439811
-0.0345232
-0.0248814
-0.0150591
-0.00506061
0.00510818
0.0154399
0.0259252
0.0365524
0.0473073
0.0581729
0.0691287
0.080151
0.0912118
0.102279
0.113317
0.124283
0.135132
0.145812
0.156267
0.166435
0.176248
0.185633
0.194515
0.202811
0.210437
0.217305
0.223325
0.228406
0.232461
0.2354
0.237142
0.237608
0.236728
0.234442
0.2307
0.225464
0.218703
0.210401
0.200648
0.189533
0.175847
0.158634
-0.144192
-0.1592
-0.171104
-0.180752
-0.189224
-0.196468
-0.202436
-0.20717
-0.210726
-0.21316
-0.214536
-0.214921
-0.214385
-0.212999
-0.210833
-0.207952
-0.204423
-0.200305
-0.195654
-0.190523
-0.184958
-0.179
-0.172687
-0.16605
-0.159118
-0.151914
-0.144458
-0.136766
-0.128851
-0.120723
-0.112391
-0.103859
-0.0951323
-0.0862127
-0.0771017
-0.0677999
-0.0583075
-0.0486242
-0.0387503
-0.0286863
-0.0184332
-0.00799352
0.00262928
0.0134299
0.0244011
0.0355333
0.0468144
0.0582289
0.0697584
0.0813803
0.0930681
0.104791
0.116512
0.128192
0.139782
0.151231
0.16248
0.173466
0.184116
0.194355
0.204101
0.213266
0.221757
0.229478
0.23633
0.242214
0.247027
0.250671
0.253051
0.254077
0.253667
0.251748
0.24826
0.243156
0.236397
0.22796
0.217938
0.206422
0.192137
0.174084
-0.161569
-0.177244
-0.189625
-0.199594
-0.208281
-0.215635
-0.221606
-0.226243
-0.22961
-0.231773
-0.232805
-0.232783
-0.231787
-0.229898
-0.227193
-0.223751
-0.219642
-0.214934
-0.20969
-0.203966
-0.197812
-0.191275
-0.184394
-0.177203
-0.16973
-0.162001
-0.154035
-0.145848
-0.137452
-0.128858
-0.120071
-0.111096
-0.101935
-0.0925884
-0.083056
-0.0733361
-0.0634268
-0.0533257
-0.0430306
-0.0325397
-0.0218516
-0.0109663
0.00011514
0.0113899
0.022853
0.0344975
0.0463134
0.0582876
0.0704036
0.0826407
0.0949741
0.107374
0.119805
0.132228
0.144594
0.156852
0.168941
0.180795
0.192341
0.203496
0.214174
0.224281
0.233717
0.242376
0.250149
0.256925
0.26259
0.267031
0.270141
0.271814
0.271954
0.270476
0.267305
0.262385
0.255664
0.247115
0.23683
0.224902
0.209987
0.191038
-0.180273
-0.196677
-0.209572
-0.219878
-0.228782
-0.236231
-0.242176
-0.246675
-0.249801
-0.251631
-0.25225
-0.251746
-0.250212
-0.247741
-0.24442
-0.240337
-0.235573
-0.230203
-0.224296
-0.217914
-0.211113
-0.203942
-0.196442
-0.18865
-0.180596
-0.172305
-0.163796
-0.155086
-0.146186
-0.137103
-0.127844
-0.11841
-0.108801
-0.0990173
-0.0890548
-0.0789101
-0.0685785
-0.0580553
-0.0473357
-0.0364151
-0.0252897
-0.0139565
-0.00241405
0.00933771
0.0212967
0.0334584
0.0458156
0.0583579
0.071071
0.0839369
0.0969325
0.11003
0.123196
0.13639
0.149568
0.162674
0.175649
0.188424
0.200922
0.213059
0.224742
0.235871
0.246337
0.256025
0.264816
0.272585
0.279204
0.284548
0.28849
0.290909
0.291694
0.290741
0.287962
0.283286
0.27665
0.268016
0.257478
0.245127
0.229547
0.209639
-0.200416
-0.217618
-0.23107
-0.241732
-0.250851
-0.258377
-0.264261
-0.268571
-0.271393
-0.272816
-0.27294
-0.271868
-0.269706
-0.26656
-0.262533
-0.257721
-0.252217
-0.246103
-0.239457
-0.232346
-0.224832
-0.216966
-0.208794
-0.200352
-0.191674
-0.182782
-0.173698
-0.164436
-0.155005
-0.145414
-0.135664
-0.125756
-0.115689
-0.105458
-0.0950588
-0.084484
-0.0737266
-0.0627791
-0.0516337
-0.040283
-0.0287202
-0.0169393
-0.00493575
0.00729352
0.0197495
0.0324309
0.0453334
0.0584495
0.0717681
0.0852737
0.098946
0.112759
0.126682
0.140677
0.154697
0.168691
0.182598
0.196347
0.209859
0.223046
0.235811
0.248046
0.259634
0.270451
0.280366
0.289239
0.296929
0.303291
0.308181
0.311462
0.312999
0.312671
0.310371
0.306011
0.299515
0.290831
0.280052
0.267269
0.250987
0.230048
-0.222123
-0.240207
-0.254265
-0.265302
-0.274634
-0.282211
-0.287989
-0.292049
-0.29449
-0.295418
-0.29495
-0.293207
-0.290312
-0.286387
-0.281548
-0.275907
-0.269565
-0.262617
-0.255147
-0.24723
-0.238931
-0.230306
-0.221403
-0.212261
-0.202912
-0.193381
-0.183687
-0.173844
-0.163859
-0.153738
-0.143481
-0.133087
-0.122551
-0.111866
-0.101024
-0.0900159
-0.0788314
-0.0674595
-0.0558895
-0.0441107
-0.032113
-0.0198871
-0.0074252
0.00527928
0.0182307
0.0314312
0.04488
0.058573
0.0725025
0.0866561
0.101017
0.115562
0.130262
0.145082
0.159978
0.174898
0.189781
0.204558
0.219146
0.233454
0.247381
0.260811
0.273622
0.285676
0.29683
0.306931
0.315819
0.323332
0.329305
0.333576
0.335991
0.336404
0.334687
0.330731
0.32444
0.31575
0.304747
0.291525
0.274496
0.252446
-0.245542
-0.264604
-0.279324
-0.290756
-0.300295
-0.307891
-0.313508
-0.31724
-0.319206
-0.319533
-0.318358
-0.315824
-0.312074
-0.307247
-0.301478
-0.294892
-0.287605
-0.279722
-0.271334
-0.262525
-0.253364
-0.243911
-0.234216
-0.22432
-0.214254
-0.204043
-0.193704
-0.183251
-0.172688
-0.162018
-0.151239
-0.140347
-0.129333
-0.118189
-0.106902
-0.0954601
-0.0838494
-0.0720558
-0.0600649
-0.0478627
-0.0354355
-0.0227704
-0.00985572
0.00331861
0.0167608
0.0304768
0.0444697
0.0587394
0.0732817
0.0880885
0.103146
0.118435
0.133931
0.1496
0.1654
0.181283
0.197189
0.213046
0.228773
0.244276
0.259448
0.27417
0.288308
0.301716
0.314237
0.325702
0.335933
0.344746
0.351952
0.357366
0.360804
0.362095
0.361083
0.357634
0.35163
0.342987
0.331785
0.318116
0.300293
0.27704
-0.270842
-0.290996
-0.306443
-0.318291
-0.328025
-0.335598
-0.340982
-0.344292
-0.34567
-0.345268
-0.34325
-0.339782
-0.335033
-0.329163
-0.322328
-0.314668
-0.306314
-0.297382
-0.287974
-0.27818
-0.268074
-0.257719
-0.247168
-0.236461
-0.22563
-0.214698
-0.203682
-0.19259
-0.181426
-0.17019
-0.158876
-0.147476
-0.13598
-0.124373
-0.112641
-0.100767
-0.0887341
-0.0765242
-0.0641193
-0.0515014
-0.0386531
-0.0255575
-0.0121991
0.00143639
0.0153613
0.0295857
0.044117
0.0589593
0.0741131
0.0895744
0.105334
0.121377
0.137682
0.15422
0.170952
0.187833
0.204803
0.221795
0.238725
0.255498
0.272003
0.288116
0.303695
0.318584
0.332612
0.345591
0.357326
0.367607
0.37622
0.38295
0.387581
0.389911
0.38975
0.386934
0.381315
0.372786
0.361418
0.347297
0.328627
0.304064
-0.298223
-0.319604
-0.335852
-0.348138
-0.358047
-0.36554
-0.370601
-0.373371
-0.374022
-0.372737
-0.369711
-0.365143
-0.359227
-0.352152
-0.344094
-0.335213
-0.325656
-0.315552
-0.305011
-0.294131
-0.282991
-0.271657
-0.260182
-0.248607
-0.236963
-0.22527
-0.213542
-0.201786
-0.190001
-0.178184
-0.166324
-0.154411
-0.142428
-0.130359
-0.118184
-0.105884
-0.0934357
-0.0808183
-0.0680095
-0.0549871
-0.0417295
-0.0282158
-0.0144261
-0.000341753
0.014054
0.0287759
0.0438359
0.0592432
0.0750029
0.0911161
0.107579
0.124381
0.141506
0.158929
0.176617
0.194527
0.212604
0.230781
0.248978
0.267097
0.285026
0.302635
0.319777
0.336283
0.351969
0.366631
0.380049
0.391989
0.402207
0.410453
0.416477
0.420035
0.4209
0.418867
0.413756
0.405427
0.393936
0.379362
0.359786
0.333788
-0.327923
-0.350688
-0.367822
-0.380565
-0.39062
-0.397959
-0.402582
-0.404666
-0.404418
-0.402064
-0.397835
-0.391967
-0.38469
-0.376221
-0.366762
-0.356495
-0.345584
-0.33417
-0.322375
-0.310301
-0.298033
-0.285639
-0.273171
-0.260671
-0.248165
-0.235672
-0.223202
-0.210757
-0.198334
-0.185923
-0.17351
-0.16108
-0.148612
-0.136084
-0.123474
-0.110755
-0.0979024
-0.0848899
-0.0716908
-0.0582787
-0.0446275
-0.0307118
-0.0165071
-0.00199012
0.0128607
0.028065
0.0436399
0.0595999
0.0759555
0.0927135
0.109875
0.127437
0.145388
0.163709
0.182372
0.20134
0.220562
0.239975
0.2595
0.279042
0.298488
0.317704
0.336535
0.354806
0.372316
0.388844
0.404147
0.417962
0.430012
0.440007
0.447656
0.452668
0.454768
0.453705
0.449252
0.441229
0.429674
0.414651
0.394102
0.366523
-0.360222
-0.384559
-0.402677
-0.415893
-0.426049
-0.433133
-0.437173
-0.438385
-0.43703
-0.433378
-0.427712
-0.420311
-0.411444
-0.401365
-0.390303
-0.378465
-0.366032
-0.353159
-0.339978
-0.326596
-0.313102
-0.299564
-0.286034
-0.27255
-0.259136
-0.245807
-0.232567
-0.219413
-0.206337
-0.193324
-0.180356
-0.16741
-0.154461
-0.141483
-0.128447
-0.115323
-0.102081
-0.0886895
-0.0751179
-0.0613348
-0.0473096
-0.033012
-0.0184127
-0.00348362
0.0118021
0.0274693
0.0435408
0.0600365
0.0769733
0.0943638
0.112216
0.130533
0.149311
0.168537
0.18819
0.208239
0.22864
0.249335
0.270249
0.291291
0.312348
0.333284
0.35394
0.374132
0.393646
0.412243
0.429655
0.445589
0.45973
0.471746
0.481294
0.488028
0.491617
0.491749
0.488142
0.480564
0.469022
0.453562
0.431964
0.402635
-0.395458
-0.421592
-0.440803
-0.454501
-0.464692
-0.47139
-0.474656
-0.474767
-0.472043
-0.466819
-0.459434
-0.450223
-0.439502
-0.427564
-0.41467
-0.401054
-0.386914
-0.37242
-0.357712
-0.342902
-0.328081
-0.313315
-0.298654
-0.284131
-0.269766
-0.255568
-0.241534
-0.227656
-0.213919
-0.200301
-0.186779
-0.173323
-0.159903
-0.146487
-0.13304
-0.119529
-0.105916
-0.0921673
-0.0782453
-0.0641144
-0.049739
-0.035084
-0.0201151
-0.00479871
0.0108972
0.0270031
0.0435477
0.0605572
0.0780549
0.0960604
0.114589
0.133651
0.153249
0.173381
0.194033
0.215182
0.236791
0.25881
0.281171
0.303787
0.326548
0.34932
0.371942
0.394222
0.415935
0.436823
0.456594
0.474923
0.491455
0.505805
0.517574
0.526353
0.531737
0.533344
0.530816
0.523858
0.512434
0.49656
0.473831
0.442548
-0.43404
-0.462238
-0.482669
-0.496847
-0.506977
-0.51311
-0.515359
-0.514076
-0.509662
-0.502528
-0.493089
-0.481741
-0.468857
-0.454774
-0.439791
-0.424166
-0.408119
-0.39183
-0.375447
-0.359086
-0.342835
-0.326758
-0.3109
-0.295287
-0.279934
-0.264839
-0.249994
-0.235383
-0.220981
-0.206762
-0.192692
-0.178739
-0.164863
-0.151027
-0.137191
-0.123314
-0.109356
-0.0952743
-0.0810286
-0.0665777
-0.0518807
-0.0368974
-0.0215882
-0.00591431
0.0101621
0.0266775
0.0436667
0.0611625
0.0791951
0.0977918
0.116976
0.136765
0.157173
0.178205
0.199857
0.222116
0.244955
0.268334
0.292194
0.316454
0.341013
0.36574
0.390472
0.415015
0.439135
0.462558
0.484966
0.506002
0.525264
0.542315
0.556688
0.567895
0.575449
0.578875
0.577724
0.571613
0.560449
0.544201
0.520247
0.486769
-0.476467
-0.507051
-0.528842
-0.543479
-0.553409
-0.558739
-0.559654
-0.556606
-0.550101
-0.540648
-0.528749
-0.51488
-0.499476
-0.482924
-0.465563
-0.447678
-0.429506
-0.411239
-0.393028
-0.37499
-0.357208
-0.339741
-0.322625
-0.305879
-0.289505
-0.273494
-0.257828
-0.242481
-0.22742
-0.21261
-0.198009
-0.183576
-0.169266
-0.155035
-0.140835
-0.126621
-0.112346
-0.0979634
-0.0834259
-0.0686876
-0.0537024
-0.0384248
-0.0228097
-0.00681291
0.00960933
0.0264996
0.0438992
0.0618479
0.0803834
0.099541
0.119352
0.139845
0.161043
0.18296
0.205606
0.228977
0.253061
0.277828
0.30323
0.329201
0.355646
0.382442
0.409433
0.436423
0.463172
0.489392
0.514745
0.538837
0.56122
0.581398
0.598825
0.612926
0.623107
0.628782
0.629384
0.624416
0.613702
0.597148
0.571865
0.535902
-0.523355
-0.556714
-0.580021
-0.595067
-0.604596
-0.6088
-0.607967
-0.602684
-0.593589
-0.581315
-0.566473
-0.549629
-0.531293
-0.511906
-0.491846
-0.471426
-0.450898
-0.430462
-0.410269
-0.390429
-0.371021
-0.352092
-0.333666
-0.315751
-0.298335
-0.281399
-0.264912
-0.248837
-0.233131
-0.217748
-0.202638
-0.187752
-0.173038
-0.158442
-0.143912
-0.129395
-0.114839
-0.100191
-0.0853987
-0.0704108
-0.0551759
-0.0396429
-0.0237616
-0.00748164
0.00924633
0.0264713
0.0442412
0.0626033
0.081603
0.101284
0.121688
0.142852
0.164809
0.187589
0.211212
0.235689
0.26102
0.287193
0.314174
0.34191
0.370323
0.399301
0.428698
0.458322
0.487932
0.517234
0.545867
0.573406
0.599358
0.623156
0.644172
0.661725
0.675096
0.683559
0.686394
0.682958
0.672955
0.656199
0.629478
0.590678
-0.57547
-0.612078
-0.637071
-0.652425
-0.661265
-0.663905
-0.660783
-0.652661
-0.640353
-0.624647
-0.606283
-0.585936
-0.564194
-0.541561
-0.518452
-0.495203
-0.472079
-0.449279
-0.42695
-0.405193
-0.384072
-0.363619
-0.343844
-0.324736
-0.30627
-0.288412
-0.271115
-0.254331
-0.238004
-0.222077
-0.206492
-0.191188
-0.176106
-0.161184
-0.146363
-0.131585
-0.116789
-0.101917
-0.0869133
-0.0717191
-0.0562782
-0.0405342
-0.0244312
-0.00791344
0.00907465
0.0265883
0.0446825
0.0634118
0.0828298
0.102989
0.123941
0.145735
0.168415
0.192023
0.216595
0.242158
0.268728
0.296311
0.324892
0.354439
0.384891
0.416154
0.448099
0.480545
0.513259
0.545941
0.578221
0.609644
0.639668
0.66766
0.692898
0.714577
0.731831
0.743759
0.749449
0.748057
0.739127
0.722331
0.694056
0.651992
-0.633781
-0.674215
-0.701071
-0.716559
-0.724293
-0.724774
-0.718646
-0.706915
-0.690616
-0.67073
-0.648156
-0.623689
-0.598006
-0.57167
-0.545132
-0.518746
-0.492779
-0.467425
-0.442817
-0.419038
-0.396132
-0.374111
-0.352962
-0.332656
-0.313147
-0.294384
-0.276304
-0.258842
-0.241932
-0.225502
-0.209483
-0.193806
-0.178402
-0.163201
-0.148137
-0.133144
-0.118156
-0.10311
-0.0879424
-0.0725907
-0.056993
-0.0410875
-0.024813
-0.00810809
0.0090888
0.0268393
0.0452053
0.0642488
0.084032
0.104617
0.126065
0.148436
0.17179
0.196181
0.221661
0.248276
0.276061
0.305043
0.335231
0.366616
0.399162
0.432801
0.467425
0.502877
0.538937
0.575314
0.611632
0.647416
0.682083
0.714931
0.745136
0.771757
0.79375
0.81
0.819349
0.820688
0.813332
0.796748
0.766805
0.72095
-0.69952
-0.744495
-0.773386
-0.788714
-0.794738
-0.79224
-0.782162
-0.76583
-0.744569
-0.719596
-0.691997
-0.662699
-0.632473
-0.601936
-0.571568
-0.541728
-0.512677
-0.48459
-0.457576
-0.43169
-0.406949
-0.383335
-0.360811
-0.33932
-0.318796
-0.299163
-0.280342
-0.262252
-0.244808
-0.227928
-0.211531
-0.195536
-0.179864
-0.164439
-0.149187
-0.134034
-0.118909
-0.103743
-0.0884663
-0.0730115
-0.0573116
-0.0412997
-0.0249092
-0.0080733
0.00927535
0.0272047
0.0457834
0.0650811
0.0851685
0.106117
0.127999
0.150886
0.174852
0.199967
0.2263
0.253917
0.282876
0.313227
0.345007
0.378236
0.41291
0.448994
0.486413
0.52504
0.564685
0.605075
0.645844
0.686509
0.726455
0.764916
0.800965
0.833509
0.8613
0.882962
0.897019
0.902014
0.896937
0.880949
0.849244
0.798946
-0.774288
-0.824687
-0.855757
-0.870441
-0.873879
-0.867272
-0.851986
-0.82978
-0.802345
-0.771189
-0.737604
-0.702667
-0.667232
-0.631964
-0.597352
-0.563749
-0.531387
-0.500411
-0.470889
-0.442841
-0.416243
-0.391043
-0.367168
-0.344532
-0.323041
-0.302597
-0.283097
-0.264442
-0.246531
-0.229269
-0.212559
-0.196312
-0.180438
-0.164854
-0.149477
-0.134226
-0.119026
-0.1038
-0.0884741
-0.0729762
-0.0572341
-0.0411761
-0.0247306
-0.00782547
0.00961213
0.0276562
0.046382
0.0658667
0.0861894
0.107431
0.129674
0.153005
0.177509
0.203274
0.230388
0.258938
0.289008
0.320674
0.354007
0.38906
0.425869
0.464439
0.50474
0.54669
0.590139
0.634855
0.680498
0.726596
0.772519
0.817452
0.860369
0.900017
0.934915
0.963373
0.983516
0.993423
0.991624
0.976828
0.943309
0.88776
-0.860193
-0.917118
-0.950433
-0.963688
-0.963254
-0.95097
-0.928803
-0.899087
-0.863976
-0.825316
-0.784636
-0.74315
-0.70179
-0.66124
-0.621978
-0.58432
-0.548454
-0.514468
-0.48238
-0.452153
-0.423715
-0.396969
-0.371801
-0.34809
-0.32571
-0.304534
-0.284439
-0.265303
-0.247009
-0.229444
-0.212502
-0.19608
-0.180081
-0.16441
-0.148979
-0.1337
-0.118492
-0.103273
-0.087965
-0.0724895
-0.0567706
-0.0407321
-0.0242976
-0.00739037
0.0100677
0.0281563
0.0469571
0.0665542
0.0870349
0.10849
0.131012
0.1547
0.179654
0.20598
0.233785
0.263179
0.294273
0.327175
0.36199
0.398813
0.437726
0.478786
0.522018
0.567399
0.614842
0.664174
0.715107
0.767208
0.819861
0.872224
0.92319
0.97135
1.01497
1.05199
1.08004
1.09657
1.09949
1.0868
1.05152
0.989706
-0.960071
-1.0249
-1.06035
-1.0709
-1.0647
-1.04456
-1.01328
-0.973956
-0.929316
-0.881591
-0.832546
-0.78352
-0.735484
-0.689107
-0.644817
-0.60286
-0.563348
-0.52629
-0.491628
-0.459258
-0.429046
-0.400838
-0.374474
-0.349792
-0.32663
-0.304832
-0.284247
-0.264734
-0.246157
-0.228387
-0.211306
-0.194799
-0.178759
-0.163084
-0.147678
-0.132449
-0.117308
-0.102169
-0.0869489
-0.0715666
-0.0559413
-0.0399927
-0.0236405
-0.00680342
0.0106012
0.0286583
0.0474553
0.0670831
0.0876365
0.109215
0.131923
0.15587
0.181172
0.207952
0.236338
0.266463
0.298467
0.332493
0.368685
0.407184
0.448126
0.491628
0.537786
0.586653
0.638227
0.69242
0.74903
0.807699
0.867865
0.928703
0.989061
1.0474
1.10171
1.14954
1.18789
1.21343
1.22314
1.21401
1.17722
1.10787
-1.07783
-1.15226
-1.18939
-1.19517
-1.1804
-1.14933
-1.10597
-1.05438
-0.997949
-0.939337
-0.880518
-0.822904
-0.767447
-0.71474
-0.665109
-0.618685
-0.575463
-0.535346
-0.498177
-0.463766
-0.431902
-0.402369
-0.374952
-0.349442
-0.325639
-0.303354
-0.282412
-0.262648
-0.243906
-0.226045
-0.20893
-0.192439
-0.176454
-0.160866
-0.145573
-0.130476
-0.115482
-0.100502
-0.0854475
-0.0702339
-0.0547771
-0.0389936
-0.0227994
-0.00610961
0.0111625
0.0291064
0.0478147
0.0673843
0.087917
0.109521
0.132309
0.156405
0.181938
0.209047
0.237881
0.2686
0.301371
0.336374
0.373795
0.413828
0.456667
0.502502
0.551512
0.603846
0.659609
0.718832
0.781439
0.847197
0.915657
0.986073
1.05731
1.12775
1.19517
1.25664
1.30847
1.3463
1.36584
1.36256
1.32491
1.24644
-1.21902
-1.30512
-1.34273
-1.34038
-1.31285
-1.26657
-1.20718
-1.13996
-1.06905
-0.997482
-0.92738
-0.860129
-0.796566
-0.737123
-0.68195
-0.631004
-0.584121
-0.541059
-0.501541
-0.46527
-0.431948
-0.401286
-0.373008
-0.346855
-0.322588
-0.299986
-0.278843
-0.258973
-0.240204
-0.222379
-0.205351
-0.188988
-0.173163
-0.157762
-0.142675
-0.127801
-0.113041
-0.0983017
-0.0834937
-0.0685286
-0.0533195
-0.0377802
-0.021824
-0.00536302
0.0116928
0.0294367
0.0479655
0.0673814
0.0877923
0.109313
0.132068
0.156188
0.181818
0.209113
0.238243
0.269389
0.302752
0.338546
0.377003
0.418371
0.462911
0.510893
0.562593
0.618273
0.678174
0.742482
0.811295
0.884567
0.962038
1.04314
1.12685
1.21158
1.29495
1.37363
1.44313
1.4978
1.53166
1.5379
1.50083
1.41136
-1.39181
-1.49186
-1.52734
-1.51132
-1.46475
-1.3973
-1.31672
-1.22971
-1.14117
-1.0544
-0.971495
-0.893651
-0.821446
-0.755033
-0.694289
-0.638931
-0.58858
-0.542818
-0.501219
-0.463363
-0.428854
-0.397324
-0.368431
-0.341868
-0.317352
-0.294629
-0.273468
-0.253661
-0.23502
-0.217373
-0.200563
-0.184449
-0.168899
-0.153791
-0.139011
-0.124454
-0.110018
-0.0956086
-0.0811322
-0.0664989
-0.05162
-0.0364076
-0.0207728
-0.00462582
0.0121259
0.0295783
0.0478317
0.0669923
0.0871729
0.108495
0.131089
0.155098
0.180678
0.207997
0.237245
0.268626
0.30237
0.338728
0.377977
0.42042
0.466389
0.516242
0.57036
0.629141
0.692985
0.76227
0.837324
0.918361
1.00541
1.0982
1.196
1.29739
1.40003
1.50031
1.59294
1.67078
1.72563
1.74731
1.7138
1.61126
-1.60874
-1.72471
-1.7526
-1.71378
-1.6388
-1.54188
-1.43345
-1.32167
-1.21201
-1.10775
-1.01066
-0.921501
-0.840387
-0.767033
-0.700938
-0.641492
-0.588054
-0.539992
-0.496708
-0.457648
-0.422311
-0.390244
-0.361041
-0.334344
-0.30983
-0.287214
-0.266241
-0.246685
-0.228342
-0.211029
-0.19458
-0.178847
-0.163692
-0.148989
-0.134621
-0.120481
-0.106464
-0.0924747
-0.0784177
-0.0642024
-0.0497391
-0.0349387
-0.0197116
-0.00396673
0.0123898
0.0294555
0.0473331
0.0661315
0.0859672
0.106966
0.129266
0.153016
0.178381
0.205545
0.234712
0.266109
0.29999
0.336641
0.376382
0.419573
0.466616
0.51796
0.5741
0.635581
0.702986
0.776924
0.858005
0.946789
1.04371
1.14897
1.2623
1.38278
1.50838
1.63551
1.75829
1.86803
1.95375
2.00057
1.9766
1.85938
-1.89008
-2.02189
-2.03105
-1.95435
-1.83701
-1.69937
-1.55473
-1.41248
-1.27808
-1.15426
-1.042
-0.941242
-0.851377
-0.7715
-0.700599
-0.637667
-0.581746
-0.531964
-0.487536
-0.447768
-0.41205
-0.379847
-0.350695
-0.324184
-0.299958
-0.277704
-0.257149
-0.238048
-0.220186
-0.203373
-0.187437
-0.172222
-0.157588
-0.143407
-0.129561
-0.11594
-0.10244
-0.0889625
-0.0754148
-0.0617052
-0.0477442
-0.0334428
-0.0187115
-0.0034589
0.0124089
0.0289901
0.0463881
0.0647133
0.0840843
0.10463
0.126491
0.149824
0.174801
0.201614
0.230481
0.261646
0.295387
0.332018
0.371899
0.415441
0.463114
0.515456
0.573079
0.636679
0.707039
0.785028
0.87159
0.967713
1.07437
1.19241
1.32235
1.4641
1.61647
1.77646
1.93816
2.09161
2.22284
2.31064
2.30814
2.17697
-2.27057
-2.41091
-2.37887
-2.23952
-2.05944
-1.86619
-1.67543
-1.49668
-1.33432
-1.18955
-1.06188
-0.949963
-0.852132
-0.766664
-0.691924
-0.626433
-0.56889
-0.518165
-0.473285
-0.43342
-0.397857
-0.365991
-0.337298
-0.311334
-0.287713
-0.2661
-0.246207
-0.227779
-0.210594
-0.194456
-0.179188
-0.164633
-0.150651
-0.137112
-0.123898
-0.1109
-0.0980136
-0.0851431
-0.0721951
-0.0590797
-0.0457084
-0.0319935
-0.0178466
-0.00317749
0.0121069
0.0281039
0.0449165
0.0626548
0.0814377
0.101395
0.122669
0.145419
0.16982
0.196074
0.224404
0.255068
0.28836
0.324618
0.364235
0.407665
0.455436
0.508166
0.566579
0.631518
0.703968
0.785073
0.876145
0.978671
1.09428
1.22469
1.37152
1.53603
1.71859
1.91777
2.12878
2.34153
2.53956
2.6942
2.73693
2.60033
-2.81312
-2.93356
-2.81505
-2.5729
-2.30128
-2.03393
-1.78638
-1.56583
-1.37358
-1.2079
-1.06587
-0.944298
-0.840139
-0.750673
-0.673557
-0.606812
-0.548784
-0.498098
-0.453611
-0.414371
-0.379583
-0.348582
-0.320806
-0.295783
-0.273106
-0.252431
-0.233459
-0.215933
-0.199626
-0.184341
-0.169902
-0.156153
-0.142954
-0.130178
-0.117708
-0.105436
-0.0932622
-0.0810917
-0.0688339
-0.0564009
-0.0437067
-0.0306658
-0.0171922
-0.0031979
0.0114079
0.0267204
0.0428405
0.0598764
0.0779452
0.0971753
0.117709
0.139703
0.163336
0.188809
0.216351
0.246225
0.278734
0.314233
0.353135
0.395924
0.443176
0.495573
0.553927
0.619215
0.692607
0.77551
0.869611
0.976928
1.09984
1.2411
1.40379
1.5911
1.80591
2.04983
2.3213
2.61267
2.9075
3.1707
3.30596
3.19488
-3.63209
-3.65029
-3.35764
-2.95027
-2.54884
-2.18661
-1.87295
-1.60793
-1.38661
-1.20241
-1.04898
-0.920698
-0.812907
-0.721798
-0.644312
-0.577998
-0.520893
-0.47142
-0.428302
-0.390502
-0.357173
-0.327614
-0.301244
-0.277576
-0.2562
-0.236769
-0.218986
-0.202592
-0.187367
-0.173116
-0.159667
-0.146868
-0.134583
-0.122689
-0.111072
-0.0996301
-0.0882656
-0.0768874
-0.0654085
-0.0537447
-0.0418134
-0.0295327
-0.0168199
-0.00359069
0.0102424
0.0247708
0.0400918
0.05631
0.0735387
0.0919025
0.11154
0.132604
0.15527
0.179737
0.20623
0.235012
0.266388
0.300716
0.338416
0.379989
0.426035
0.477275
0.534585
0.599035
0.67194
0.754927
0.850018
0.959731
1.08721
1.23634
1.4119
1.6196
1.8659
2.15742
2.4991
2.8907
3.32214
3.75841
4.07682
4.07839
-4.93392
-4.64063
-4.01643
-3.35561
-2.77796
-2.30081
-1.91619
-1.60907
-1.36374
-1.16668
-1.00709
-0.876627
-0.768949
-0.679239
-0.603832
-0.539915
-0.485314
-0.438328
-0.397615
-0.362103
-0.330928
-0.303387
-0.278903
-0.256995
-0.237263
-0.219369
-0.203024
-0.187981
-0.174027
-0.160976
-0.148664
-0.136947
-0.125694
-0.114789
-0.104126
-0.0936052
-0.0831361
-0.0726322
-0.0620114
-0.051194
-0.0401022
-0.0286584
-0.0167847
-0.00440141
0.00857413
0.0222285
0.0366538
0.051949
0.0682219
0.0855909
0.104187
0.124159
0.145672
0.168917
0.194113
0.221513
0.251413
0.284163
0.320177
0.359952
0.404086
0.45331
0.50852
0.570829
0.641633
0.722694
0.816269
0.925267
1.05348
1.20586
1.38895
1.6113
1.88398
2.2208
2.63782
3.1505
3.76664
4.46679
5.12954
5.46079
-7.17812
-6.0042
-4.75335
-3.73051
-2.93576
-2.33559
-1.88771
-1.55091
-1.29372
-1.09404
-0.936443
-0.810095
-0.70734
-0.622695
-0.552172
-0.492815
-0.442398
-0.399221
-0.361961
-0.329576
-0.301235
-0.276268
-0.254128
-0.234361
-0.216592
-0.200503
-0.185827
-0.172332
-0.159821
-0.14812
-0.137077
-0.126558
-0.116443
-0.106623
-0.0969991
-0.0874805
-0.0779823
-0.0684245
-0.0587307
-0.0488272
-0.0386416
-0.0281021
-0.0171363
-0.00567011
0.00637297
0.0190734
0.0325167
0.0467947
0.0620075
0.0782651
0.0956898
0.114419
0.134607
0.156432
0.180097
0.205841
0.233941
0.264725
0.298585
0.335991
0.377515
0.423857
0.475886
0.534691
0.601655
0.678557
0.767718
0.872216
0.996198
1.14535
1.32757
1.55405
1.84067
2.21012
2.69467
3.33687
4.18016
5.25642
6.56568
7.80737
-11.5602
-7.80267
-5.29306
-3.81999
-2.84176
-2.17228
-1.71134
-1.38441
-1.14418
-0.962302
-0.821116
-0.709145
-0.618726
-0.544598
-0.483042
-0.43136
-0.387547
-0.350087
-0.317808
-0.289792
-0.265307
-0.243764
-0.224683
-0.207666
-0.192383
-0.178553
-0.165942
-0.154345
-0.143586
-0.133513
-0.123991
-0.1149
-0.106132
-0.0975924
-0.089191
-0.0808468
-0.0724835
-0.0640295
-0.0554161
-0.0465769
-0.0374469
-0.0279613
-0.0180551
-0.0076615
0.00328823
0.0148664
0.0271496
0.0402204
0.0541682
0.0690914
0.085099
0.102313
0.120873
0.140934
0.162679
0.186319
0.212098
0.240308
0.271295
0.305475
0.343355
0.385554
0.432845
0.486197
0.546848
0.6164
0.696965
0.791382
0.903552
1.03897
1.20562
1.41538
1.68654
2.04825
2.54906
3.26603
4.30366
5.85009
8.44991
12.3182
-18.9699
-9.55626
-5.06814
-3.24738
-2.28437
-1.70022
-1.32933
-1.07807
-0.896645
-0.759561
-0.652635
-0.567219
-0.497721
-0.440349
-0.392423
-0.351985
-0.31757
-0.288055
-0.262564
-0.240403
-0.221014
-0.203942
-0.188814
-0.175316
-0.163188
-0.152205
-0.142179
-0.132943
-0.124355
-0.116288
-0.108632
-0.101286
-0.0941618
-0.0871769
-0.0802571
-0.0733332
-0.0663404
-0.0592176
-0.0519061
-0.044349
-0.0364904
-0.0282749
-0.0196466
-0.0105484
-0.000921475
0.00929593
0.020169
0.0317678
0.0441678
0.0574518
0.0717113
0.0870482
0.103577
0.121428
0.140749
0.161713
0.184519
0.209401
0.236636
0.266557
0.299561
0.336135
0.37688
0.422544
0.474071
0.532677
0.599947
0.677997
0.769716
0.879175
1.01233
1.17832
1.39197
1.67957
2.09195
2.72597
3.75692
5.67367
10.2794
19.8164
)
;

boundaryField
{
    movingWall
    {
        type            zeroGradient;
    }
    fixedWalls
    {
        type            zeroGradient;
    }
    frontAndBack
    {
        type            empty;
    }
}


// ************************************************************************* //
