0.05 	0.0003125 	0.005 	0.00377124
0.05 	0.0009375 	0.005 	0.0037789
0.05 	0.0015625 	0.005 	0.00378454
0.05 	0.0021875 	0.005 	0.00378866
0.05 	0.0028125 	0.005 	0.00379182
0.05 	0.0034375 	0.005 	0.00379394
0.05 	0.0040625 	0.005 	0.00379494
0.05 	0.0046875 	0.005 	0.00379473
0.05 	0.0053125 	0.005 	0.00379321
0.05 	0.0059375 	0.005 	0.00379027
0.05 	0.0065625 	0.005 	0.00378578
0.05 	0.0071875 	0.005 	0.00377959
0.05 	0.0078125 	0.005 	0.00377153
0.05 	0.0084375 	0.005 	0.00376145
0.05 	0.0090625 	0.005 	0.00374916
0.05 	0.0096875 	0.005 	0.00373447
0.05 	0.0103125 	0.005 	0.00371718
0.05 	0.0109375 	0.005 	0.00369708
0.05 	0.0115625 	0.005 	0.00367391
0.05 	0.0121875 	0.005 	0.00364743
0.05 	0.0128125 	0.005 	0.00361738
0.05 	0.0134375 	0.005 	0.00358349
0.05 	0.0140625 	0.005 	0.00354545
0.05 	0.0146875 	0.005 	0.00350298
0.05 	0.0153125 	0.005 	0.00345575
0.05 	0.0159375 	0.005 	0.00340342
0.05 	0.0165625 	0.005 	0.00334564
0.05 	0.0171875 	0.005 	0.00328204
0.05 	0.0178125 	0.005 	0.0032122
0.05 	0.0184375 	0.005 	0.00313573
0.05 	0.0190625 	0.005 	0.00305218
0.05 	0.0196875 	0.005 	0.0029611
0.05 	0.0203125 	0.005 	0.00286201
0.05 	0.0209375 	0.005 	0.00275442
0.05 	0.0215625 	0.005 	0.00263779
0.05 	0.0221875 	0.005 	0.00251158
0.05 	0.0228125 	0.005 	0.0023752
0.05 	0.0234375 	0.005 	0.00222805
0.05 	0.0240625 	0.005 	0.0020695
0.05 	0.0246875 	0.005 	0.0018989
0.05 	0.0253125 	0.005 	0.00171559
0.05 	0.0259375 	0.005 	0.00151884
0.05 	0.0265625 	0.005 	0.00130792
0.05 	0.0271875 	0.005 	0.00108208
0.05 	0.0278125 	0.005 	0.00084053
0.05 	0.0284375 	0.005 	0.000582462
0.05 	0.0290625 	0.005 	0.000307051
0.05 	0.0296875 	0.005 	1.34492e-05
0.05 	0.0303125 	0.005 	-0.000299213
0.05 	0.0309375 	0.005 	-0.000631825
0.05 	0.0315625 	0.005 	-0.000985292
0.05 	0.0321875 	0.005 	-0.00136053
0.05 	0.0328125 	0.005 	-0.00175847
0.05 	0.0334375 	0.005 	-0.00218004
0.05 	0.0340625 	0.005 	-0.00262618
0.05 	0.0346875 	0.005 	-0.00309782
0.05 	0.0353125 	0.005 	-0.00359589
0.05 	0.0359375 	0.005 	-0.00412131
0.05 	0.0365625 	0.005 	-0.00467499
0.05 	0.0371875 	0.005 	-0.0052578
0.05 	0.0378125 	0.005 	-0.0058706
0.05 	0.0384375 	0.005 	-0.0065142
0.05 	0.0390625 	0.005 	-0.00718939
0.05 	0.0396875 	0.005 	-0.0078969
0.05 	0.0403125 	0.005 	-0.0086374
0.05 	0.0409375 	0.005 	-0.00941153
0.05 	0.0415625 	0.005 	-0.0102198
0.05 	0.0421875 	0.005 	-0.0110627
0.05 	0.0428125 	0.005 	-0.0119406
0.05 	0.0434375 	0.005 	-0.0128538
0.05 	0.0440625 	0.005 	-0.0138024
0.05 	0.0446875 	0.005 	-0.0147866
0.05 	0.0453125 	0.005 	-0.0158063
0.05 	0.0459375 	0.005 	-0.0168613
0.05 	0.0465625 	0.005 	-0.0179512
0.05 	0.0471875 	0.005 	-0.0190758
0.05 	0.0478125 	0.005 	-0.0202343
0.05 	0.0484375 	0.005 	-0.021426
0.05 	0.0490625 	0.005 	-0.0226501
0.05 	0.0496875 	0.005 	-0.0239055
0.05 	0.0503125 	0.005 	-0.0251909
0.05 	0.0509375 	0.005 	-0.026505
0.05 	0.0515625 	0.005 	-0.0278463
0.05 	0.0521875 	0.005 	-0.029213
0.05 	0.0528125 	0.005 	-0.0306032
0.05 	0.0534375 	0.005 	-0.032015
0.05 	0.0540625 	0.005 	-0.0334462
0.05 	0.0546875 	0.005 	-0.0348944
0.05 	0.0553125 	0.005 	-0.0363571
0.05 	0.0559375 	0.005 	-0.0378317
0.05 	0.0565625 	0.005 	-0.0393156
0.05 	0.0571875 	0.005 	-0.0408058
0.05 	0.0578125 	0.005 	-0.0422993
0.05 	0.0584375 	0.005 	-0.0437932
0.05 	0.0590625 	0.005 	-0.0452843
0.05 	0.0596875 	0.005 	-0.0467694
0.05 	0.0603125 	0.005 	-0.0482452
0.05 	0.0609375 	0.005 	-0.0497085
0.05 	0.0615625 	0.005 	-0.051156
0.05 	0.0621875 	0.005 	-0.0525843
0.05 	0.0628125 	0.005 	-0.0539903
0.05 	0.0634375 	0.005 	-0.0553705
0.05 	0.0640625 	0.005 	-0.0567219
0.05 	0.0646875 	0.005 	-0.0580413
0.05 	0.0653125 	0.005 	-0.0593257
0.05 	0.0659375 	0.005 	-0.060572
0.05 	0.0665625 	0.005 	-0.0617775
0.05 	0.0671875 	0.005 	-0.0629393
0.05 	0.0678125 	0.005 	-0.064055
0.05 	0.0684375 	0.005 	-0.065122
0.05 	0.0690625 	0.005 	-0.0661381
0.05 	0.0696875 	0.005 	-0.0671011
0.05 	0.0703125 	0.005 	-0.0680092
0.05 	0.0709375 	0.005 	-0.0688606
0.05 	0.0715625 	0.005 	-0.0696537
0.05 	0.0721875 	0.005 	-0.0703871
0.05 	0.0728125 	0.005 	-0.0710597
0.05 	0.0734375 	0.005 	-0.0716706
0.05 	0.0740625 	0.005 	-0.0722188
0.05 	0.0746875 	0.005 	-0.0727039
0.05 	0.0753125 	0.005 	-0.0731254
0.05 	0.0759375 	0.005 	-0.0734833
0.05 	0.0765625 	0.005 	-0.0737774
0.05 	0.0771875 	0.005 	-0.0740079
0.05 	0.0778125 	0.005 	-0.0741752
0.05 	0.0784375 	0.005 	-0.0742798
0.05 	0.0790625 	0.005 	-0.0743224
0.05 	0.0796875 	0.005 	-0.0743038
0.05 	0.0803125 	0.005 	-0.074225
0.05 	0.0809375 	0.005 	-0.0740871
0.05 	0.0815625 	0.005 	-0.0738914
0.05 	0.0821875 	0.005 	-0.0736393
0.05 	0.0828125 	0.005 	-0.0733323
0.05 	0.0834375 	0.005 	-0.0729721
0.05 	0.0840625 	0.005 	-0.0725603
0.05 	0.0846875 	0.005 	-0.0720989
0.05 	0.0853125 	0.005 	-0.0715899
0.05 	0.0859375 	0.005 	-0.0710353
0.05 	0.0865625 	0.005 	-0.0704375
0.05 	0.0871875 	0.005 	-0.0697987
0.05 	0.0878125 	0.005 	-0.0691215
0.05 	0.0884375 	0.005 	-0.0684085
0.05 	0.0890625 	0.005 	-0.0676625
0.05 	0.0896875 	0.005 	-0.0668866
0.05 	0.0903125 	0.005 	-0.0660837
0.05 	0.0909375 	0.005 	-0.0652572
0.05 	0.0915625 	0.005 	-0.0644107
0.05 	0.0921875 	0.005 	-0.0635477
0.05 	0.0928125 	0.005 	-0.0626722
0.05 	0.0934375 	0.005 	-0.0617882
0.05 	0.0940625 	0.005 	-0.0608998
0.05 	0.0946875 	0.005 	-0.0600112
0.05 	0.0953125 	0.005 	-0.0591268
0.05 	0.0959375 	0.005 	-0.0582509
0.05 	0.0965625 	0.005 	-0.0573872
0.05 	0.0971875 	0.005 	-0.0565395
0.05 	0.0978125 	0.005 	-0.0557154
0.05 	0.0984375 	0.005 	-0.0549221
0.05 	0.0990625 	0.005 	-0.0541057
0.05 	0.0996875 	0.005 	-0.0532129
