/*--------------------------------*- C++ -*----------------------------------*\
  =========                 |
  \\      /  F ield         | OpenFOAM: The Open Source CFD Toolbox
   \\    /   O peration     | Website:  https://openfoam.org
    \\  /    A nd           | Version:  7
     \\/     M anipulation  |
\*---------------------------------------------------------------------------*/
FoamFile
{
    version     2.0;
    format      ascii;
    class       volScalarField;
    location    "0.175";
    object      p;
}
// * * * * * * * * * * * * * * * * * * * * * * * * * * * * * * * * * * * * * //

dimensions      [0 2 -2 0 0 0 0];

internalField   nonuniform List<scalar> 
6400
(
-1.20109e-07
1.09834e-05
-0.000496663
-0.00152968
-0.00297164
-0.00471238
-0.00665165
-0.00869996
-0.0107802
-0.0128272
-0.0147857
-0.0166097
-0.0182608
-0.0197071
-0.0209231
-0.021888
-0.0225858
-0.0230042
-0.0231346
-0.022972
-0.0225136
-0.0217595
-0.0207123
-0.0193765
-0.0177585
-0.0158666
-0.0137106
-0.0113019
-0.00865297
-0.00577777
-0.00269123
0.000590618
0.00405077
0.00767136
0.0114337
0.0153185
0.0193057
0.0233748
0.0275045
0.0316736
0.03586
0.0400418
0.0441968
0.0483027
0.0523372
0.0562783
0.0601041
0.0637931
0.0673247
0.0706784
0.0738349
0.0767758
0.0794837
0.0819425
0.0841376
0.086056
0.0876864
0.0890197
0.090049
0.0907696
0.0911797
0.0912801
0.0910748
0.0905712
0.0897804
0.0887174
0.0874014
0.0858566
0.0841123
0.0822036
0.0801723
0.0780675
0.0759468
0.0738769
0.0719356
0.0702109
0.0688001
0.067807
0.0673386
0.0673752
-1.11416e-05
8.14484e-07
-0.000453494
-0.00133696
-0.00255042
-0.00401482
-0.00565423
-0.00739641
-0.00917607
-0.0109361
-0.0126269
-0.014206
-0.0156373
-0.0168907
-0.0179409
-0.0187676
-0.0193548
-0.0196899
-0.0197638
-0.0195705
-0.0191067
-0.0183717
-0.0173669
-0.0160957
-0.0145638
-0.012778
-0.0107472
-0.0084816
-0.00599255
-0.00329278
-0.000396049
0.00268284
0.00592813
0.00932322
0.0128507
0.0164925
0.0202298
0.0240434
0.0279136
0.0318202
0.0357427
0.0396607
0.0435531
0.0473993
0.0511785
0.05487
0.0584534
0.061909
0.0652173
0.0683596
0.0713181
0.0740758
0.0766167
0.0789263
0.0809914
0.0828003
0.0843431
0.0856118
0.0866008
0.0873063
0.0877275
0.087866
0.0877264
0.0873167
0.0866481
0.0857355
0.0845979
0.0832586
0.0817456
0.0800923
0.0783373
0.0765257
0.074709
0.0729454
0.0713004
0.069845
0.0686525
0.0677978
0.067374
0.0674117
0.00049536
0.000456209
1.84549e-06
-0.000814113
-0.00190441
-0.00320584
-0.00465725
-0.00619861
-0.0077743
-0.00933434
-0.0108345
-0.0122361
-0.013506
-0.0146157
-0.0155414
-0.0162637
-0.0167666
-0.0170379
-0.0170684
-0.0168517
-0.0163842
-0.0156645
-0.0146934
-0.0134738
-0.0120102
-0.0103092
-0.00837831
-0.006227
-0.00386576
-0.00130635
0.0014384
0.00435469
0.00742777
0.010642
0.0139811
0.017428
0.0209649
0.0245738
0.0282359
0.0319322
0.0356435
0.0393503
0.0430329
0.0466716
0.0502469
0.0537394
0.0571298
0.0603995
0.0635304
0.0665049
0.0693064
0.0719189
0.0743278
0.0765195
0.078482
0.0802046
0.0816784
0.0828962
0.0838532
0.0845465
0.0849756
0.0851427
0.0850528
0.0847139
0.0841372
0.0833372
0.0823322
0.0811443
0.0798002
0.0783307
0.0767716
0.0751638
0.0735531
0.0719904
0.0705316
0.069236
0.0681627
0.0673719
0.0669491
0.0669455
0.00152797
0.00134196
0.000817893
-1.29291e-06
-0.00104894
-0.00227155
-0.00361737
-0.00503573
-0.00647909
-0.00790386
-0.0092709
-0.0105455
-0.0116974
-0.0127005
-0.0135327
-0.0141757
-0.0146143
-0.0148366
-0.0148339
-0.0145998
-0.0141304
-0.013424
-0.0124812
-0.0113044
-0.0098976
-0.00826658
-0.00641851
-0.00436194
-0.00210669
0.000336266
0.00295488
0.00573617
0.0086662
0.0117302
0.0149128
0.0181977
0.0215682
0.025007
0.0284965
0.0320185
0.0355547
0.0390865
0.0425954
0.0460627
0.0494696
0.0527978
0.0560292
0.0591461
0.0621311
0.0649679
0.0676406
0.0701344
0.0724354
0.074531
0.0764097
0.0780619
0.0794792
0.0806553
0.0815857
0.0822681
0.0827022
0.0828905
0.0828381
0.0825526
0.082045
0.0813292
0.0804225
0.0793458
0.0781237
0.0767848
0.0753617
0.0738911
0.0724136
0.0709741
0.0696203
0.0684028
0.067372
0.0665794
0.066093
0.0659564
0.00297583
0.00256356
0.00191183
0.0010399
-1.51175e-05
-0.00120838
-0.002496
-0.00383573
-0.00518736
-0.00651347
-0.00777985
-0.00895582
-0.0100143
-0.0109316
-0.0116876
-0.0122653
-0.0126507
-0.0128328
-0.0128029
-0.0125551
-0.0120855
-0.0113925
-0.0104762
-0.00933872
-0.00798379
-0.00641662
-0.00464387
-0.00267349
-0.000514646
0.00182237
0.00432624
0.0069847
0.00978458
0.0127119
0.0157521
0.0188897
0.0221089
0.0253932
0.0287257
0.0320894
0.0354667
0.03884
0.0421915
0.0455035
0.0487581
0.051938
0.0550259
0.0580048
0.0608586
0.0635715
0.0661285
0.0685156
0.0707198
0.072729
0.0745327
0.0761217
0.0774882
0.0786264
0.0795323
0.0802036
0.0806405
0.0808455
0.0808233
0.0805815
0.0801303
0.0794829
0.0786553
0.0776671
0.0765408
0.0753025
0.0739814
0.0726102
0.0712247
0.0698637
0.068568
0.0673803
0.0663435
0.0655015
0.0648951
0.0645465
0.00473669
0.00404798
0.00322553
0.00226061
0.00115698
-4.83741e-05
-0.00131819
-0.00261778
-0.0039136
-0.00517388
-0.00636917
-0.00747272
-0.00846067
-0.0093119
-0.0100084
-0.0105346
-0.010878
-0.0110282
-0.0109773
-0.0107198
-0.010252
-0.00957226
-0.00868079
-0.00757945
-0.00627164
-0.00476223
-0.00305743
-0.00116471
0.000907324
0.00314897
0.00554955
0.00809745
0.0107802
0.0135846
0.0164967
0.0195018
0.022585
0.0257304
0.0289221
0.0321437
0.0353785
0.0386096
0.0418203
0.0449934
0.048112
0.0511595
0.0541194
0.0569756
0.0597126
0.0623154
0.0647697
0.0670623
0.0691806
0.0711134
0.0728506
0.0743834
0.0757047
0.0768088
0.077692
0.0783523
0.0787897
0.0790068
0.0790079
0.0788002
0.0783931
0.0777988
0.0770324
0.0761114
0.0750564
0.0738909
0.0726409
0.0713352
0.0700051
0.0686838
0.067406
0.0662069
0.0651235
0.0641925
0.0634234
0.0628121
0.00671988
0.00572664
0.00470376
0.00361432
0.00242822
0.00117589
-0.000110924
-0.00140417
-0.00267628
-0.00390056
-0.00505199
-0.00610762
-0.00704667
-0.00785071
-0.00850362
-0.00899183
-0.0093039
-0.00943063
-0.0093649
-0.00910161
-0.00863751
-0.00797119
-0.00710286
-0.00603432
-0.00476881
-0.00331093
-0.00166656
0.000157242
0.0021523
0.00430945
0.00661855
0.00906857
0.0116477
0.0143433
0.017142
0.0200301
0.022993
0.0260158
0.0290832
0.0321795
0.0352887
0.0383949
0.0414816
0.0445328
0.0475321
0.0504636
0.0533115
0.0560605
0.0586956
0.0612024
0.0635675
0.0657778
0.0678216
0.069688
0.0713674
0.0728513
0.074133
0.0752069
0.0760695
0.0767187
0.0771547
0.0773794
0.0773971
0.0772142
0.0768394
0.0762838
0.0755611
0.0746872
0.0736805
0.0725619
0.0713545
0.0700835
0.068776
0.0674602
0.0661651
0.0649197
0.063756
0.0627046
0.0617429
0.0608397
0.00884625
0.00753516
0.00629286
0.00505581
0.00376116
0.00243417
0.00110214
-0.000212658
-0.00148798
-0.0027017
-0.00383278
-0.00486184
-0.00577107
-0.00654463
-0.00716846
-0.00763068
-0.00792128
-0.00803221
-0.00795722
-0.00769183
-0.00723328
-0.00658043
-0.00573368
-0.00469484
-0.00346708
-0.00205487
-0.000463835
0.0012993
0.00322672
0.00530967
0.00753849
0.00990266
0.0123909
0.0149911
0.0176907
0.0204763
0.023334
0.0262497
0.0292085
0.0321955
0.0351954
0.0381927
0.0411718
0.044117
0.047013
0.0498441
0.0525953
0.0552518
0.0577991
0.0602236
0.0625119
0.0646518
0.0666318
0.0684414
0.0700713
0.0715133
0.0727607
0.0738082
0.0746522
0.0752906
0.0757233
0.0759519
0.0759802
0.0758139
0.0754608
0.0749309
0.0742364
0.0733917
0.0724131
0.0713189
0.0701296
0.0688669
0.067554
0.0662151
0.064874
0.0635543
0.062284
0.0610888
0.0599148
0.0587053
0.011049
0.00941619
0.0079435
0.00654268
0.00512006
0.00369689
0.00229713
0.000938057
-0.000362745
-0.00158725
-0.00271804
-0.00373891
-0.00463496
-0.00539263
-0.00600011
-0.00644708
-0.006725
-0.006827
-0.00674775
-0.00648351
-0.00603207
-0.00539267
-0.00456594
-0.00355382
-0.00235951
-0.000987376
0.000557097
0.0022674
0.00413603
0.0061546
0.00831383
0.0106036
0.0130132
0.0155309
0.0181446
0.0208417
0.0236086
0.0264319
0.0292972
0.0321902
0.0350961
0.038
0.0408869
0.0437417
0.0465493
0.049295
0.051964
0.0545421
0.0570152
0.0593701
0.0615938
0.0636745
0.065601
0.067363
0.0689514
0.0703582
0.0715767
0.0726016
0.0734292
0.0740573
0.0744854
0.0747147
0.0747484
0.0745915
0.0742508
0.0737352
0.0730555
0.0722243
0.0712561
0.070167
0.0689747
0.067698
0.0663567
0.064971
0.0635607
0.0621445
0.0607476
0.0593919
0.0579939
0.0564731
0.0132725
0.0113198
0.00961124
0.00803584
0.00647113
0.00493538
0.0034501
0.00202837
0.000683746
-0.000569353
-0.0017168
-0.00274523
-0.00364239
-0.00439698
-0.00499915
-0.00544029
-0.00571327
-0.00581235
-0.00573322
-0.00547291
-0.00502981
-0.00440362
-0.00359526
-0.00260689
-0.00144177
-0.000104295
0.00140015
0.00306521
0.00488361
0.00684723
0.00894714
0.0111736
0.0135162
0.0159638
0.0185047
0.0211265
0.0238166
0.0265616
0.029348
0.0321616
0.0349884
0.0378138
0.0406234
0.0434025
0.0461365
0.0488111
0.051412
0.0539252
0.0563372
0.0586349
0.0608058
0.0628382
0.0647212
0.0664445
0.0679993
0.0693775
0.0705724
0.0715787
0.0723924
0.073011
0.0734337
0.0736612
0.073696
0.0735423
0.073206
0.0726948
0.0720182
0.071187
0.0702141
0.0691135
0.0679004
0.0665909
0.0652018
0.0637501
0.0622518
0.060722
0.0591836
0.0576558
0.0560276
0.0541964
0.01547
0.0132026
0.0112565
0.00949974
0.00778295
0.00612234
0.00453772
0.00303864
0.00163523
0.000338789
-0.000839428
-0.00188876
-0.00279917
-0.00356166
-0.00416804
-0.00461146
-0.00488613
-0.00498746
-0.00491212
-0.00465799
-0.00422408
-0.00361057
-0.00281876
-0.00185108
-0.000710942
0.000597231
0.00206806
0.00369527
0.00547176
0.00738961
0.00944017
0.011614
0.013901
0.0162905
0.018771
0.0213307
0.0239572
0.0266378
0.0293591
0.0321077
0.0348697
0.0376311
0.0403777
0.0430955
0.0457701
0.0483876
0.0509339
0.0533955
0.055759
0.0580116
0.0601411
0.0621359
0.0639851
0.0656787
0.0672076
0.0685639
0.0697407
0.0707325
0.0715351
0.0721456
0.0725627
0.0727866
0.0728191
0.0726635
0.0723249
0.0718097
0.071126
0.0702835
0.0692931
0.0681668
0.0669178
0.0655598
0.064107
0.0625736
0.0609726
0.0593159
0.057625
0.0559175
0.0540564
0.0519192
0.0176023
0.0150271
0.0128442
0.0109021
0.00902644
0.00723199
0.00553743
0.00394941
0.00247519
0.00112337
-9.73332e-05
-0.00117861
-0.00211254
-0.00289207
-0.00351078
-0.00396331
-0.00424519
-0.00435303
-0.00428446
-0.00403817
-0.00361381
-0.00301213
-0.00223485
-0.00128465
-0.000165177
0.00111904
0.00256257
0.0041592
0.00590192
0.00778299
0.00979393
0.0119256
0.014168
0.016511
0.0189433
0.0214534
0.0240295
0.0266589
0.0293288
0.0320261
0.0347372
0.0374486
0.0401464
0.0428167
0.0454457
0.0480196
0.0505246
0.0529474
0.0552748
0.0574943
0.0595936
0.0615613
0.0633864
0.065059
0.0665699
0.0679111
0.0690755
0.0700572
0.0708518
0.071456
0.071868
0.0720872
0.0721149
0.0719535
0.071607
0.0710808
0.0703819
0.0695184
0.0684996
0.067336
0.0660386
0.0646192
0.0630896
0.0614619
0.0597465
0.0579529
0.0561017
0.0542094
0.0521154
0.0496779
0.0196359
0.0167606
0.0143432
0.0122139
0.0101748
0.00824003
0.00642755
0.00474159
0.00318699
0.00177009
0.000497379
-0.000624852
-0.00159078
-0.00239494
-0.00303264
-0.00349989
-0.00379351
-0.00391123
-0.00385163
-0.0036142
-0.0031993
-0.00260822
-0.00184311
-0.000906998
0.000196231
0.00146187
0.00288443
0.00445769
0.00617469
0.00802778
0.0100086
0.0121082
0.014317
0.0166247
0.0190207
0.0214936
0.0240318
0.0266231
0.0292549
0.0319143
0.0345882
0.0372632
0.0399258
0.0425623
0.0451592
0.0477027
0.0501794
0.052576
0.0548795
0.0570775
0.0591577
0.0611086
0.0629194
0.0645798
0.0660807
0.0674137
0.0685716
0.0695482
0.0703384
0.0709387
0.0713466
0.071561
0.0715823
0.0714121
0.0710535
0.0705108
0.0697899
0.0688975
0.0678415
0.0666308
0.0652747
0.0637832
0.0621664
0.0604344
0.0585955
0.0566573
0.05464
0.0525601
0.0502342
0.0475029
0.0215422
0.0183743
0.0157255
0.0134086
0.0112034
0.00912367
0.0071873
0.00539653
0.00375411
0.00226445
0.000932111
-0.000238422
-0.00124307
-0.00207803
-0.00274005
-0.00322646
-0.00353533
-0.00366542
-0.00361625
-0.0033881
-0.00298203
-0.0023999
-0.0016443
-0.000718637
0.000372928
0.00162549
0.00303345
0.00459053
0.00628978
0.00812361
0.0100838
0.0121614
0.014347
0.0166307
0.0190019
0.0214497
0.0239624
0.0265282
0.0291348
0.0317695
0.0344195
0.0370715
0.0397123
0.0423284
0.0449063
0.0474325
0.0498936
0.0522765
0.0545683
0.0567563
0.0588284
0.060773
0.0625791
0.0642364
0.0657354
0.0670675
0.0682251
0.0692017
0.0699918
0.0705912
0.0709968
0.0712069
0.0712212
0.0710403
0.0706666
0.0701033
0.069355
0.0684274
0.067327
0.0660613
0.0646381
0.063066
0.0613536
0.0595092
0.0575398
0.0554512
0.0532639
0.0509946
0.0484386
0.0454199
0.0232964
0.0198429
0.0169661
0.014462
0.0120891
0.0098614
0.00779685
0.00589609
0.00416015
0.00259177
0.00119391
-3.07186e-05
-0.00107942
-0.00194998
-0.00264043
-0.00314938
-0.00347602
-0.00362013
-0.0035821
-0.00336302
-0.00296464
-0.00238936
-0.00164027
-0.000721151
0.000363532
0.00160866
0.00300847
0.0045566
0.00624607
0.00806928
0.010018
0.0120836
0.0142566
0.0165272
0.0188851
0.0213194
0.0238188
0.0263717
0.0289658
0.0315888
0.0342279
0.0368701
0.0395023
0.0421111
0.044683
0.0472048
0.049663
0.0520446
0.0543365
0.0565262
0.0586013
0.0605501
0.0623614
0.0640247
0.0655302
0.066869
0.068033
0.0690153
0.0698099
0.070412
0.0708179
0.0710252
0.0710327
0.0708404
0.0704496
0.0698627
0.0690831
0.0681154
0.0669649
0.0656379
0.0641411
0.0624816
0.0606668
0.0587039
0.0565983
0.0543549
0.0519947
0.0495351
0.046751
0.0434504
0.0248764
0.0211437
0.0180422
0.0153517
0.0128105
0.0104329
0.00823711
0.00622259
0.0043889
0.00273733
0.00126937
-1.36577e-05
-0.00111049
-0.00202019
-0.00274208
-0.00327594
-0.00362197
-0.00378092
-0.00375405
-0.00354323
-0.00315085
-0.00257988
-0.00183391
-0.000917123
0.000165698
0.00140919
0.00280743
0.00435392
0.0060416
0.00786283
0.00980945
0.0118727
0.0140434
0.0163118
0.0186677
0.0211002
0.0235984
0.0261506
0.0287448
0.0313689
0.03401
0.0366554
0.0392919
0.0419064
0.0444853
0.0470155
0.0494835
0.051876
0.0541802
0.0563831
0.0584724
0.060436
0.0622626
0.0639413
0.065462
0.0668154
0.0679929
0.0689871
0.0697915
0.0704006
0.0708101
0.0710168
0.0710188
0.0708153
0.0704066
0.0697942
0.0689806
0.0679692
0.0667645
0.0653714
0.0637958
0.0620436
0.0601212
0.0580347
0.0557886
0.053387
0.0508519
0.0482013
0.045191
0.0416131
0.0262623
0.022256
0.0189328
0.0160571
0.0133474
0.0108187
0.00848976
0.00635885
0.00442433
0.0026863
0.00114493
-0.000199639
-0.0013475
-0.00229884
-0.00305418
-0.00361434
-0.00398052
-0.00415435
-0.00413798
-0.00393398
-0.00354539
-0.00297574
-0.00222913
-0.00131014
-0.000223895
0.001024
0.00242739
0.00397965
0.00567359
0.00750152
0.00945525
0.0115261
0.0137048
0.0159817
0.0183467
0.0207891
0.0232979
0.0258616
0.0284684
0.0311061
0.033762
0.0364235
0.0390773
0.0417104
0.0443093
0.0468605
0.0493508
0.0517668
0.0540952
0.0563231
0.0584379
0.0604272
0.0622794
0.0639833
0.0655282
0.0669045
0.0681032
0.0691161
0.0699361
0.0705572
0.0709744
0.0711837
0.0711824
0.0709688
0.0705425
0.0699039
0.0690546
0.0679973
0.0667353
0.0652727
0.0636144
0.0617655
0.0597313
0.0575174
0.0551274
0.052565
0.0498533
0.0470113
0.0437759
0.0399243
0.027436
0.0231605
0.0196184
0.0165586
0.0136808
0.0110004
0.00853703
0.00628798
0.00425055
0.0024238
0.000806801
-0.000601461
-0.00180221
-0.00279672
-0.00358657
-0.00417356
-0.00455982
-0.0047479
-0.00474069
-0.00454147
-0.0041539
-0.00358213
-0.00283071
-0.00190464
-0.000809386
0.000449166
0.00186464
0.00343022
0.00513858
0.00698195
0.00895208
0.0110402
0.0132372
0.0155334
0.0179186
0.0203824
0.0229137
0.0255011
0.0281328
0.0307967
0.0334801
0.0361705
0.0388545
0.0415191
0.0441508
0.046736
0.0492612
0.051713
0.0540779
0.0563427
0.0584945
0.0605207
0.0624092
0.0641482
0.0657269
0.067135
0.0683629
0.0694018
0.0702441
0.070883
0.0713126
0.0715285
0.0715269
0.0713054
0.0708626
0.0701982
0.0693129
0.0682085
0.0668874
0.0653531
0.0636093
0.0616605
0.0595115
0.0571671
0.0546306
0.0519052
0.0490154
0.0459814
0.0425217
0.0383985
0.0283804
0.0238394
0.0200806
0.016838
0.0137924
0.0109601
0.00836165
0.00599341
0.0038518
0.00193492
0.00024096
-0.00123225
-0.00248683
-0.00352515
-0.00434973
-0.00496328
-0.00536886
-0.00556981
-0.00556976
-0.00537268
-0.00498289
-0.00440507
-0.00364426
-0.00270586
-0.00159569
-0.000319968
0.00111472
0.00270133
0.00443241
0.00630006
0.00829594
0.0104113
0.0126369
0.014963
0.0173796
0.0198762
0.0224418
0.0250649
0.0277339
0.0304365
0.0331602
0.0358922
0.0386194
0.0413285
0.0440058
0.0466378
0.0492108
0.051711
0.0541248
0.0564386
0.0586393
0.0607137
0.0626494
0.0644342
0.0660567
0.0675059
0.0687717
0.0698448
0.0707166
0.0713797
0.0718275
0.0720546
0.0720567
0.0718304
0.0713734
0.0706846
0.069764
0.0686123
0.0672315
0.0656239
0.0637929
0.0617421
0.0594758
0.0569987
0.0543134
0.0514232
0.0483538
0.045127
0.041443
0.0370491
0.0290797
0.0242757
0.020302
0.0168775
0.0136646
0.0106806
0.0079467
0.00545875
0.00321231
0.00120468
-0.000566881
-0.00210543
-0.00341404
-0.00449601
-0.00535474
-0.00599385
-0.00641724
-0.00662901
-0.00663351
-0.0064354
-0.0060396
-0.00545133
-0.00467611
-0.00371977
-0.00258848
-0.00128878
0.000172472
0.00178804
0.00355029
0.00545119
0.00748228
0.00963473
0.0118992
0.0142661
0.0167253
0.0192662
0.0218778
0.0245488
0.0272674
0.0300213
0.032798
0.0355845
0.0383678
0.0411343
0.0438704
0.0465622
0.0491958
0.0517572
0.0542325
0.0566078
0.0588694
0.061004
0.0629983
0.0648399
0.0665165
0.0680168
0.0693299
0.0704458
0.0713551
0.0720497
0.0725222
0.0727663
0.0727769
0.0725498
0.0720818
0.0713711
0.0704167
0.0692188
0.0677783
0.0660971
0.0641778
0.0620236
0.0596386
0.0570268
0.054191
0.0511342
0.0478836
0.0444628
0.0405536
0.0358888
0.0295182
0.024453
0.0202655
0.01666
0.0132803
0.0101447
0.00727542
0.00466771
0.00231633
0.000217889
-0.00163122
-0.00323481
-0.00459691
-0.00572163
-0.00661323
-0.00727622
-0.00771524
-0.00793513
-0.00794099
-0.0077381
-0.00733199
-0.0067284
-0.00593332
-0.00495304
-0.0037941
-0.00246333
-0.000967874
0.000684795
0.00248685
0.00443011
0.006506
0.00870556
0.0110195
0.0134379
0.0159508
0.0185476
0.0212172
0.0239481
0.0267286
0.0295464
0.0323888
0.0352429
0.0380953
0.0409324
0.0437403
0.0465051
0.0492124
0.0518481
0.0543978
0.0568473
0.0591824
0.0613892
0.0634541
0.0653639
0.0671059
0.0686679
0.0700383
0.0712063
0.0721619
0.072896
0.0734005
0.0736683
0.0736932
0.0734702
0.0729954
0.0722662
0.0712806
0.0700382
0.0685391
0.0667846
0.0647769
0.0625188
0.0600138
0.0572661
0.0542781
0.0510528
0.0476195
0.0440029
0.039867
0.0349296
0.0296807
0.0243553
0.0199547
0.0161685
0.0126224
0.0093355
0.0063311
0.00360388
0.00114791
-0.0010409
-0.00296688
-0.00463462
-0.00604899
-0.0072149
-0.00813747
-0.00882197
-0.00927379
-0.00949852
-0.00950194
-0.00928999
-0.00886875
-0.00824449
-0.00742369
-0.00641307
-0.00521956
-0.00385031
-0.00231275
-0.000614605
0.00123611
0.00323104
0.00536145
0.0076183
0.00999213
0.0124731
0.015051
0.0177152
0.0204546
0.0232577
0.0261126
0.0290069
0.031928
0.0348625
0.0377972
0.0407182
0.0436114
0.0464625
0.049257
0.0519803
0.0546176
0.0571544
0.0595759
0.0618676
0.0640155
0.0660056
0.0678246
0.0694594
0.0708978
0.0721282
0.0731396
0.0739222
0.074467
0.0747658
0.0748117
0.0745989
0.0741224
0.0733789
0.0723656
0.0710813
0.0695256
0.0676991
0.0656035
0.0632413
0.0606159
0.0577311
0.0545894
0.0511941
0.0475759
0.0437615
0.0393964
0.0341835
0.0295521
0.0239665
0.0193529
0.0153862
0.0116739
0.00823606
0.00509695
0.00225073
-0.000309119
-0.00258739
-0.00458903
-0.00631948
-0.00778431
-0.00898927
-0.00994025
-0.0106433
-0.0111044
-0.0113301
-0.0113268
-0.0111009
-0.0106592
-0.0100084
-0.0091556
-0.00810785
-0.00687248
-0.00545701
-0.00386915
-0.00211687
-0.000208405
0.0018477
0.00404256
0.00636699
0.00881142
0.0113659
0.0140202
0.0167636
0.0195848
0.0224723
0.0254141
0.0283978
0.0314104
0.0344387
0.037469
0.0404873
0.0434792
0.0464303
0.0493256
0.0521501
0.0548887
0.0575262
0.0600475
0.0624374
0.0646812
0.0667643
0.0686726
0.0703923
0.0719102
0.0732139
0.0742916
0.0751324
0.0757265
0.0760648
0.0761395
0.0759436
0.0754716
0.074719
0.0736824
0.0723598
0.0707502
0.0688537
0.0666714
0.0642057
0.0614595
0.0584369
0.0551402
0.051573
0.0477677
0.0437529
0.0391554
0.0336628
0.029117
0.0232705
0.0184435
0.0142962
0.0104178
0.00682922
0.00355591
0.000591466
-0.00207126
-0.00443765
-0.00651334
-0.00830452
-0.00981748
-0.0110587
-0.012035
-0.0127529
-0.0132194
-0.0134416
-0.0134266
-0.0131814
-0.0127133
-0.0120297
-0.0111381
-0.010046
-0.00876112
-0.00729132
-0.00564462
-0.00382926
-0.00185371
0.000273301
0.00254273
0.00494522
0.0074711
0.0101103
0.0128525
0.0156868
0.018602
0.0215863
0.0246277
0.0277135
0.0308308
0.0339661
0.0371055
0.0402348
0.0433393
0.0464043
0.0494143
0.0523541
0.055208
0.0579602
0.0605952
0.063097
0.0654504
0.0676398
0.0696504
0.0714676
0.0730773
0.0744661
0.0756214
0.0765313
0.0771848
0.077572
0.077684
0.077513
0.0770524
0.0762969
0.0752423
0.0738858
0.0722259
0.070262
0.067995
0.0654267
0.06256
0.0593989
0.0559461
0.0522049
0.0482101
0.0439917
0.0391576
0.03338
0.0283597
0.0222508
0.0172096
0.0128812
0.00883657
0.0050976
0.00169065
-0.00139108
-0.00415538
-0.00660819
-0.00875591
-0.0106053
-0.0121635
-0.0134378
-0.0144355
-0.0151642
-0.0156315
-0.0158452
-0.0158129
-0.0155424
-0.0150417
-0.0143184
-0.0133808
-0.0122366
-0.0108942
-0.00936157
-0.00764717
-0.00575949
-0.00370723
-0.00149934
0.000854968
0.0033462
0.00596453
0.00869982
0.0115415
0.0144787
0.0175
0.0205936
0.0237474
0.0269485
0.0301837
0.0334395
0.0367018
0.0399559
0.0431871
0.0463801
0.0495193
0.0525887
0.0555723
0.0584538
0.0612168
0.063845
0.066322
0.0686318
0.0707586
0.0726868
0.0744014
0.0758882
0.0771333
0.0781238
0.0788479
0.0792944
0.0794534
0.079316
0.0788749
0.0781236
0.0770573
0.0756723
0.0739664
0.0719386
0.0695892
0.0669198
0.0639332
0.0606335
0.0570231
0.0531061
0.0489187
0.044493
0.0394175
0.0333484
0.0272642
0.0208907
0.0156339
0.0111238
0.0069126
0.00302337
-0.000516542
-0.00371445
-0.00657877
-0.00911603
-0.0113333
-0.0132381
-0.0148381
-0.0161416
-0.0171565
-0.0178912
-0.0183541
-0.0185535
-0.0184979
-0.0181957
-0.0176553
-0.0168851
-0.0158937
-0.0146894
-0.0132808
-0.0116766
-0.00988526
-0.00791569
-0.00577683
-0.00347782
-0.00102805
0.00156281
0.0042848
0.00712763
0.0100807
0.0131328
0.0162726
0.0194882
0.0227672
0.0260968
0.0294634
0.0328534
0.0362524
0.0396456
0.0430179
0.0463534
0.0496364
0.0528503
0.0559786
0.0590043
0.0619104
0.0646798
0.0672955
0.0697404
0.0719979
0.0740515
0.0758851
0.0774834
0.0788316
0.0799156
0.0807223
0.0812395
0.0814561
0.0813624
0.0809498
0.0802109
0.0791401
0.0777329
0.0759862
0.0738986
0.0714699
0.0687014
0.0655959
0.0621573
0.0583884
0.0542931
0.04991
0.0452729
0.0399502
0.033582
0.0258138
0.0191728
0.0136986
0.00900572
0.00462763
0.000588244
-0.00308395
-0.00639679
-0.00935932
-0.0119787
-0.0142627
-0.0162194
-0.0178574
-0.0191856
-0.0202129
-0.0209483
-0.0214009
-0.0215799
-0.0214943
-0.0211532
-0.0205657
-0.0197408
-0.0186873
-0.0174143
-0.0159307
-0.0142456
-0.0123677
-0.0103064
-0.00807068
-0.00567001
-0.00311397
-0.000412368
0.00242468
0.00538674
0.00846304
0.0116424
0.0149133
0.0182637
0.0216811
0.0251524
0.0286641
0.0322022
0.0357521
0.0392988
0.0428267
0.0463197
0.0497615
0.0531352
0.0564235
0.0596089
0.0626737
0.0656001
0.06837
0.0709657
0.0733694
0.0755636
0.0775312
0.0792558
0.0807212
0.0819124
0.0828149
0.0834154
0.0837016
0.0836625
0.0832886
0.0825714
0.0815044
0.080082
0.0783007
0.0761582
0.0736539
0.0707889
0.0675657
0.0639884
0.0600597
0.0557839
0.0512015
0.0463484
0.0407722
0.0340961
0.0239913
0.0170793
0.0113854
0.00650845
0.00196282
-0.00222663
-0.00603039
-0.00945678
-0.0125155
-0.0152144
-0.0175617
-0.0195665
-0.0212381
-0.0225861
-0.0236203
-0.0243505
-0.0247864
-0.0249381
-0.0248153
-0.0244277
-0.023785
-0.0228969
-0.0217726
-0.0204218
-0.0188538
-0.017078
-0.0151037
-0.0129403
-0.0105972
-0.00808407
-0.00541065
-0.00258696
0.000376757
0.00346993
0.00668166
0.0100007
0.0134154
0.0169135
0.0204825
0.0241091
0.0277797
0.03148
0.0351953
0.0389101
0.0426086
0.0462744
0.0498905
0.0534396
0.0569039
0.0602651
0.0635049
0.0666044
0.069545
0.0723078
0.074874
0.077225
0.0793426
0.0812091
0.0828072
0.0841205
0.0851332
0.0858307
0.0861995
0.0862274
0.0859035
0.0852184
0.0841644
0.0827351
0.080926
0.0787343
0.0761589
0.0732005
0.0698615
0.0661458
0.0620563
0.0575975
0.052812
0.0477378
0.0419009
0.034907
0.0217785
0.0145915
0.0086751
0.00361256
-0.00110142
-0.00544095
-0.00937547
-0.0129139
-0.0160665
-0.0188418
-0.0212488
-0.0232974
-0.0249977
-0.02636
-0.0273951
-0.0281134
-0.0285256
-0.0286425
-0.0284745
-0.0280322
-0.0273257
-0.0263652
-0.0251609
-0.0237227
-0.0220604
-0.0201838
-0.0181026
-0.0158264
-0.0133651
-0.0107283
-0.00792615
-0.00496876
-0.00186654
0.00136984
0.00472936
0.00820067
0.011772
0.015431
0.019165
0.0229607
0.0268042
0.0306811
0.0345763
0.0384742
0.0423586
0.0462127
0.050019
0.0537597
0.0574164
0.0609701
0.0644016
0.0676914
0.0708198
0.0737669
0.0765129
0.0790379
0.0813226
0.0833479
0.0850951
0.0865465
0.087685
0.0884946
0.0889603
0.0890686
0.0888074
0.088166
0.0871354
0.0857084
0.0838795
0.0816452
0.079004
0.0759559
0.0725032
0.0686497
0.0643985
0.0597542
0.0547616
0.0494607
0.0433552
0.0360328
0.0191565
0.0116898
0.00554778
0.000297785
-0.00458548
-0.00907517
-0.0131396
-0.0167882
-0.0200322
-0.0228806
-0.0253433
-0.0274308
-0.0291542
-0.0305248
-0.0315539
-0.0322531
-0.032634
-0.0327079
-0.0324862
-0.03198
-0.0312003
-0.030158
-0.0288637
-0.0273279
-0.0255609
-0.0235729
-0.0213739
-0.0189739
-0.016383
-0.0136111
-0.0106686
-0.0075656
-0.00431278
-0.000920889
0.00259898
0.00623534
0.00997633
0.0138096
0.0177222
0.0217009
0.0257315
0.0297995
0.0338895
0.0379857
0.0420716
0.0461299
0.0501427
0.0540916
0.0579575
0.061721
0.0653618
0.0688597
0.0721939
0.0753435
0.0782874
0.0810046
0.0834745
0.0856765
0.0875907
0.0891977
0.0904789
0.0914169
0.0919952
0.0921988
0.0920141
0.0914291
0.0904337
0.0890193
0.0871797
0.0849104
0.0822093
0.0790759
0.0755122
0.071522
0.0671083
0.0622759
0.057072
0.0515383
0.0451557
0.0374927
0.0161053
0.00835365
0.00198248
-0.00345712
-0.00851075
-0.0131506
-0.017344
-0.0211011
-0.0244335
-0.0273513
-0.029865
-0.0319861
-0.0337266
-0.0350986
-0.0361144
-0.0367866
-0.0371276
-0.0371496
-0.0368647
-0.036285
-0.0354222
-0.0342877
-0.0328929
-0.0312487
-0.029366
-0.0272553
-0.0249272
-0.0223919
-0.0196597
-0.0167409
-0.013646
-0.0103853
-0.00696951
-0.00340957
0.000283369
0.00409775
0.00802161
0.0120425
0.0161476
0.0203232
0.0245554
0.0288291
0.0331291
0.0374391
0.0417423
0.046021
0.050257
0.0544312
0.0585239
0.062515
0.0663834
0.0701078
0.0736666
0.0770377
0.0801987
0.0831276
0.0858019
0.0881999
0.0903
0.0920813
0.0935236
0.0946078
0.0953158
0.0956309
0.0955381
0.0950238
0.0940764
0.0926864
0.0908463
0.0885507
0.0857966
0.082583
0.0789115
0.074786
0.0702092
0.0651863
0.0597664
0.0539937
0.0473245
0.0393081
0.0126041
0.0045614
-0.0020429
-0.00767444
-0.0128997
-0.0176899
-0.0220113
-0.0258745
-0.0292923
-0.0322753
-0.034835
-0.0369837
-0.0387345
-0.0401003
-0.0410948
-0.0417312
-0.042023
-0.0419833
-0.0416252
-0.0409615
-0.0400047
-0.038767
-0.0372603
-0.0354963
-0.0334863
-0.0312412
-0.028772
-0.0260894
-0.0232039
-0.020126
-0.0168663
-0.0134354
-0.00984414
-0.0061034
-0.00222448
0.00178103
0.00590112
0.0101233
0.0144347
0.0188215
0.0232697
0.0277642
0.0322894
0.0368289
0.0413656
0.0458814
0.0503575
0.0547745
0.0591121
0.0633491
0.067464
0.0714343
0.0752374
0.0788499
0.0822484
0.0854092
0.0883086
0.0909231
0.0932295
0.0952053
0.0968285
0.0980782
0.0989345
0.099379
0.0993949
0.098967
0.0980823
0.0967297
0.0949005
0.0925882
0.089789
0.0865011
0.0827259
0.0784669
0.0737267
0.0685106
0.0628702
0.0568516
0.049886
0.0415021
0.00863057
0.000290313
-0.00655158
-0.0123777
-0.0177759
-0.0227166
-0.0271648
-0.0311319
-0.0346315
-0.037675
-0.040275
-0.0424447
-0.0441982
-0.0455497
-0.0465138
-0.0471048
-0.0473371
-0.0472251
-0.0467827
-0.0460236
-0.0449613
-0.0436085
-0.041978
-0.040082
-0.0379323
-0.0355405
-0.0329179
-0.0300754
-0.027024
-0.0237744
-0.0203373
-0.0167235
-0.0129438
-0.00900933
-0.00493133
-0.000721426
0.00360838
0.00804562
0.0125773
0.0171897
0.0218686
0.0265989
0.0313648
0.0361497
0.0409362
0.045706
0.0504398
0.0551176
0.0597185
0.0642206
0.0686014
0.0728377
0.0769056
0.0807806
0.0844378
0.0878522
0.0909984
0.0938513
0.0963861
0.0985781
0.100404
0.10184
0.102865
0.103458
0.103601
0.103277
0.102471
0.10117
0.0993648
0.0970468
0.0942115
0.0908563
0.086982
0.0825919
0.0776883
0.0722766
0.0664108
0.0601391
0.0528664
0.0441
0.00416143
-0.00448371
-0.0115681
-0.0175917
-0.0231645
-0.0282558
-0.0328295
-0.0368978
-0.0404752
-0.0435741
-0.046208
-0.0483913
-0.0501392
-0.0514672
-0.0523909
-0.0529258
-0.0530876
-0.0528916
-0.0523529
-0.0514862
-0.0503056
-0.0488251
-0.0470579
-0.0450169
-0.0427145
-0.0401629
-0.0373738
-0.0343585
-0.0311282
-0.0276938
-0.0240663
-0.0202565
-0.0162753
-0.0121339
-0.00784357
-0.00341583
0.00113732
0.00580342
0.0105695
0.0154219
0.0203462
0.0253275
0.0303498
0.0353962
0.0404493
0.0454902
0.0504995
0.0554565
0.0603396
0.0651265
0.0697935
0.0743167
0.0786708
0.0828302
0.0867686
0.0904593
0.0938756
0.0969903
0.0997766
0.102208
0.104259
0.105904
0.10712
0.107883
0.108174
0.107973
0.107263
0.106031
0.104263
0.101952
0.0990909
0.0956765
0.0917087
0.0871904
0.0821238
0.0765142
0.070418
0.0638857
0.0562945
0.0471297
-0.000828125
-0.00978624
-0.0171185
-0.0233429
-0.029092
-0.0343339
-0.0390316
-0.0431981
-0.0468489
-0.0499973
-0.052658
-0.0548467
-0.0565798
-0.057874
-0.0587462
-0.0592134
-0.0592923
-0.0589996
-0.0583515
-0.0573637
-0.0560514
-0.0544293
-0.0525115
-0.0503117
-0.0478429
-0.0451178
-0.0421485
-0.0389467
-0.0355239
-0.0318913
-0.02806
-0.0240408
-0.0198449
-0.0154832
-0.010967
-0.00630785
-0.00151765
0.00339123
0.00840588
0.0135127
0.0186974
0.0239449
0.0292392
0.0345635
0.0398999
0.0452295
0.0505323
0.0557872
0.0609721
0.0660639
0.0710381
0.0758697
0.0805323
0.0849991
0.0892423
0.0932335
0.0969443
0.100346
0.103409
0.106105
0.108406
0.110285
0.111715
0.112672
0.113132
0.113075
0.112482
0.111335
0.109622
0.107332
0.104456
0.100992
0.0969369
0.0922942
0.0870655
0.0812559
0.0749242
0.0681236
0.0602019
0.0506215
-0.00636434
-0.0156444
-0.0232306
-0.0296593
-0.0355864
-0.040979
-0.0457991
-0.0500604
-0.0537794
-0.0569708
-0.0596503
-0.0618351
-0.0635429
-0.064792
-0.0656005
-0.0659869
-0.0659696
-0.0655662
-0.0647944
-0.0636709
-0.062212
-0.0604335
-0.0583504
-0.055977
-0.0533271
-0.0504139
-0.04725
-0.0438475
-0.0402181
-0.0363734
-0.0323244
-0.0280822
-0.0236578
-0.0190622
-0.0143066
-0.00940244
-0.00436141
0.000804216
0.00608164
0.0114574
0.0169173
0.0224463
0.0280285
0.0336469
0.0392836
0.0449194
0.0505341
0.0561061
0.0616127
0.06703
0.072333
0.0774954
0.0824898
0.0872879
0.0918606
0.0961777
0.100209
0.103923
0.107289
0.110277
0.112855
0.114994
0.116665
0.117841
0.118496
0.118606
0.118151
0.11711
0.115469
0.113215
0.110339
0.106835
0.1027
0.0979379
0.0925484
0.086537
0.079965
0.0728878
0.0646229
0.0546086
-0.0124752
-0.022087
-0.0299338
-0.0365708
-0.0426779
-0.0482213
-0.0531616
-0.0575137
-0.0612953
-0.0645222
-0.0672115
-0.069382
-0.071053
-0.0722441
-0.0729753
-0.0732668
-0.0731381
-0.0726087
-0.0716973
-0.0704221
-0.0688008
-0.0668499
-0.0645854
-0.0620227
-0.059176
-0.0560593
-0.0526856
-0.0490674
-0.0452169
-0.0411455
-0.0368647
-0.0323854
-0.0277187
-0.0228754
-0.0178667
-0.0127037
-0.00739799
-0.00196166
0.00359271
0.00925186
0.0150018
0.0208276
0.0267134
0.0326423
0.0385963
0.0445561
0.0505012
0.0564096
0.0622581
0.0680223
0.0736761
0.0791924
0.0845426
0.0896971
0.0946251
0.0992948
0.103674
0.107729
0.111427
0.114735
0.117619
0.120047
0.121987
0.12341
0.124286
0.124589
0.124295
0.123383
0.121834
0.119634
0.116772
0.11324
0.109036
0.104159
0.0986109
0.0923962
0.0855788
0.0782167
0.0695953
0.0591277
-0.0191905
-0.029145
-0.0372597
-0.0441093
-0.0503986
-0.0560926
-0.0611508
-0.0655892
-0.0694268
-0.0726807
-0.0753697
-0.0775142
-0.0791351
-0.0802541
-0.0808929
-0.0810734
-0.0808168
-0.0801442
-0.0790761
-0.0776319
-0.0758305
-0.0736898
-0.0712268
-0.0684577
-0.0653976
-0.062061
-0.0584615
-0.054612
-0.0505249
-0.046212
-0.0416847
-0.036954
-0.0320308
-0.0269259
-0.0216501
-0.0162145
-0.0106304
-0.00490943
0.000935976
0.00689287
0.0129475
0.0190852
0.0252904
0.0315461
0.0378345
0.044136
0.0504301
0.0566945
0.0629056
0.0690381
0.0750655
0.0809595
0.0866904
0.0922272
0.0975375
0.102588
0.107343
0.111769
0.11583
0.119488
0.122709
0.125457
0.127698
0.129397
0.130523
0.131048
0.130942
0.130183
0.128749
0.126623
0.123792
0.120247
0.115982
0.110998
0.105294
0.0988755
0.091808
0.0841523
0.0751602
0.0642185
-0.0265418
-0.0368513
-0.0452422
-0.0523091
-0.0587828
-0.0646272
-0.0698005
-0.07432
-0.0782059
-0.0814772
-0.0841544
-0.0862595
-0.0878158
-0.0888467
-0.0893761
-0.0894278
-0.0890249
-0.0881904
-0.0869463
-0.085314
-0.0833135
-0.0809642
-0.078284
-0.0752902
-0.0719988
-0.0684249
-0.0645827
-0.0604855
-0.0561459
-0.051576
-0.046787
-0.0417902
-0.0365961
-0.0312154
-0.0256587
-0.0199367
-0.0140603
-0.00804098
-0.00189058
0.00437827
0.0107522
0.0172168
0.0237568
0.0303555
0.0369951
0.0436561
0.0503179
0.056958
0.0635524
0.0700753
0.0764994
0.0827955
0.0889328
0.0948788
0.1006
0.10606
0.111223
0.11605
0.120505
0.124548
0.128139
0.131241
0.133814
0.135823
0.137233
0.138009
0.138121
0.137543
0.136249
0.134219
0.131439
0.127895
0.123583
0.1185
0.112644
0.106021
0.0986985
0.0907403
0.0813625
0.0699247
-0.0345633
-0.0452413
-0.0539176
-0.0612071
-0.0678677
-0.0738619
-0.0791471
-0.0837415
-0.0876672
-0.0909448
-0.093597
-0.0956478
-0.0971228
-0.0980477
-0.0984486
-0.0983514
-0.0977817
-0.0967644
-0.0953235
-0.0934819
-0.0912614
-0.0886828
-0.0857653
-0.0825272
-0.0789853
-0.0751556
-0.0710527
-0.0666905
-0.0620818
-0.0572386
-0.0521726
-0.0468945
-0.0414149
-0.0357442
-0.0298926
-0.0238704
-0.0176882
-0.0113568
-0.00488763
0.00170713
0.0084146
0.0152209
0.0221109
0.0290685
0.036076
0.0431142
0.0501622
0.0571977
0.0641963
0.0711318
0.0779761
0.0846993
0.0912694
0.0976525
0.103813
0.109714
0.115316
0.120579
0.125462
0.129924
0.133921
0.137413
0.140356
0.142711
0.144438
0.1455
0.145863
0.145496
0.14437
0.142462
0.139754
0.136231
0.131885
0.126712
0.12071
0.113882
0.106301
0.0980308
0.0882517
0.0762941
-0.0432913
-0.0543533
-0.0633251
-0.0708431
-0.0776931
-0.0838365
-0.0892295
-0.0938918
-0.0978473
-0.101119
-0.103731
-0.10571
-0.107085
-0.107884
-0.108134
-0.107866
-0.107107
-0.105883
-0.104222
-0.102148
-0.0996849
-0.0968545
-0.0936777
-0.0901739
-0.0863611
-0.0822558
-0.0778733
-0.0732278
-0.0683325
-0.0631995
-0.0578403
-0.0522656
-0.0464857
-0.0405106
-0.0343502
-0.0280141
-0.0215125
-0.0148556
-0.00805426
-0.00111996
0.00593498
0.0130972
0.0203523
0.0276843
0.0350761
0.0425087
0.0499615
0.057412
0.0648357
0.0722061
0.0794945
0.0866702
0.0937
0.100549
0.10718
0.113553
0.119628
0.125361
0.13071
0.135628
0.14007
0.14399
0.147342
0.150082
0.152165
0.153551
0.154201
0.154078
0.153152
0.151395
0.148784
0.145302
0.140938
0.135688
0.129546
0.122515
0.11467
0.106079
0.0958818
0.0833792
-0.0527651
-0.0642285
-0.0735072
-0.0812601
-0.0883023
-0.094594
-0.10009
-0.104812
-0.108786
-0.112036
-0.114591
-0.11648
-0.117733
-0.118382
-0.118458
-0.117994
-0.117019
-0.115564
-0.113657
-0.111325
-0.108593
-0.105486
-0.102027
-0.0982342
-0.0941283
-0.0897263
-0.085044
-0.0800961
-0.074896
-0.0694558
-0.0637869
-0.0578999
-0.0518047
-0.0455109
-0.0390276
-0.0323642
-0.02553
-0.0185345
-0.0113878
-0.00410074
0.00331514
0.0108472
0.0184816
0.0262032
0.0339953
0.0418393
0.0497149
0.0575998
0.0654694
0.0732971
0.0810536
0.0887075
0.0962248
0.103569
0.110701
0.117581
0.124163
0.130404
0.136256
0.141671
0.146599
0.150989
0.154793
0.15796
0.160442
0.162193
0.163169
0.16333
0.162638
0.161063
0.158578
0.155161
0.150799
0.145484
0.139211
0.131979
0.123866
0.114945
0.104312
0.0912372
-0.0630272
-0.0749116
-0.0845102
-0.0925052
-0.0997426
-0.106181
-0.111775
-0.116547
-0.120525
-0.123738
-0.126216
-0.127991
-0.129098
-0.129571
-0.129446
-0.128757
-0.127538
-0.125822
-0.12364
-0.121021
-0.117994
-0.114584
-0.110815
-0.106709
-0.102287
-0.0975654
-0.092562
-0.0872915
-0.0817675
-0.0760022
-0.0700067
-0.0637914
-0.0573657
-0.0507386
-0.0439188
-0.0369147
-0.0297349
-0.0223881
-0.0148835
-0.00723102
0.000558668
0.00847382
0.0165014
0.0246271
0.0328348
0.0411066
0.0494227
0.057761
0.0660971
0.0744042
0.0826529
0.090811
0.0988438
0.106714
0.11438
0.1218
0.128927
0.135714
0.142111
0.148064
0.153522
0.158428
0.162729
0.16637
0.169298
0.17146
0.172806
0.173292
0.172875
0.171518
0.16919
0.165865
0.161527
0.156165
0.149769
0.142339
0.133957
0.124694
0.113607
0.0999313
-0.0741239
-0.0864516
-0.0963849
-0.10463
-0.112066
-0.118649
-0.124334
-0.129144
-0.133112
-0.136267
-0.138645
-0.140281
-0.141213
-0.141481
-0.141123
-0.140177
-0.138682
-0.136673
-0.134183
-0.131247
-0.127894
-0.124151
-0.120045
-0.115599
-0.110834
-0.105769
-0.100422
-0.0948073
-0.0889394
-0.0828303
-0.0764909
-0.069931
-0.0631595
-0.0561849
-0.0490149
-0.0416572
-0.0341192
-0.0264089
-0.0185344
-0.0105045
-0.00232881
0.00598195
0.0144158
0.0229593
0.0315973
0.0403126
0.0490861
0.0578963
0.0667189
0.0755275
0.0842922
0.0929808
0.101557
0.109983
0.118217
0.126213
0.133923
0.141297
0.148281
0.154819
0.160854
0.166325
0.171173
0.175339
0.178762
0.181385
0.183151
0.184009
0.18391
0.182812
0.180678
0.177478
0.173189
0.167797
0.161292
0.15367
0.145014
0.135401
0.12384
0.109531
-0.0861057
-0.0989024
-0.109187
-0.117691
-0.125328
-0.132054
-0.137821
-0.142656
-0.146594
-0.14967
-0.151921
-0.153388
-0.154114
-0.154142
-0.153515
-0.152277
-0.150468
-0.148129
-0.145298
-0.142009
-0.138295
-0.134188
-0.129713
-0.124898
-0.119763
-0.114329
-0.108614
-0.102633
-0.0964008
-0.0899287
-0.0832275
-0.0763065
-0.069174
-0.0618376
-0.0543041
-0.0465801
-0.0386721
-0.0305868
-0.022331
-0.0139125
-0.00533946
0.00337853
0.0122307
0.0212049
0.0302869
0.0394606
0.0487078
0.0580075
0.0673362
0.0766676
0.0859721
0.095217
0.104366
0.11338
0.122214
0.130823
0.139157
0.14716
0.154777
0.161947
0.168609
0.174697
0.180147
0.184892
0.188867
0.192005
0.194246
0.195528
0.195798
0.195005
0.193106
0.190066
0.185856
0.180458
0.173857
0.166049
0.157118
0.147145
0.135088
0.120112
-0.0990282
-0.112323
-0.122978
-0.131751
-0.139593
-0.146458
-0.152297
-0.157141
-0.161028
-0.163996
-0.166089
-0.167353
-0.167835
-0.167584
-0.166649
-0.165077
-0.162914
-0.160205
-0.156991
-0.153311
-0.1492
-0.144692
-0.139816
-0.134599
-0.129065
-0.123235
-0.117126
-0.110756
-0.104137
-0.0972821
-0.0902009
-0.0829022
-0.0753935
-0.0676812
-0.0597713
-0.051669
-0.0433797
-0.0349085
-0.0262612
-0.0174437
-0.00846304
0.000672747
0.00995435
0.0193708
0.0289095
0.0385554
0.0482914
0.0580975
0.067951
0.077826
0.0876934
0.0975204
0.10727
0.116903
0.126373
0.135634
0.144631
0.153308
0.161605
0.169459
0.176801
0.183563
0.189673
0.195058
0.199644
0.20336
0.206135
0.207901
0.208595
0.20816
0.206543
0.203703
0.199607
0.194229
0.187551
0.179565
0.170359
0.160015
0.14744
0.131759
-0.112953
-0.126779
-0.137826
-0.146879
-0.154929
-0.161929
-0.167828
-0.17266
-0.17647
-0.179301
-0.1812
-0.18222
-0.182416
-0.181841
-0.180551
-0.178598
-0.176035
-0.17291
-0.169269
-0.165155
-0.160606
-0.155659
-0.150345
-0.144692
-0.138727
-0.13247
-0.125942
-0.119157
-0.112129
-0.104871
-0.0973917
-0.0896986
-0.0817985
-0.0736967
-0.0653979
-0.056906
-0.0482248
-0.039358
-0.0303096
-0.0210841
-0.0116867
-0.00212379
0.00759695
0.0174662
0.0274729
0.0376035
0.0478422
0.0581703
0.0685662
0.0790049
0.0894576
0.0998918
0.110271
0.120554
0.130695
0.140645
0.150348
0.159746
0.168774
0.177364
0.185445
0.192941
0.199773
0.205863
0.211129
0.215489
0.218866
0.221181
0.222362
0.222343
0.221063
0.218472
0.214528
0.209202
0.202469
0.194317
0.184835
0.17411
0.160991
0.144566
-0.127947
-0.142344
-0.153808
-0.163154
-0.171414
-0.178542
-0.184486
-0.189284
-0.192986
-0.195641
-0.197304
-0.198035
-0.197894
-0.196944
-0.195247
-0.192861
-0.189845
-0.186252
-0.182135
-0.177538
-0.172506
-0.167077
-0.161285
-0.155161
-0.14873
-0.142017
-0.135039
-0.127814
-0.120355
-0.112672
-0.104776
-0.0966717
-0.0883654
-0.079861
-0.0711615
-0.0622695
-0.0531869
-0.0439157
-0.0344581
-0.0248167
-0.0149948
-0.00499689
0.00517126
0.0155022
0.0259867
0.036613
0.047367
0.0582314
0.069186
0.080207
0.0912664
0.102332
0.113368
0.124333
0.135181
0.145859
0.156313
0.166478
0.176289
0.185673
0.194553
0.202848
0.210472
0.217337
0.223355
0.228435
0.232487
0.235425
0.237165
0.237629
0.236748
0.23446
0.230716
0.225478
0.218715
0.21041
0.200655
0.189538
0.17585
0.158634
-0.144087
-0.1591
-0.171009
-0.18066
-0.189135
-0.196382
-0.202352
-0.207089
-0.210646
-0.213082
-0.21446
-0.214846
-0.214312
-0.212927
-0.210762
-0.207882
-0.204354
-0.200237
-0.195587
-0.190456
-0.184891
-0.178934
-0.172621
-0.165984
-0.159052
-0.151848
-0.144392
-0.1367
-0.128785
-0.120657
-0.112325
-0.103793
-0.0950663
-0.0861467
-0.0770357
-0.067734
-0.0582417
-0.0485587
-0.038685
-0.0286213
-0.0183688
-0.00792967
0.00269244
0.0134923
0.0244627
0.0355939
0.0468739
0.0582872
0.0698154
0.0814359
0.0931222
0.104843
0.116563
0.128241
0.13983
0.151277
0.162525
0.173508
0.184157
0.194394
0.204138
0.2133
0.221789
0.229509
0.236359
0.24224
0.247052
0.250694
0.253072
0.254096
0.253684
0.251763
0.248273
0.243167
0.236405
0.227966
0.217941
0.206422
0.192135
0.174078
-0.161459
-0.17714
-0.189525
-0.199498
-0.208188
-0.215545
-0.221519
-0.226158
-0.229528
-0.231693
-0.232726
-0.232706
-0.231711
-0.229823
-0.227121
-0.223679
-0.219571
-0.214864
-0.209621
-0.203897
-0.197745
-0.191208
-0.184327
-0.177136
-0.169663
-0.161934
-0.153968
-0.145781
-0.137386
-0.128792
-0.120005
-0.11103
-0.101869
-0.0925222
-0.0829899
-0.0732701
-0.063361
-0.0532601
-0.0429653
-0.0324748
-0.0217872
-0.0109025
0.000178191
0.0114521
0.0229144
0.0345579
0.0463726
0.0583456
0.0704601
0.0826958
0.0950276
0.107426
0.119856
0.132276
0.144641
0.156897
0.168985
0.180837
0.19238
0.203533
0.214209
0.224314
0.233748
0.242405
0.250176
0.25695
0.262613
0.267052
0.27016
0.271831
0.271969
0.270488
0.267315
0.262392
0.255669
0.247118
0.23683
0.224898
0.209981
0.191028
-0.180158
-0.196568
-0.209468
-0.219778
-0.228685
-0.236137
-0.242086
-0.246587
-0.249716
-0.251548
-0.252168
-0.251667
-0.250135
-0.247664
-0.244346
-0.240264
-0.235501
-0.230132
-0.224226
-0.217845
-0.211045
-0.203874
-0.196374
-0.188583
-0.180529
-0.172238
-0.16373
-0.15502
-0.146119
-0.137037
-0.127777
-0.118343
-0.108735
-0.0989511
-0.0889888
-0.0788442
-0.0685128
-0.0579899
-0.0472706
-0.0363505
-0.0252256
-0.0138931
-0.00235132
0.00939961
0.0213576
0.0335183
0.0458743
0.0584153
0.071127
0.0839913
0.0969853
0.110081
0.123245
0.136438
0.149613
0.162718
0.175691
0.188464
0.20096
0.213095
0.224776
0.235903
0.246367
0.256053
0.264842
0.272608
0.279226
0.284567
0.288506
0.290924
0.291706
0.290751
0.287969
0.28329
0.276652
0.268015
0.257473
0.245119
0.229536
0.209624
-0.200296
-0.217505
-0.230962
-0.241628
-0.250752
-0.25828
-0.264168
-0.268481
-0.271305
-0.272731
-0.272856
-0.271786
-0.269626
-0.266483
-0.262457
-0.257647
-0.252143
-0.246031
-0.239385
-0.232276
-0.224762
-0.216897
-0.208725
-0.200285
-0.191606
-0.182715
-0.173631
-0.164369
-0.154939
-0.145347
-0.135598
-0.12569
-0.115623
-0.105392
-0.094993
-0.0844183
-0.0736612
-0.0627139
-0.051569
-0.0402188
-0.0286565
-0.0168763
-0.00487354
0.00735486
0.0198099
0.0324901
0.0453914
0.0585062
0.0718233
0.0853273
0.0989979
0.11281
0.126731
0.140723
0.154742
0.168734
0.182638
0.196385
0.209895
0.223081
0.235843
0.248076
0.259662
0.270477
0.280389
0.28926
0.296948
0.303308
0.308196
0.311474
0.313008
0.312678
0.310376
0.306013
0.299514
0.290827
0.280044
0.267258
0.250971
0.230028
-0.221999
-0.24009
-0.254153
-0.265194
-0.274531
-0.282112
-0.287893
-0.291956
-0.294399
-0.29533
-0.294864
-0.293124
-0.290231
-0.286308
-0.281471
-0.275831
-0.269491
-0.262544
-0.255075
-0.247159
-0.238861
-0.230237
-0.221335
-0.212194
-0.202845
-0.193315
-0.183621
-0.173777
-0.163793
-0.153672
-0.143415
-0.133021
-0.122485
-0.1118
-0.100958
-0.0899506
-0.0787663
-0.0673948
-0.0558252
-0.044047
-0.0320499
-0.0198248
-0.00736368
0.00533988
0.0182903
0.0314897
0.0449372
0.0586289
0.0725567
0.0867087
0.101068
0.115611
0.130309
0.145127
0.160021
0.174939
0.189821
0.204595
0.219181
0.233487
0.247412
0.26084
0.273648
0.2857
0.296852
0.30695
0.315837
0.323347
0.329317
0.333586
0.335999
0.336409
0.334689
0.33073
0.324436
0.315742
0.304736
0.29151
0.274477
0.252422
-0.245414
-0.264483
-0.279209
-0.290646
-0.300189
-0.307789
-0.31341
-0.317145
-0.319114
-0.319444
-0.318271
-0.31574
-0.311991
-0.307167
-0.3014
-0.294816
-0.28753
-0.279648
-0.271262
-0.262454
-0.253294
-0.243842
-0.234148
-0.224252
-0.214187
-0.203976
-0.193638
-0.183185
-0.172622
-0.161952
-0.151173
-0.140281
-0.129268
-0.118124
-0.106837
-0.0953953
-0.0837849
-0.0719917
-0.0600013
-0.0477997
-0.0353731
-0.0227088
-0.00979503
0.00337833
0.0168195
0.0305343
0.0445259
0.0587941
0.0733349
0.0881399
0.103196
0.118483
0.133977
0.149643
0.165442
0.181323
0.197226
0.213081
0.228806
0.244307
0.259478
0.274197
0.288333
0.301739
0.314258
0.32572
0.335949
0.344759
0.351963
0.357374
0.360809
0.362097
0.361083
0.35763
0.351623
0.342976
0.331771
0.318098
0.30027
0.277012
-0.270711
-0.290872
-0.306325
-0.318179
-0.327917
-0.335494
-0.340882
-0.344195
-0.345576
-0.345177
-0.343161
-0.339696
-0.334949
-0.329082
-0.322249
-0.314591
-0.306239
-0.297308
-0.287902
-0.278109
-0.268004
-0.25765
-0.2471
-0.236394
-0.225563
-0.214632
-0.203616
-0.192524
-0.181361
-0.170125
-0.158811
-0.147412
-0.135915
-0.124309
-0.112577
-0.100703
-0.0886702
-0.0764608
-0.0640564
-0.0514392
-0.0385916
-0.0254969
-0.0121394
0.00149511
0.0154189
0.0296421
0.044172
0.0590129
0.0741651
0.0896245
0.105382
0.121423
0.137726
0.154262
0.170993
0.187871
0.204839
0.221829
0.238756
0.255527
0.27203
0.288141
0.303718
0.318605
0.33263
0.345608
0.35734
0.367618
0.376229
0.382955
0.387584
0.389911
0.389747
0.386927
0.381305
0.372773
0.361401
0.347276
0.328601
0.304032
-0.29809
-0.319478
-0.335732
-0.348023
-0.357937
-0.365435
-0.3705
-0.373273
-0.373927
-0.372645
-0.369622
-0.365056
-0.359143
-0.352071
-0.344014
-0.335136
-0.325581
-0.315478
-0.304939
-0.294061
-0.282922
-0.271589
-0.260115
-0.248541
-0.236897
-0.225205
-0.213477
-0.201721
-0.189937
-0.178119
-0.16626
-0.154347
-0.142364
-0.130295
-0.118121
-0.10582
-0.0933727
-0.0807557
-0.0679474
-0.0549257
-0.0416689
-0.0281562
-0.0143674
-0.00028415
0.0141104
0.028831
0.0438897
0.0592954
0.0750534
0.0911648
0.107625
0.124425
0.141548
0.158969
0.176656
0.194563
0.212638
0.230813
0.249007
0.267124
0.285051
0.302659
0.319798
0.336302
0.351985
0.366645
0.38006
0.391998
0.402214
0.410457
0.416477
0.420032
0.420894
0.418859
0.413744
0.405411
0.393916
0.379338
0.359757
0.333752
-0.327788
-0.35056
-0.367701
-0.380449
-0.390508
-0.397852
-0.402479
-0.404566
-0.404322
-0.401971
-0.397745
-0.39188
-0.384605
-0.376139
-0.366683
-0.356418
-0.345509
-0.334097
-0.322304
-0.310231
-0.297965
-0.285571
-0.273105
-0.260605
-0.248099
-0.235607
-0.223138
-0.210693
-0.19827
-0.185859
-0.173447
-0.161017
-0.148549
-0.136022
-0.123411
-0.110693
-0.0978404
-0.0848283
-0.0716297
-0.0582183
-0.044568
-0.0306532
-0.0164495
-0.00193371
0.0129159
0.0281188
0.0436923
0.0596506
0.0760045
0.0927606
0.109921
0.12748
0.145429
0.163748
0.182409
0.201375
0.220594
0.240005
0.259528
0.279068
0.298511
0.317725
0.336554
0.354823
0.37233
0.388856
0.404156
0.417969
0.430016
0.440009
0.447654
0.452663
0.45476
0.453694
0.449237
0.441211
0.429651
0.414624
0.394069
0.366485
-0.360086
-0.384431
-0.402555
-0.415776
-0.425936
-0.433025
-0.437069
-0.438285
-0.436933
-0.433285
-0.427622
-0.420224
-0.41136
-0.401284
-0.390224
-0.378389
-0.365958
-0.353087
-0.339907
-0.326527
-0.313034
-0.299497
-0.285968
-0.272485
-0.259072
-0.245743
-0.232504
-0.219351
-0.206275
-0.193262
-0.180294
-0.167348
-0.154399
-0.141421
-0.128385
-0.115261
-0.10202
-0.0886289
-0.0750579
-0.0612756
-0.0472512
-0.0329546
-0.0183564
-0.00342848
0.0118559
0.0275217
0.0435917
0.0600857
0.0770207
0.0944093
0.11226
0.130575
0.14935
0.168574
0.188225
0.208272
0.22867
0.249363
0.270275
0.291315
0.312369
0.333303
0.353957
0.374146
0.393658
0.412252
0.429662
0.445594
0.459732
0.471745
0.48129
0.488021
0.491607
0.491736
0.488124
0.480542
0.468996
0.453532
0.431929
0.402593
-0.395322
-0.421463
-0.440681
-0.454384
-0.46458
-0.471282
-0.474552
-0.474667
-0.471947
-0.466726
-0.459345
-0.450137
-0.439419
-0.427483
-0.414592
-0.400978
-0.386841
-0.372349
-0.357642
-0.342834
-0.328014
-0.313249
-0.298589
-0.284067
-0.269703
-0.255505
-0.241472
-0.227595
-0.213858
-0.20024
-0.186718
-0.173262
-0.159842
-0.146426
-0.13298
-0.119469
-0.105857
-0.0921079
-0.0781865
-0.0640563
-0.0496818
-0.0350279
-0.02006
-0.00474491
0.0109496
0.027054
0.0435971
0.0606049
0.0781007
0.0961042
0.114631
0.13369
0.153287
0.173416
0.194066
0.215212
0.236819
0.258836
0.281194
0.303808
0.326567
0.349337
0.371957
0.394234
0.415944
0.43683
0.456599
0.474926
0.491454
0.505802
0.517568
0.526344
0.531725
0.533328
0.530797
0.523835
0.512407
0.496528
0.473793
0.442504
-0.433905
-0.46211
-0.482547
-0.49673
-0.506865
-0.513002
-0.515255
-0.513976
-0.509566
-0.502436
-0.493
-0.481655
-0.468774
-0.454694
-0.439714
-0.424092
-0.408047
-0.39176
-0.375379
-0.359019
-0.342769
-0.326693
-0.310836
-0.295225
-0.279872
-0.264778
-0.249933
-0.235322
-0.220921
-0.206702
-0.192633
-0.178679
-0.164804
-0.150968
-0.137132
-0.123255
-0.109297
-0.0952162
-0.0809711
-0.0665209
-0.0518248
-0.0368425
-0.0215345
-0.00586189
0.0102131
0.026727
0.0437145
0.0612085
0.0792393
0.0978339
0.117016
0.136803
0.157209
0.178238
0.199888
0.222144
0.244981
0.268358
0.292215
0.316473
0.34103
0.365754
0.390485
0.415025
0.439143
0.462563
0.484969
0.506002
0.525262
0.54231
0.55668
0.567885
0.575435
0.578858
0.577703
0.571588
0.560419
0.544167
0.520207
0.486723
-0.476333
-0.506924
-0.528721
-0.543363
-0.553298
-0.558632
-0.559551
-0.556508
-0.550006
-0.540557
-0.528662
-0.514796
-0.499394
-0.482846
-0.465488
-0.447605
-0.429435
-0.41117
-0.392961
-0.374924
-0.357143
-0.339678
-0.322563
-0.305818
-0.289444
-0.273434
-0.257769
-0.242422
-0.227362
-0.212551
-0.19795
-0.183517
-0.169208
-0.154977
-0.140777
-0.126564
-0.112289
-0.0979066
-0.0833697
-0.0686321
-0.0536478
-0.0383713
-0.0227574
-0.00676193
0.00965885
0.0265475
0.0439454
0.0618923
0.0804259
0.0995814
0.119391
0.139881
0.161076
0.182991
0.205635
0.229004
0.253085
0.27785
0.30325
0.329218
0.355661
0.382455
0.409444
0.436431
0.463177
0.489395
0.514745
0.538835
0.561216
0.581391
0.598815
0.612913
0.623091
0.628763
0.629361
0.624389
0.61367
0.597111
0.571823
0.535854
-0.523223
-0.556589
-0.579902
-0.594952
-0.604486
-0.608694
-0.607866
-0.602586
-0.593495
-0.581225
-0.566387
-0.549547
-0.531213
-0.511829
-0.491772
-0.471355
-0.450829
-0.430395
-0.410203
-0.390365
-0.370958
-0.35203
-0.333606
-0.315691
-0.298276
-0.281341
-0.264854
-0.248779
-0.233073
-0.21769
-0.202581
-0.187695
-0.172981
-0.158385
-0.143856
-0.129339
-0.114783
-0.100135
-0.0853439
-0.0703568
-0.0551227
-0.0395909
-0.0237107
-0.00743215
0.00929435
0.0265177
0.044286
0.0626461
0.0816439
0.101323
0.121724
0.142886
0.164841
0.187619
0.211239
0.235714
0.261043
0.287212
0.314191
0.341925
0.370335
0.399311
0.428706
0.458327
0.487936
0.517234
0.545865
0.573402
0.599351
0.623147
0.644161
0.66171
0.675078
0.683538
0.68637
0.682929
0.672922
0.656161
0.629435
0.590629
-0.575341
-0.611955
-0.636953
-0.652312
-0.661157
-0.663802
-0.660683
-0.652566
-0.640261
-0.624559
-0.606199
-0.585855
-0.564116
-0.541486
-0.518379
-0.495133
-0.472011
-0.449213
-0.426886
-0.405131
-0.384011
-0.363559
-0.343785
-0.324678
-0.306213
-0.288355
-0.271059
-0.254275
-0.237948
-0.222021
-0.206436
-0.191133
-0.17605
-0.161129
-0.146308
-0.13153
-0.116734
-0.101864
-0.08686
-0.0716666
-0.0562266
-0.0404837
-0.0243819
-0.00786543
0.00912117
0.0266332
0.0447257
0.0634531
0.0828691
0.103027
0.123976
0.145767
0.168445
0.192051
0.216621
0.242181
0.268749
0.296329
0.324908
0.354452
0.384901
0.416163
0.448105
0.480548
0.51326
0.54594
0.578217
0.609637
0.639659
0.667649
0.692884
0.71456
0.731812
0.743736
0.749423
0.748027
0.739092
0.722292
0.694012
0.651941
-0.633655
-0.674095
-0.700956
-0.716449
-0.724187
-0.724672
-0.718548
-0.706821
-0.690526
-0.670644
-0.648074
-0.62361
-0.59793
-0.571597
-0.545062
-0.518678
-0.492714
-0.467362
-0.442756
-0.418978
-0.396073
-0.374053
-0.352905
-0.332599
-0.313092
-0.294328
-0.276249
-0.258788
-0.241877
-0.225448
-0.209429
-0.193752
-0.178348
-0.163147
-0.148083
-0.13309
-0.118103
-0.103058
-0.0878906
-0.0725397
-0.0569428
-0.0410385
-0.0247652
-0.00806158
0.00913383
0.0268827
0.0452469
0.0642885
0.0840697
0.104652
0.126098
0.148467
0.171819
0.196207
0.221685
0.248297
0.27608
0.305059
0.335245
0.366627
0.39917
0.432807
0.467429
0.502878
0.538936
0.575311
0.611626
0.647408
0.682073
0.714918
0.745121
0.771739
0.793729
0.809976
0.819321
0.820657
0.813297
0.796708
0.76676
0.720899
-0.699398
-0.744378
-0.773274
-0.788606
-0.794635
-0.792141
-0.782067
-0.765738
-0.744481
-0.719512
-0.691916
-0.662622
-0.632399
-0.601865
-0.5715
-0.541663
-0.512614
-0.484529
-0.457516
-0.431632
-0.406892
-0.383279
-0.360756
-0.339265
-0.318742
-0.299109
-0.280289
-0.262198
-0.244755
-0.227875
-0.211478
-0.195483
-0.179811
-0.164387
-0.149135
-0.133982
-0.118858
-0.103692
-0.0884159
-0.0729619
-0.0572629
-0.041252
-0.0248628
-0.00802821
0.00931896
0.0272466
0.0458236
0.0651195
0.0852049
0.106151
0.128031
0.150916
0.174879
0.199992
0.226323
0.253937
0.282893
0.313241
0.345019
0.378245
0.412917
0.448998
0.486415
0.52504
0.564682
0.60507
0.645836
0.686499
0.726442
0.764901
0.800948
0.833489
0.861278
0.882936
0.89699
0.901982
0.8969
0.880908
0.849198
0.798895
-0.77417
-0.824574
-0.855649
-0.870337
-0.873779
-0.867176
-0.851894
-0.829691
-0.80226
-0.771107
-0.737526
-0.702592
-0.667161
-0.631895
-0.597287
-0.563686
-0.531326
-0.500351
-0.470832
-0.442785
-0.416188
-0.390989
-0.367114
-0.344479
-0.322989
-0.302545
-0.283045
-0.26439
-0.24648
-0.229217
-0.212507
-0.19626
-0.180387
-0.164803
-0.149425
-0.134176
-0.118976
-0.10375
-0.0884251
-0.072928
-0.0571868
-0.0411298
-0.0246855
-0.00778171
0.0096544
0.0276968
0.0464209
0.0659037
0.0862244
0.107464
0.129705
0.153033
0.177535
0.203297
0.230409
0.258957
0.289023
0.320687
0.354017
0.389068
0.425874
0.464442
0.50474
0.546687
0.590134
0.634848
0.680488
0.726584
0.772505
0.817435
0.86035
0.899995
0.934891
0.963346
0.983487
0.99339
0.991587
0.976787
0.943264
0.887708
-0.86008
-0.91701
-0.950329
-0.963587
-0.963157
-0.950876
-0.928713
-0.899
-0.863893
-0.825237
-0.78456
-0.743078
-0.701721
-0.661173
-0.621914
-0.584259
-0.548395
-0.514411
-0.482324
-0.452099
-0.423662
-0.396916
-0.371749
-0.348039
-0.325659
-0.304484
-0.284389
-0.265253
-0.246958
-0.229394
-0.212452
-0.19603
-0.18003
-0.16436
-0.148929
-0.133651
-0.118443
-0.103225
-0.0879171
-0.0724425
-0.0567244
-0.0406869
-0.0242537
-0.0073478
0.0101088
0.0281957
0.0469947
0.06659
0.0870687
0.108521
0.131041
0.154727
0.179679
0.206002
0.233805
0.263196
0.294287
0.327186
0.361999
0.398819
0.43773
0.478787
0.522016
0.567394
0.614835
0.664164
0.715095
0.767194
0.819845
0.872205
0.923169
0.971327
1.01494
1.05196
1.08
1.09654
1.09945
1.08676
1.05148
0.989655
-0.959964
-1.02479
-1.06025
-1.07081
-1.06461
-1.04447
-1.01319
-0.973872
-0.929235
-0.881514
-0.832472
-0.78345
-0.735417
-0.689042
-0.644755
-0.602801
-0.56329
-0.526234
-0.491574
-0.459206
-0.428994
-0.400787
-0.374424
-0.349742
-0.32658
-0.304782
-0.284198
-0.264685
-0.246108
-0.228338
-0.211257
-0.19475
-0.17871
-0.163035
-0.147629
-0.132401
-0.11726
-0.102121
-0.0869022
-0.0715206
-0.0558962
-0.0399486
-0.0235976
-0.00676191
0.0106412
0.0286967
0.0474919
0.0671178
0.0876693
0.109246
0.131951
0.155896
0.181196
0.207973
0.236356
0.266479
0.29848
0.332503
0.368692
0.407189
0.448128
0.491627
0.537782
0.586647
0.638219
0.692409
0.749016
0.807683
0.867847
0.928683
0.98904
1.04737
1.10169
1.14951
1.18786
1.2134
1.2231
1.21397
1.17718
1.10782
-1.07773
-1.15217
-1.18929
-1.19508
-1.18031
-1.14925
-1.10589
-1.05429
-0.997871
-0.939263
-0.880447
-0.822836
-0.767382
-0.714677
-0.665049
-0.618627
-0.575407
-0.535292
-0.498125
-0.463715
-0.431852
-0.40232
-0.374903
-0.349393
-0.32559
-0.303306
-0.282365
-0.2626
-0.243858
-0.225997
-0.208882
-0.192391
-0.176406
-0.160818
-0.145525
-0.130429
-0.115436
-0.100456
-0.0854017
-0.0701889
-0.054733
-0.0389505
-0.0227575
-0.00606904
0.0112016
0.0291438
0.0478504
0.0674181
0.0879488
0.10955
0.132337
0.15643
0.181961
0.209067
0.237899
0.268615
0.301383
0.336383
0.373802
0.413832
0.456668
0.502501
0.551508
0.603839
0.659599
0.71882
0.781424
0.84718
0.915638
0.986052
1.05729
1.12773
1.19514
1.25661
1.30844
1.34626
1.3658
1.36252
1.32487
1.2464
-1.21892
-1.30502
-1.34264
-1.34029
-1.31276
-1.26649
-1.2071
-1.13988
-1.06897
-0.99741
-0.92731
-0.860062
-0.796502
-0.737062
-0.681892
-0.630948
-0.584066
-0.541007
-0.501491
-0.465221
-0.431899
-0.401238
-0.37296
-0.346808
-0.322541
-0.299939
-0.278796
-0.258926
-0.240158
-0.222332
-0.205304
-0.188941
-0.173116
-0.157715
-0.142629
-0.127754
-0.112995
-0.0982564
-0.083449
-0.0684846
-0.0532763
-0.0377381
-0.021783
-0.00532335
0.0117311
0.0294733
0.0480004
0.0674144
0.0878232
0.109342
0.132094
0.156212
0.18184
0.209133
0.238259
0.269403
0.302763
0.338554
0.377009
0.418374
0.462911
0.510891
0.562587
0.618265
0.678164
0.742469
0.81128
0.884549
0.962018
1.04311
1.12683
1.21155
1.29492
1.3736
1.4431
1.49777
1.53162
1.53786
1.50079
1.41131
-1.39172
-1.49176
-1.52725
-1.51123
-1.46467
-1.39721
-1.31664
-1.22963
-1.1411
-1.05433
-0.971428
-0.893587
-0.821385
-0.754973
-0.694232
-0.638876
-0.588527
-0.542767
-0.501169
-0.463314
-0.428806
-0.397276
-0.368385
-0.341822
-0.317306
-0.294583
-0.273422
-0.253615
-0.234974
-0.217327
-0.200518
-0.184404
-0.168853
-0.153745
-0.138966
-0.124409
-0.109973
-0.0955643
-0.0810884
-0.0664558
-0.0515778
-0.0363663
-0.0207327
-0.00458699
0.0121633
0.0296142
0.0478659
0.0670245
0.0872032
0.108523
0.131115
0.155122
0.180699
0.208016
0.237261
0.26864
0.302381
0.338736
0.377982
0.420422
0.466388
0.516238
0.570354
0.629133
0.692974
0.762257
0.837308
0.918342
1.00539
1.09818
1.19597
1.29736
1.40001
1.50028
1.59291
1.67075
1.72559
1.74728
1.71376
1.61122
-1.60865
-1.72463
-1.75251
-1.71369
-1.63871
-1.5418
-1.43337
-1.3216
-1.21194
-1.10768
-1.01059
-0.921438
-0.840327
-0.766975
-0.700882
-0.641438
-0.588002
-0.539942
-0.496659
-0.4576
-0.422264
-0.390197
-0.360996
-0.334298
-0.309785
-0.287169
-0.266196
-0.24664
-0.228297
-0.210984
-0.194536
-0.178802
-0.163647
-0.148944
-0.134577
-0.120437
-0.106421
-0.0924314
-0.078375
-0.0641603
-0.0496977
-0.0348983
-0.0196723
-0.0039287
0.0124264
0.0294907
0.0473666
0.0661631
0.0859969
0.106994
0.129291
0.153039
0.178402
0.205564
0.234728
0.266122
0.300001
0.336649
0.376387
0.419575
0.466615
0.517956
0.574094
0.635572
0.702974
0.77691
0.857988
0.946771
1.04369
1.14894
1.26228
1.38275
1.50836
1.63549
1.75826
1.86799
1.95371
2.00053
1.97656
1.85934
-1.88999
-2.0218
-2.03096
-1.95427
-1.83693
-1.69929
-1.55466
-1.4124
-1.27801
-1.1542
-1.04193
-0.94118
-0.851318
-0.771443
-0.700544
-0.637614
-0.581695
-0.531914
-0.487487
-0.44772
-0.412003
-0.379802
-0.35065
-0.324139
-0.299914
-0.277661
-0.257105
-0.238004
-0.220143
-0.20333
-0.187393
-0.172178
-0.157545
-0.143364
-0.129518
-0.115897
-0.102397
-0.0889202
-0.075373
-0.0616641
-0.0477038
-0.0334033
-0.018673
-0.0034216
0.0124449
0.0290246
0.046421
0.0647444
0.0841136
0.104657
0.126517
0.149847
0.174821
0.201632
0.230497
0.261659
0.295397
0.332025
0.371904
0.415443
0.463114
0.515453
0.573073
0.63667
0.707028
0.785014
0.871574
0.967695
1.07435
1.19238
1.32232
1.46407
1.61645
1.77643
1.93813
2.09158
2.2228
2.3106
2.3081
2.17693
-2.27049
-2.41083
-2.37879
-2.23945
-2.05936
-1.86612
-1.67536
-1.49661
-1.33425
-1.18949
-1.06182
-0.949901
-0.852074
-0.766608
-0.691869
-0.626381
-0.568839
-0.518116
-0.473238
-0.433373
-0.397812
-0.365946
-0.337254
-0.311291
-0.28767
-0.266057
-0.246164
-0.227737
-0.210552
-0.194413
-0.179145
-0.164591
-0.150609
-0.13707
-0.123856
-0.110858
-0.0979719
-0.0851017
-0.0721542
-0.0590394
-0.0456688
-0.0319548
-0.0178088
-0.0031408
0.0121423
0.028138
0.044949
0.0626856
0.0814667
0.101422
0.122694
0.145442
0.169841
0.196092
0.22442
0.255081
0.28837
0.324626
0.36424
0.407667
0.455435
0.508163
0.566573
0.63151
0.703957
0.78506
0.87613
0.978653
1.09426
1.22467
1.3715
1.53601
1.71857
1.91774
2.12875
2.3415
2.53953
2.69417
2.7369
2.6003
-2.81305
-2.93348
-2.81497
-2.57282
-2.30121
-2.03385
-1.78631
-1.56576
-1.37351
-1.20783
-1.06581
-0.944237
-0.840081
-0.750617
-0.673503
-0.60676
-0.548734
-0.49805
-0.453564
-0.414325
-0.379538
-0.348538
-0.320763
-0.29574
-0.273064
-0.252389
-0.233418
-0.215891
-0.199585
-0.1843
-0.169861
-0.156112
-0.142913
-0.130137
-0.117667
-0.105395
-0.0932215
-0.0810513
-0.0687939
-0.0563614
-0.0436678
-0.0306277
-0.0171549
-0.00316165
0.011443
0.0267542
0.0428728
0.0599071
0.0779742
0.0972025
0.117734
0.139726
0.163357
0.188828
0.216367
0.246238
0.278746
0.314242
0.353141
0.395928
0.443177
0.49557
0.553923
0.619208
0.692597
0.775497
0.869596
0.976911
1.09982
1.24108
1.40377
1.59108
1.80588
2.0498
2.32127
2.61263
2.90747
3.17067
3.30593
3.19485
-3.63202
-3.65022
-3.35756
-2.9502
-2.54877
-2.18654
-1.87288
-1.60786
-1.38654
-1.20235
-1.04891
-0.920638
-0.812849
-0.721742
-0.644258
-0.577946
-0.520844
-0.471372
-0.428255
-0.390457
-0.357129
-0.327571
-0.301201
-0.277534
-0.256159
-0.236729
-0.218945
-0.202552
-0.187327
-0.173076
-0.159627
-0.146828
-0.134543
-0.122649
-0.111032
-0.0995902
-0.0882257
-0.0768478
-0.0653692
-0.0537058
-0.0417751
-0.029495
-0.016783
-0.0035547
0.0102773
0.0248045
0.0401241
0.0563408
0.0735678
0.0919299
0.111565
0.132628
0.155292
0.179756
0.206247
0.235027
0.2664
0.300725
0.338423
0.379993
0.426036
0.477274
0.534581
0.599028
0.671931
0.754916
0.850004
0.959715
1.08719
1.23632
1.41188
1.61957
1.86587
2.15739
2.49908
2.89067
3.32211
3.75838
4.07679
4.07836
-4.93385
-4.64055
-4.01636
-3.35553
-2.77788
-2.30073
-1.91612
-1.609
-1.36367
-1.16661
-1.00703
-0.876567
-0.768891
-0.679184
-0.603779
-0.539864
-0.485265
-0.438281
-0.397569
-0.362058
-0.330885
-0.303345
-0.278862
-0.256955
-0.237224
-0.219329
-0.202984
-0.187942
-0.173988
-0.160937
-0.148625
-0.136908
-0.125655
-0.11475
-0.104087
-0.0935662
-0.0830971
-0.0725933
-0.0619727
-0.0511556
-0.0400642
-0.028621
-0.016748
-0.00436553
0.00860903
0.0222623
0.0366863
0.0519801
0.0682515
0.0856188
0.104214
0.124183
0.145694
0.168937
0.194131
0.221528
0.251426
0.284173
0.320185
0.359957
0.404088
0.453309
0.508517
0.570824
0.641625
0.722684
0.816256
0.925251
1.05346
1.20584
1.38893
1.61128
1.88395
2.22078
2.63779
3.15047
3.76661
4.46676
5.12951
5.46076
-7.17805
-6.00413
-4.75327
-3.73043
-2.93568
-2.33552
-1.88764
-1.55084
-1.29365
-1.09397
-0.93638
-0.810035
-0.707282
-0.62264
-0.552119
-0.492764
-0.44235
-0.399175
-0.361916
-0.329532
-0.301193
-0.276227
-0.254088
-0.234322
-0.216553
-0.200465
-0.185789
-0.172294
-0.159783
-0.148082
-0.137039
-0.12652
-0.116405
-0.106585
-0.096961
-0.0874423
-0.077944
-0.0683862
-0.0586925
-0.0487892
-0.0386039
-0.0280649
-0.0170996
-0.00563419
0.00640803
0.0191074
0.0325495
0.0468262
0.0620376
0.0782936
0.0957166
0.114444
0.13463
0.156453
0.180116
0.205858
0.233955
0.264737
0.298594
0.335998
0.377519
0.423858
0.475885
0.534687
0.601648
0.678547
0.767706
0.872201
0.996182
1.14533
1.32755
1.55403
1.84065
2.21009
2.69464
3.33684
4.18013
5.2564
6.56565
7.80734
-11.5601
-7.80259
-5.29299
-3.81991
-2.84169
-2.1722
-1.71127
-1.38434
-1.14411
-0.962235
-0.821053
-0.709084
-0.618669
-0.544544
-0.482991
-0.431311
-0.3875
-0.350042
-0.317765
-0.28975
-0.265266
-0.243725
-0.224645
-0.207629
-0.192346
-0.178517
-0.165905
-0.154308
-0.14355
-0.133477
-0.123954
-0.114863
-0.106096
-0.0975554
-0.0891538
-0.0808093
-0.0724459
-0.0639917
-0.0553783
-0.0465392
-0.0374093
-0.0279241
-0.0180183
-0.00762533
0.00332363
0.0149008
0.027183
0.0402525
0.054199
0.0691207
0.0851268
0.102339
0.120897
0.140956
0.162699
0.186336
0.212113
0.24032
0.271305
0.305483
0.343359
0.385556
0.432845
0.486194
0.546842
0.616392
0.696954
0.791369
0.903536
1.03895
1.2056
1.41536
1.68651
2.04823
2.54903
3.266
4.30363
5.85006
8.44988
12.3182
-18.9698
-9.55618
-5.06806
-3.2473
-2.2843
-1.70014
-1.32925
-1.078
-0.896575
-0.759495
-0.652572
-0.567159
-0.497665
-0.440296
-0.392372
-0.351937
-0.317525
-0.288012
-0.262522
-0.240363
-0.220975
-0.203905
-0.188777
-0.17528
-0.163153
-0.152171
-0.142144
-0.132909
-0.12432
-0.116254
-0.108597
-0.101251
-0.0941262
-0.0871409
-0.0802206
-0.0732963
-0.0663033
-0.0591802
-0.0518685
-0.0443113
-0.0364528
-0.0282375
-0.0196095
-0.0105118
-0.000885479
0.0093311
0.0202032
0.0318008
0.0441996
0.0574822
0.0717401
0.0870753
0.103602
0.121451
0.14077
0.161732
0.184535
0.209415
0.236648
0.266565
0.299567
0.336139
0.376881
0.422542
0.474066
0.532669
0.599937
0.677984
0.769701
0.879156
1.01231
1.17829
1.39195
1.67954
2.09192
2.72594
3.75689
5.67364
10.2794
19.8164
)
;

boundaryField
{
    movingWall
    {
        type            zeroGradient;
    }
    fixedWalls
    {
        type            zeroGradient;
    }
    frontAndBack
    {
        type            empty;
    }
}


// ************************************************************************* //
