/*--------------------------------*- C++ -*----------------------------------*\
  =========                 |
  \\      /  F ield         | OpenFOAM: The Open Source CFD Toolbox
   \\    /   O peration     | Website:  https://openfoam.org
    \\  /    A nd           | Version:  7
     \\/     M anipulation  |
\*---------------------------------------------------------------------------*/
FoamFile
{
    version     2.0;
    format      ascii;
    class       volScalarField;
    location    "0.45";
    object      p;
}
// * * * * * * * * * * * * * * * * * * * * * * * * * * * * * * * * * * * * * //

dimensions      [0 2 -2 0 0 0 0];

internalField   nonuniform List<scalar> 
6400
(
9.21277e-06
2.81275e-05
-0.000477534
-0.00151049
-0.00295313
-0.00469522
-0.00663641
-0.0086871
-0.01077
-0.0128198
-0.0147812
-0.0166083
-0.0182624
-0.0197119
-0.020931
-0.0218989
-0.0225994
-0.0230205
-0.0231536
-0.0229933
-0.022537
-0.021785
-0.0207396
-0.0194054
-0.0177889
-0.0158983
-0.0137434
-0.0113356
-0.00868741
-0.00581282
-0.00272678
0.000554663
0.00401451
0.00763489
0.0113972
0.0152819
0.0192692
0.0233383
0.0274682
0.0316374
0.035824
0.040006
0.0441612
0.0482673
0.052302
0.0562432
0.0600692
0.0637584
0.06729
0.0706437
0.0738002
0.0767409
0.0794484
0.0819067
0.0841011
0.0860187
0.0876481
0.0889803
0.0900082
0.0907273
0.0911356
0.091234
0.0910265
0.0905206
0.0897272
0.0886615
0.0873427
0.085795
0.0840478
0.0821363
0.0801023
0.077995
0.0758718
0.0737999
0.0718567
0.0701308
0.0687192
0.0677261
0.0672581
0.0672957
3.94558e-06
1.80312e-05
-0.000435561
-0.00131907
-0.00253314
-0.0039986
-0.00563961
-0.00738378
-0.0091658
-0.0109284
-0.0126219
-0.0142037
-0.0156379
-0.0168941
-0.0179472
-0.0187768
-0.0193666
-0.0197043
-0.0197807
-0.0195897
-0.0191281
-0.0183951
-0.017392
-0.0161226
-0.0145921
-0.0128077
-0.0107781
-0.00851348
-0.00602529
-0.00332623
-0.000430096
0.00264828
0.00589314
0.00928786
0.012815
0.0164566
0.0201938
0.0240073
0.0278774
0.031784
0.0357066
0.0396246
0.0435171
0.0473633
0.0511425
0.0548339
0.0584174
0.061873
0.0651812
0.0683235
0.0712817
0.074039
0.0765795
0.0788886
0.0809529
0.0827609
0.0843027
0.0855703
0.0865578
0.0872618
0.0876813
0.0878179
0.0876762
0.0872643
0.0865932
0.0856781
0.0845378
0.0831959
0.0816804
0.0800245
0.0782671
0.0764532
0.0746343
0.0728689
0.0712223
0.0697659
0.0685728
0.0677178
0.0672945
0.0673332
0.000511413
0.00047342
1.94742e-05
-0.000796632
-0.00188757
-0.00319002
-0.00464283
-0.00618596
-0.00776374
-0.00932612
-0.0108288
-0.012233
-0.0135056
-0.014618
-0.0155465
-0.0162714
-0.016777
-0.0170508
-0.0170837
-0.0168693
-0.0164039
-0.0156861
-0.0147168
-0.0134989
-0.0120368
-0.0103371
-0.0084075
-0.00625728
-0.003897
-0.00133842
0.00140563
0.00432129
0.00739381
0.0106076
0.0139462
0.0173927
0.0209293
0.0245379
0.0281999
0.0318961
0.0356073
0.039314
0.0429964
0.046635
0.0502102
0.0537025
0.0570928
0.0603624
0.0634932
0.0664674
0.0692686
0.0718807
0.0742891
0.0764802
0.078442
0.0801636
0.0816363
0.082853
0.0838086
0.0845003
0.0849277
0.085093
0.0850012
0.0846601
0.0840811
0.0832786
0.0822711
0.0810808
0.0797342
0.0782623
0.076701
0.075091
0.0734783
0.0719139
0.0704537
0.069157
0.0680831
0.0672921
0.0668696
0.0668671
0.00154452
0.00135952
0.000835783
1.63998e-05
-0.00103193
-0.00225558
-0.00360278
-0.00502284
-0.00646814
-0.00789509
-0.00926449
-0.0105416
-0.011696
-0.0127018
-0.0135366
-0.0141821
-0.0146233
-0.0148481
-0.0148477
-0.0146158
-0.0141484
-0.013444
-0.0125031
-0.0113279
-0.00992264
-0.00829301
-0.0064462
-0.00439077
-0.00213655
0.000305484
0.00292328
0.00570382
0.00863317
0.0116966
0.0148786
0.018163
0.021533
0.0249715
0.0284606
0.0319823
0.0355183
0.0390499
0.0425586
0.0460256
0.0494323
0.0527603
0.0559914
0.059108
0.0620929
0.0649294
0.0676017
0.070095
0.0723954
0.0744903
0.0763683
0.0780195
0.0794358
0.0806107
0.0815397
0.0822205
0.0826529
0.0828395
0.0827851
0.0824976
0.0819878
0.0812697
0.0803606
0.0792815
0.0780571
0.0767159
0.0752905
0.0738177
0.0723384
0.0708971
0.0695419
0.0683233
0.0672918
0.0664989
0.0660128
0.0658772
0.00299361
0.00258206
0.00193045
0.00105818
2.43819e-06
-0.00119192
-0.00248094
-0.00382236
-0.0051759
-0.00650408
-0.00777269
-0.00895102
-0.0100119
-0.0109318
-0.0116903
-0.0122705
-0.0126584
-0.0128429
-0.0128153
-0.0125696
-0.012102
-0.0114109
-0.0104964
-0.00936065
-0.00800727
-0.00644154
-0.00467009
-0.00270091
-0.000543159
0.00179285
0.0042958
0.00695339
0.00975247
0.0126791
0.0157185
0.0188555
0.0220741
0.0253579
0.02869
0.0320533
0.0354302
0.0388031
0.0421543
0.0454659
0.0487202
0.0518998
0.0549873
0.057966
0.0608194
0.0635319
0.0660884
0.068475
0.0706786
0.0726871
0.07449
0.076078
0.0774435
0.0785805
0.0794849
0.0801547
0.08059
0.0807932
0.0807691
0.0805253
0.0800719
0.0794223
0.0785925
0.077602
0.0764734
0.0752327
0.0739094
0.0725361
0.0711487
0.0697859
0.0684888
0.0672998
0.0662621
0.0654196
0.0648133
0.0644655
0.00475653
0.00406806
0.00324539
0.00227992
0.00117538
-3.11718e-05
-0.00130245
-0.00260374
-0.00390146
-0.00516378
-0.00636125
-0.0074671
-0.0084574
-0.00931111
-0.01001
-0.0105387
-0.0108845
-0.011037
-0.0109883
-0.0107329
-0.0102671
-0.00958923
-0.00869955
-0.00759989
-0.00629365
-0.0047857
-0.00308226
-0.00119079
0.000880077
0.00312064
0.00552021
0.00806714
0.010749
0.0135525
0.0164638
0.0194682
0.0225506
0.0256954
0.0288865
0.0321076
0.0353419
0.0385726
0.0417828
0.0449554
0.0480736
0.0511207
0.0540802
0.056936
0.0596725
0.0622748
0.0647287
0.0670207
0.0691383
0.0710704
0.0728067
0.0743386
0.0756587
0.0767616
0.0776434
0.0783022
0.0787381
0.0789533
0.0789526
0.0787429
0.0783337
0.0777373
0.0769686
0.0760454
0.0749881
0.0738202
0.0725679
0.0712601
0.069928
0.0686049
0.0673255
0.066125
0.0650405
0.0641088
0.0633395
0.0627286
0.00674248
0.00574894
0.00472542
0.00363509
0.0024478
0.00119407
-9.43079e-05
-0.00138929
-0.00266331
-0.00388964
-0.00504326
-0.00610114
-0.00704251
-0.00784891
-0.00850427
-0.00899486
-0.00930924
-0.00943819
-0.0093746
-0.00911335
-0.00865123
-0.00798679
-0.00712025
-0.00605339
-0.00478947
-0.00333309
-0.00169012
0.000132371
0.00212621
0.00428221
0.00659021
0.00903918
0.0116173
0.0143119
0.0171097
0.0199969
0.022959
0.0259811
0.0290478
0.0321434
0.0352521
0.0383576
0.0414438
0.0444944
0.0474933
0.0504243
0.0532717
0.0560202
0.0586548
0.0611611
0.0635256
0.0657353
0.0677784
0.069644
0.0713225
0.0728054
0.0740859
0.0751586
0.0760198
0.0766676
0.077102
0.077325
0.0773408
0.077156
0.0767791
0.0762214
0.0754964
0.0746202
0.0736112
0.0724903
0.0712806
0.0700074
0.0686977
0.0673799
0.066083
0.0648361
0.0636711
0.0626186
0.0616563
0.060753
0.00887217
0.00756011
0.00631669
0.00507835
0.00378223
0.00245359
0.00111983
-0.000196811
-0.00147408
-0.00268988
-0.0038232
-0.00485453
-0.00576608
-0.00654195
-0.00716815
-0.00763271
-0.00792559
-0.0080387
-0.00796579
-0.0077024
-0.00724578
-0.00659479
-0.00574982
-0.00471268
-0.00348655
-0.00207587
-0.000486271
0.0012755
0.00320164
0.00528338
0.00751104
0.00987408
0.0123612
0.0149604
0.0176589
0.0204435
0.0233004
0.0262152
0.0291732
0.0321595
0.0351586
0.0381553
0.0411337
0.0440784
0.0469737
0.0498043
0.052555
0.0552109
0.0577577
0.0601815
0.0624692
0.0646084
0.0665877
0.0683965
0.0700254
0.0714664
0.0727127
0.073759
0.0746016
0.0752386
0.0756697
0.0758966
0.075923
0.0757548
0.0753996
0.0748676
0.0741708
0.0733237
0.0723427
0.0712462
0.0700545
0.0687896
0.0674745
0.0661334
0.0647903
0.0634688
0.0621969
0.0610003
0.0598253
0.058615
0.0110786
0.00944405
0.00796966
0.00656716
0.00514277
0.00371772
0.00231603
0.000954944
-0.000347932
-0.00157458
-0.00270765
-0.00373085
-0.00462921
-0.00538924
-0.00599901
-0.00644828
-0.00672845
-0.00683258
-0.00675537
-0.0064931
-0.00604355
-0.00540599
-0.00458103
-0.00357062
-0.00237796
-0.0010074
0.000535594
0.0022445
0.00411181
0.00612911
0.00828712
0.0105757
0.0129841
0.0155007
0.0181133
0.0208093
0.0235753
0.0263976
0.029262
0.0321541
0.0350592
0.0379624
0.0408486
0.0437027
0.0465097
0.0492548
0.0519232
0.0545007
0.0569732
0.0593274
0.0615505
0.0636304
0.0655561
0.0673172
0.0689046
0.0703104
0.0715277
0.0725515
0.0733777
0.0740044
0.0744309
0.0746585
0.0746904
0.0745314
0.0741887
0.0736709
0.0729889
0.0721553
0.0711847
0.0700932
0.0688985
0.0676194
0.0662757
0.0648877
0.0634751
0.0620569
0.0606581
0.0593007
0.0579012
0.0563789
0.0133059
0.0113507
0.00963987
0.00806238
0.00649557
0.00495768
0.00347026
0.0020463
0.000699429
-0.000555942
-0.00170571
-0.00273654
-0.00363604
-0.00439299
-0.00499745
-0.00544085
-0.00571602
-0.00581721
-0.00574008
-0.0054817
-0.00504047
-0.00441608
-0.00360949
-0.00262284
-0.00145939
-0.000123515
0.00137942
0.00304305
0.0048601
0.00682243
0.00892107
0.0111463
0.0134877
0.0159341
0.0184738
0.0210945
0.0237835
0.0265275
0.0293128
0.0321256
0.0349515
0.0377761
0.0405849
0.0433633
0.0460967
0.0487706
0.0513708
0.0538833
0.0562947
0.0585916
0.0607618
0.0627935
0.0646755
0.066398
0.0679517
0.0693288
0.0705226
0.0715277
0.0723401
0.0729573
0.0733784
0.0736042
0.0736371
0.0734814
0.073143
0.0726295
0.0719505
0.0711171
0.0701417
0.0690386
0.0678229
0.0665109
0.0651192
0.0636651
0.0621643
0.0606323
0.0590917
0.0575618
0.0559315
0.0540981
0.0155072
0.0132366
0.0112877
0.00952837
0.00780912
0.00614609
0.00455907
0.00305754
0.00165169
0.00035283
-0.000827823
-0.00187957
-0.00279239
-0.0035572
-0.0041659
-0.00461155
-0.00488835
-0.00499175
-0.00491839
-0.00466615
-0.00423406
-0.00362234
-0.0028323
-0.00186633
-0.000727868
0.000578687
0.00204798
0.00367374
0.00544886
0.0073654
0.00941466
0.0115872
0.0138729
0.0162611
0.0187404
0.021299
0.0239244
0.0266038
0.0293241
0.0320717
0.0348327
0.0375932
0.0403391
0.0430561
0.0457299
0.0483467
0.0508923
0.0533531
0.0557159
0.0579678
0.0600965
0.0620905
0.0639387
0.0656314
0.0671593
0.0685145
0.0696902
0.0706807
0.071482
0.072091
0.0725065
0.0727287
0.0727593
0.0726017
0.0722609
0.0717435
0.0710575
0.0702126
0.0692196
0.0680908
0.0668391
0.0654784
0.064023
0.0624869
0.0608833
0.0592241
0.0575307
0.0558206
0.053957
0.0518168
0.0176431
0.0150641
0.0128779
0.0109328
0.0090543
0.00725708
0.00555984
0.00396915
0.00249229
0.00113791
-8.53182e-05
-0.00116904
-0.00210542
-0.00288728
-0.00350829
-0.00396301
-0.00424702
-0.00435689
-0.00429025
-0.0040458
-0.00362325
-0.00302334
-0.0022478
-0.00129932
-0.000181534
0.00110105
0.00254303
0.0041382
0.00587953
0.00775925
0.00976885
0.0118992
0.0141403
0.0164819
0.018913
0.0214219
0.0239968
0.026625
0.0292938
0.03199
0.0347002
0.0374106
0.0401075
0.0427771
0.0454052
0.0479783
0.0504826
0.0529046
0.0552313
0.05745
0.0595484
0.0615152
0.0633394
0.065011
0.0665209
0.067861
0.0690242
0.0700047
0.070798
0.0714008
0.0718111
0.0720287
0.0720544
0.0718909
0.0715423
0.0710139
0.0703126
0.0694466
0.0684253
0.0672589
0.0659588
0.0645365
0.0630042
0.0613737
0.0596554
0.057859
0.0560049
0.0541097
0.0520126
0.0495716
0.0196803
0.0168004
0.0143792
0.0122466
0.0102042
0.00826633
0.00645086
0.00476202
0.00320464
0.00178505
0.000509733
-0.000615049
-0.00158339
-0.00238991
-0.00302987
-0.00349929
-0.00379501
-0.00391472
-0.00385703
-0.00362142
-0.00320831
-0.00261898
-0.00185561
-0.000921223
0.000180308
0.00144431
0.00286532
0.00443709
0.00615267
0.00800437
0.00998385
0.0120821
0.0142895
0.0165959
0.0189906
0.0214622
0.0239992
0.0265892
0.0292198
0.0318781
0.034551
0.037225
0.0398867
0.0425223
0.0451183
0.047661
0.0501369
0.0525327
0.0548355
0.0570326
0.0591119
0.0610619
0.0628717
0.0645312
0.0660311
0.067363
0.0685197
0.069495
0.070284
0.0708828
0.0712891
0.0715018
0.0715212
0.0713489
0.0709882
0.0704432
0.0697199
0.0688249
0.0677663
0.0665528
0.0651938
0.0636994
0.0620797
0.0603446
0.0585027
0.0565613
0.0545409
0.0524578
0.0501283
0.0473929
0.0215899
0.0184167
0.0157636
0.0134429
0.0112341
0.00915098
0.00721138
0.00541753
0.00377218
0.00227972
0.000944718
-0.000228417
-0.00123552
-0.00207283
-0.00273708
-0.00322566
-0.00353659
-0.00366865
-0.00362137
-0.00339504
-0.00299075
-0.00241036
-0.00165651
-0.000732585
0.00035727
0.00160819
0.00301458
0.00457015
0.00626794
0.00810033
0.0100591
0.0121353
0.0143196
0.0166019
0.0189718
0.0214182
0.0239296
0.0264942
0.0290996
0.0317332
0.034382
0.037033
0.0396728
0.042288
0.0448649
0.0473903
0.0498506
0.0522327
0.0545236
0.0567108
0.058782
0.0607258
0.0625309
0.0641872
0.0656852
0.0670162
0.0681727
0.069148
0.0699368
0.0705347
0.0709387
0.0711472
0.0711595
0.0709767
0.0706008
0.0700351
0.0692844
0.0683541
0.067251
0.0659824
0.0645563
0.0629812
0.0612657
0.0594181
0.0574453
0.0553533
0.0531626
0.0508897
0.0483298
0.0453064
0.023347
0.0198876
0.017006
0.0144977
0.0121209
0.00988952
0.00782153
0.00591752
0.00417853
0.00260726
0.00120662
-2.06048e-05
-0.00107181
-0.0019447
-0.00263739
-0.00314849
-0.00347718
-0.00362324
-0.00358711
-0.00336986
-0.00297325
-0.00239973
-0.00165239
-0.000735023
0.000347942
0.00159141
0.00298962
0.00453622
0.00622418
0.00804591
0.0099932
0.0120573
0.0142289
0.0164981
0.0188546
0.0212876
0.0237857
0.0263373
0.0289303
0.0315521
0.03419
0.0368312
0.0394623
0.0420701
0.0446411
0.047162
0.0496194
0.0520001
0.0542912
0.05648
0.0585543
0.0605022
0.0623126
0.0639749
0.0654794
0.0668171
0.06798
0.068961
0.0697543
0.0703549
0.0707593
0.0709649
0.0709705
0.0707763
0.0703833
0.0697939
0.0690118
0.0680414
0.0668882
0.0655583
0.0640585
0.0623959
0.0605778
0.0586115
0.0565023
0.0542553
0.0518915
0.0494279
0.0466395
0.0433336
0.0249295
0.0211904
0.0180836
0.0153886
0.0128432
0.0104616
0.00826224
0.00624434
0.00440747
0.0027529
0.00128211
-3.57401e-06
-0.00110293
-0.00201499
-0.00273913
-0.00327511
-0.00362319
-0.0037841
-0.00375914
-0.00355015
-0.00315956
-0.00259037
-0.00184617
-0.000931145
0.000149954
0.00139178
0.00278839
0.0043333
0.00601942
0.00783913
0.00978423
0.011846
0.0140153
0.0162822
0.0186367
0.0210679
0.0235648
0.0261157
0.0287088
0.0313316
0.0339715
0.0366158
0.0392513
0.0418647
0.0444427
0.046972
0.0494391
0.0518308
0.0541341
0.0563361
0.0584246
0.0603874
0.0622131
0.0638909
0.0654106
0.0667629
0.0679393
0.0689322
0.0697353
0.0703429
0.0707509
0.070956
0.0709562
0.0707506
0.0703398
0.069725
0.0689088
0.0678947
0.0666872
0.0652912
0.0637125
0.0619571
0.0600312
0.0579411
0.0556913
0.0532859
0.0507469
0.0480921
0.045077
0.0414934
0.0263175
0.0223041
0.0189754
0.0160949
0.0133808
0.0108479
0.00851519
0.00638077
0.00444296
0.00270183
0.00115758
-0.000189721
-0.00134012
-0.00229385
-0.00305144
-0.00361373
-0.00398196
-0.00415779
-0.00414333
-0.00394117
-0.00355439
-0.00298654
-0.00224172
-0.00132449
-0.00023997
0.00100623
0.00240798
0.00395861
0.00565095
0.0074773
0.00942947
0.0114988
0.013676
0.0159515
0.018315
0.0207561
0.0232636
0.0258261
0.0284316
0.0310681
0.0337229
0.0363832
0.039036
0.041668
0.0442659
0.0468163
0.0493057
0.0517208
0.0540483
0.0562754
0.0583893
0.0603779
0.0622292
0.0639322
0.0654762
0.0668514
0.068049
0.0690607
0.0698794
0.0704991
0.0709147
0.0711224
0.0711192
0.0709037
0.0704751
0.0698342
0.0689825
0.0679225
0.0666576
0.0651921
0.0635306
0.0616783
0.0596405
0.0574229
0.055029
0.0524626
0.0497467
0.0469003
0.0436599
0.0398021
0.0274928
0.0232098
0.0196618
0.0165971
0.0137146
0.0110299
0.00856259
0.00630991
0.0042691
0.00243918
0.00081922
-0.000591828
-0.00179514
-0.00279206
-0.00358417
-0.00417331
-0.00456166
-0.00475174
-0.00474645
-0.00454909
-0.00416336
-0.00359341
-0.00284378
-0.00191947
-0.00082595
0.000430891
0.00184468
0.00340859
0.00511531
0.00695705
0.00892559
0.0110122
0.0132077
0.0155024
0.0178862
0.0203486
0.0228786
0.0254647
0.0280952
0.0307578
0.0334402
0.0361294
0.0388124
0.0414759
0.0441066
0.0466909
0.0492153
0.0516662
0.0540303
0.0562943
0.0584453
0.0604706
0.0623583
0.0640965
0.0656743
0.0670814
0.0683082
0.069346
0.070187
0.0708245
0.0712527
0.0714668
0.0714634
0.0712399
0.070795
0.0701283
0.0692406
0.0681335
0.0668096
0.0652721
0.0635251
0.0615728
0.0594201
0.0570719
0.0545314
0.0518018
0.0489075
0.0458689
0.0424039
0.0382742
0.0284384
0.0238896
0.0201246
0.0168769
0.0138264
0.0109897
0.00838713
0.00601516
0.00387008
0.00194998
0.000252966
-0.00122304
-0.00248024
-0.00352099
-0.00434783
-0.00496356
-0.00537124
-0.00557419
-0.00557608
-0.0053809
-0.00499296
-0.00441696
-0.00365794
-0.00272132
-0.00161291
-0.000338906
0.00109407
0.00267898
0.00440837
0.00627436
0.00826861
0.0103824
0.0126064
0.0149311
0.0173463
0.0198415
0.0224058
0.0250277
0.0276954
0.0303968
0.0331193
0.0358502
0.0385764
0.0412844
0.0439608
0.0465919
0.0491641
0.0516634
0.0540764
0.0563895
0.0585893
0.060663
0.0625979
0.064382
0.0660036
0.0674518
0.0687166
0.0697885
0.0706591
0.0713209
0.0717673
0.0719928
0.0719931
0.0717648
0.0713057
0.0706147
0.0696916
0.0685373
0.0671535
0.0655428
0.0637084
0.0616541
0.0593841
0.056903
0.0542136
0.051319
0.048245
0.0450134
0.0413238
0.0369232
0.0291382
0.0243262
0.0203462
0.0169163
0.0136985
0.0107099
0.00797183
0.00548006
0.00323009
0.00121917
-0.000555481
-0.00209686
-0.00340811
-0.00449251
-0.00535354
-0.00599485
-0.00642034
-0.00663413
-0.00664059
-0.00644439
-0.00605045
-0.00546401
-0.00469058
-0.00373602
-0.0026065
-0.00130854
0.000150985
0.00176483
0.00352537
0.00542457
0.00745401
0.00960484
0.0118678
0.0142332
0.016691
0.0192305
0.0218408
0.0245106
0.0272278
0.0299805
0.0327561
0.0355415
0.0383238
0.0410893
0.0438245
0.0465154
0.0491482
0.0517088
0.0541834
0.0565579
0.0588188
0.0609526
0.0629463
0.0647871
0.066463
0.0679624
0.0692745
0.0703892
0.0712974
0.0719907
0.0724618
0.0727044
0.0727132
0.0724841
0.0720141
0.0713011
0.0703443
0.0691436
0.0677002
0.0660158
0.0640932
0.0619354
0.0595466
0.0569308
0.0540908
0.0510294
0.0477741
0.0443483
0.0404334
0.0357616
0.0295767
0.0245034
0.0203094
0.0166984
0.0133136
0.0101734
0.00729984
0.00468824
0.00233329
0.000231502
-0.00162069
-0.00322715
-0.00459189
-0.00571906
-0.00661299
-0.00727818
-0.0077193
-0.00794123
-0.00794905
-0.00774808
-0.00734382
-0.00674205
-0.00594878
-0.00497028
-0.0038131
-0.00248408
-0.000990366
0.000660566
0.0024609
0.00440245
0.00647666
0.00867461
0.010987
0.013404
0.0159154
0.0185108
0.021179
0.0239087
0.0266879
0.0295045
0.0323458
0.0351988
0.0380502
0.0408863
0.0436934
0.0464574
0.049164
0.0517989
0.0543479
0.0567967
0.0591312
0.0613373
0.0634016
0.0653107
0.0670519
0.0686131
0.0699825
0.0711495
0.072104
0.0728369
0.0733401
0.0736063
0.0736294
0.0734046
0.0729278
0.0721962
0.0712082
0.069963
0.068461
0.0667034
0.0646923
0.0624306
0.0599218
0.05717
0.0541776
0.0509479
0.0475096
0.043888
0.0397462
0.0348017
0.0297385
0.0244049
0.0199977
0.0162059
0.0126547
0.00936311
0.00635442
0.00362327
0.00116369
-0.00102847
-0.00295754
-0.00462816
-0.00604517
-0.00721356
-0.00813844
-0.00882513
-0.00927906
-0.00950584
-0.00951123
-0.00930117
-0.00888177
-0.00825933
-0.00744033
-0.0064315
-0.00523974
-0.00387223
-0.00233641
-0.000639996
0.00120899
0.0032022
0.00533095
0.00758617
0.00995844
0.0124379
0.0150144
0.0176772
0.0204153
0.0232171
0.0260707
0.0289639
0.0318838
0.0348173
0.037751
0.0406711
0.0435634
0.0464138
0.0492076
0.0519302
0.0545669
0.0571031
0.059524
0.0618152
0.0639625
0.065952
0.0677703
0.0694043
0.0708419
0.0720713
0.0730817
0.0738632
0.0744066
0.0747039
0.0747481
0.0745334
0.0740549
0.0733091
0.0722934
0.0710063
0.0694477
0.0676181
0.0655192
0.0631534
0.0605241
0.0576351
0.0544891
0.0510892
0.0474661
0.0436466
0.0392755
0.0340554
0.0296085
0.0240146
0.0193945
0.0154222
0.0117047
0.00826215
0.00511874
0.00226859
-0.000294887
-0.00257649
-0.00458124
-0.00631455
-0.00778203
-0.00898944
-0.00994272
-0.0106479
-0.0111112
-0.0113389
-0.0113375
-0.0111135
-0.0106736
-0.0100247
-0.00917365
-0.00812766
-0.00689404
-0.0054803
-0.00389416
-0.00214359
-0.000236849
0.00181754
0.00401074
0.00633355
0.00877642
0.0113294
0.0139823
0.0167242
0.0195441
0.0224304
0.0253709
0.0283534
0.0313649
0.0343922
0.0374215
0.040439
0.0434302
0.0463806
0.0492752
0.0520992
0.0548372
0.0574742
0.059995
0.0623844
0.0646278
0.0667103
0.068618
0.070337
0.0718541
0.0731569
0.0742337
0.0750735
0.0756663
0.0760031
0.0760761
0.0758784
0.0754044
0.0746495
0.0736105
0.0722852
0.0706727
0.0687731
0.0665875
0.0641182
0.0613681
0.0583414
0.0550404
0.0514685
0.0476584
0.0436383
0.0390348
0.033535
0.0291713
0.0233165
0.0184831
0.0143302
0.0104466
0.00685336
0.00357576
0.000607401
-0.00205893
-0.00442864
-0.00650742
-0.00830142
-0.00981699
-0.0110607
-0.0120392
-0.0127593
-0.0132279
-0.0134521
-0.0134389
-0.0131956
-0.0127294
-0.0120476
-0.0111577
-0.0100674
-0.00878422
-0.00731613
-0.00567113
-0.00385748
-0.00188362
0.000241695
0.00250946
0.00491034
0.00743467
0.0100724
0.0128131
0.0156461
0.0185599
0.0215429
0.0245831
0.0276678
0.030784
0.0339183
0.0370568
0.0401853
0.0432892
0.0463535
0.049363
0.0523023
0.0551557
0.0579075
0.060542
0.0630435
0.0653964
0.0675854
0.0695955
0.0714121
0.0730211
0.0744092
0.0755636
0.0764724
0.0771247
0.0775105
0.0776209
0.0774481
0.0769855
0.0762278
0.0751708
0.0738117
0.072149
0.070182
0.0679117
0.0653398
0.0624693
0.0593042
0.055847
0.0521013
0.0481015
0.0438779
0.0390379
0.0332531
0.0284113
0.0222942
0.0172465
0.0129127
0.00886298
0.00511935
0.00170816
-0.00137744
-0.00414529
-0.00660141
-0.00875214
-0.0106043
-0.0121651
-0.0134418
-0.0144417
-0.0151726
-0.0156419
-0.0158575
-0.0158271
-0.0155585
-0.0150595
-0.0143381
-0.0134021
-0.0122598
-0.010919
-0.00938808
-0.00767536
-0.00578936
-0.00373877
-0.00153254
0.000820131
0.00330977
0.00592656
0.00866036
0.0115006
0.0144364
0.0174564
0.0205488
0.0237013
0.0269013
0.0301355
0.0333904
0.0366518
0.0399053
0.0431359
0.0463283
0.049467
0.052536
0.0555192
0.0584003
0.061163
0.0637908
0.0662675
0.068577
0.0707033
0.072631
0.0743451
0.0758311
0.0770754
0.078065
0.0787879
0.079233
0.0793905
0.0792514
0.0788084
0.078055
0.0769863
0.0755988
0.0738902
0.0718593
0.0695067
0.0668338
0.0638435
0.0605398
0.0569252
0.0530035
0.0488112
0.0443805
0.0392991
0.0332229
0.0273124
0.0209309
0.0156677
0.0111522
0.00693611
0.00304231
-0.000501765
-0.00370348
-0.00657128
-0.00911177
-0.011332
-0.0132394
-0.014842
-0.0161478
-0.0171649
-0.0179017
-0.0183665
-0.0185679
-0.0185141
-0.0182137
-0.0176751
-0.0169067
-0.015917
-0.0147144
-0.0133076
-0.011705
-0.0099153
-0.00794736
-0.00581013
-0.00351274
-0.00106458
0.0015247
0.00424516
0.00708653
0.0100381
0.013089
0.0162275
0.0194419
0.0227197
0.0260482
0.0294139
0.032803
0.0362012
0.0395938
0.0429654
0.0463006
0.0495831
0.0527966
0.0559245
0.0589499
0.0618558
0.064625
0.0672404
0.0696851
0.0719422
0.0739954
0.0758286
0.0774263
0.0787736
0.0798567
0.0806623
0.0811782
0.0813935
0.0812982
0.0808837
0.0801429
0.0790698
0.0776601
0.0759108
0.0738202
0.0713884
0.0686166
0.0655074
0.0620649
0.0582918
0.054192
0.0498041
0.0451621
0.0398338
0.0334585
0.0258579
0.0192092
0.0137288
0.0090307
0.0046478
0.000603985
-0.00307227
-0.00638882
-0.00935474
-0.0119772
-0.014264
-0.0162233
-0.0178638
-0.0191943
-0.0202237
-0.0209611
-0.0214156
-0.0215965
-0.0215127
-0.0211734
-0.0205877
-0.0197644
-0.0187127
-0.0174414
-0.0159595
-0.014276
-0.0123997
-0.01034
-0.00810587
-0.00570679
-0.00315232
-0.000452267
0.00238327
0.0053439
0.00841883
0.0115969
0.0148666
0.0182158
0.0216321
0.0251023
0.0286131
0.0321504
0.0356996
0.0392457
0.0427731
0.0462657
0.0497072
0.0530805
0.0563686
0.0595538
0.0626184
0.0655445
0.0683143
0.0709098
0.0733132
0.0755071
0.0774743
0.0791983
0.0806631
0.0818534
0.0827549
0.0833542
0.0836391
0.0835987
0.083223
0.082504
0.0814348
0.0800101
0.0782261
0.0760808
0.0735736
0.0707053
0.0674787
0.0638976
0.0599648
0.0556847
0.0510977
0.0462398
0.0406581
0.0339751
0.0240307
0.0171113
0.0114114
0.00652946
0.00197919
-0.00221453
-0.00602219
-0.00945214
-0.0125141
-0.015216
-0.017566
-0.0195733
-0.0212473
-0.0225975
-0.0236337
-0.0243658
-0.0248037
-0.0249572
-0.0248361
-0.0244503
-0.0238093
-0.0229228
-0.0218003
-0.0204512
-0.0188848
-0.0171106
-0.0151379
-0.012976
-0.0106344
-0.00812282
-0.00545095
-0.00262877
0.00033348
0.00342525
0.00663567
0.00995348
0.013367
0.016864
0.0204319
0.0240576
0.0277274
0.0314269
0.0351415
0.0388558
0.0425539
0.0462193
0.0498351
0.0533839
0.056848
0.060209
0.0634487
0.0665481
0.0694886
0.0722512
0.0748172
0.077168
0.0792853
0.0811514
0.0827489
0.0840614
0.0850732
0.0857697
0.0861373
0.0861639
0.0858384
0.0851516
0.0840955
0.082664
0.0808525
0.0786582
0.0760799
0.0731184
0.069776
0.0660568
0.0619634
0.0575005
0.0527106
0.0476317
0.0417895
0.034789
0.0218126
0.0146185
0.00869645
0.00362913
-0.00108926
-0.00543286
-0.00937109
-0.0129129
-0.0160686
-0.0188468
-0.0212564
-0.0233074
-0.0250099
-0.0263743
-0.0274113
-0.0281315
-0.0285456
-0.0286642
-0.0284979
-0.0280572
-0.0273524
-0.0263937
-0.025191
-0.0237545
-0.0220938
-0.0202187
-0.018139
-0.0158643
-0.0134044
-0.0107692
-0.0079685
-0.00501257
-0.00191177
0.00132326
0.00468151
0.00815163
0.0117218
0.0153798
0.0191128
0.0229077
0.0267504
0.0306266
0.0345212
0.0384186
0.0423026
0.0461564
0.0499624
0.0537029
0.0573594
0.060913
0.0643445
0.0676343
0.0707626
0.0737097
0.0764555
0.0789804
0.0812648
0.0832898
0.0850365
0.0864873
0.0876251
0.0884338
0.0888985
0.0890056
0.0887429
0.0880998
0.0870674
0.0856383
0.0838072
0.0815705
0.0789265
0.0758755
0.0724196
0.0685627
0.0643079
0.0596597
0.0546629
0.0493575
0.0432469
0.0359181
0.0191846
0.0117113
0.00556397
0.000309459
-0.00457794
-0.00907144
-0.0131394
-0.0167912
-0.0200381
-0.0228892
-0.0253544
-0.0274442
-0.0291697
-0.0305422
-0.0315732
-0.0322743
-0.0326568
-0.0327324
-0.0325123
-0.0320078
-0.0312298
-0.0301891
-0.0288965
-0.0273622
-0.0255968
-0.0236102
-0.0214126
-0.0190141
-0.0164246
-0.0136542
-0.0107131
-0.00761153
-0.00436007
-0.00096948
0.00254915
0.00618436
0.00992427
0.0137565
0.0176683
0.0216461
0.025676
0.0297434
0.0338329
0.0379287
0.0420142
0.0460722
0.0500849
0.0540336
0.0578995
0.0616629
0.0653038
0.0688017
0.0721359
0.0752854
0.0782293
0.0809465
0.0834163
0.085618
0.0875319
0.0891384
0.090419
0.0913562
0.0919336
0.0921361
0.0919501
0.0913637
0.0903665
0.0889503
0.0871087
0.0848372
0.0821335
0.0789973
0.0754306
0.0714373
0.0670201
0.0621841
0.0569761
0.0514383
0.0450508
0.0373817
0.0161271
0.00836915
0.00199302
-0.00345074
-0.00850823
-0.0131517
-0.0173484
-0.0211084
-0.0244436
-0.0273638
-0.0298799
-0.0320031
-0.0337455
-0.0351194
-0.036137
-0.0368109
-0.0371535
-0.0371771
-0.0368938
-0.0363157
-0.0354545
-0.0343216
-0.0329283
-0.0312857
-0.0294044
-0.0272952
-0.0249684
-0.0224345
-0.0197037
-0.0167864
-0.0136928
-0.0104334
-0.00701899
-0.00346031
0.000231435
0.0040447
0.00796754
0.0119875
0.0160918
0.0202667
0.0244981
0.0287714
0.0330709
0.0373806
0.0416835
0.0459621
0.0501979
0.054372
0.0584648
0.0624558
0.0663243
0.0700489
0.0736077
0.0769789
0.08014
0.0830688
0.0857432
0.0881411
0.090241
0.092022
0.0934638
0.0945474
0.0952546
0.0955688
0.0954748
0.0949592
0.0940104
0.0926187
0.0907767
0.088479
0.0857225
0.0825064
0.0788322
0.0747037
0.0701237
0.0650973
0.0596737
0.053897
0.0472233
0.0392012
0.0126189
0.00457046
-0.00203838
-0.00767375
-0.0129025
-0.017696
-0.0220204
-0.0258864
-0.0293067
-0.032292
-0.0348538
-0.0370045
-0.038757
-0.0401247
-0.0411207
-0.0417587
-0.042052
-0.0420139
-0.0416573
-0.0409951
-0.0400399
-0.0388037
-0.0372986
-0.035536
-0.0335274
-0.0312837
-0.0288159
-0.0261346
-0.0232504
-0.0201739
-0.0169155
-0.013486
-0.00989594
-0.00615642
-0.00227864
0.00172582
0.00584495
0.0100663
0.0143769
0.018763
0.0232106
0.0277047
0.0322295
0.0367688
0.0413053
0.045821
0.0502971
0.0547141
0.0590517
0.0632889
0.0674039
0.0713744
0.0751776
0.0787903
0.082189
0.0853499
0.0882494
0.0908639
0.0931703
0.095146
0.0967689
0.0980181
0.0988738
0.0993175
0.0993324
0.0989034
0.0980174
0.0966633
0.0948324
0.0925182
0.0897168
0.0864267
0.082649
0.0783872
0.073644
0.0684247
0.0627808
0.0567585
0.0497886
0.0413995
0.00863794
0.000292504
-0.00655347
-0.0123831
-0.0177845
-0.0227281
-0.027179
-0.0311486
-0.0346505
-0.0376961
-0.0402979
-0.0424694
-0.0442246
-0.0455777
-0.0465432
-0.0471357
-0.0473695
-0.047259
-0.046818
-0.0460604
-0.0449995
-0.0436482
-0.0420191
-0.0401245
-0.0379761
-0.0355857
-0.0329644
-0.0301232
-0.0270731
-0.0238248
-0.020389
-0.0167765
-0.012998
-0.00906472
-0.00498779
-0.000778865
0.00355005
0.00798649
0.0125174
0.0171292
0.0218076
0.0265375
0.0313031
0.0360879
0.0408744
0.0456441
0.050378
0.0550559
0.0596569
0.0641592
0.0685403
0.0727769
0.076845
0.0807203
0.0843778
0.0877924
0.0909388
0.0937919
0.0963267
0.0985186
0.100344
0.10178
0.102804
0.103397
0.103539
0.103214
0.102407
0.101105
0.0992983
0.0969787
0.0941414
0.0907842
0.0869076
0.082515
0.0776086
0.072194
0.0663249
0.0600499
0.0527733
0.0440022
0.00416096
-0.00448878
-0.0115768
-0.0176035
-0.0231791
-0.028273
-0.0328491
-0.0369196
-0.040499
-0.0435997
-0.0462352
-0.0484201
-0.0501695
-0.0514989
-0.0524239
-0.0529602
-0.0531234
-0.0529288
-0.0523915
-0.0515261
-0.0503469
-0.0488677
-0.0471018
-0.0450622
-0.0427611
-0.0402109
-0.037423
-0.034409
-0.0311799
-0.0277468
-0.0241206
-0.020312
-0.016332
-0.0121917
-0.00790235
-0.00347552
0.0010768
0.00574216
0.0105076
0.0153594
0.0202833
0.0252643
0.0302863
0.0353327
0.0403858
0.0454268
0.0504362
0.0553934
0.0602768
0.0650639
0.0697313
0.0742548
0.0786093
0.0827691
0.0867079
0.090399
0.0938155
0.0969305
0.099717
0.102149
0.1042
0.105845
0.10706
0.107823
0.108113
0.107912
0.107201
0.105967
0.104199
0.101886
0.0990231
0.0956068
0.0916369
0.0871164
0.0820473
0.076435
0.0703359
0.0638007
0.056206
0.0470369
-0.000836813
-0.00979889
-0.0171343
-0.0233614
-0.0291129
-0.034357
-0.0390568
-0.0432252
-0.0468776
-0.0500276
-0.0526897
-0.0548797
-0.0566141
-0.0579095
-0.0587829
-0.0592513
-0.0593316
-0.0590402
-0.0583934
-0.0574068
-0.0560958
-0.0544749
-0.0525584
-0.0503599
-0.0478924
-0.0451685
-0.0422004
-0.0389999
-0.0355784
-0.031947
-0.0281169
-0.0240989
-0.019904
-0.0155433
-0.0110281
-0.00636979
-0.00158036
0.00332784
0.00834189
0.0134482
0.0186326
0.0238798
0.029174
0.0344983
0.0398348
0.0451645
0.0504675
0.0557227
0.0609079
0.0660001
0.0709748
0.0758068
0.08047
0.0849372
0.0891809
0.0931726
0.0968838
0.100285
0.103349
0.106045
0.108346
0.110225
0.111656
0.112613
0.113073
0.113015
0.112421
0.111273
0.109559
0.107268
0.104391
0.100925
0.0968679
0.0922233
0.0869924
0.0811804
0.0748463
0.068043
0.0601182
0.050534
-0.00638159
-0.0156649
-0.0232537
-0.0296847
-0.0356138
-0.0410083
-0.04583
-0.0500928
-0.0538133
-0.0570059
-0.0596866
-0.0618725
-0.0635814
-0.0648314
-0.065641
-0.0660286
-0.0660124
-0.0656102
-0.0648395
-0.0637172
-0.0622595
-0.0604822
-0.0584003
-0.0560281
-0.0533795
-0.0504674
-0.0473047
-0.0439034
-0.0402753
-0.0364317
-0.0323839
-0.0281428
-0.0237194
-0.0191248
-0.01437
-0.00946661
-0.00442629
0.000738713
0.0060156
0.011391
0.0168506
0.0223794
0.0279615
0.03358
0.0392168
0.0448528
0.0504677
0.0560401
0.0615471
0.066965
0.0722685
0.0774315
0.0824265
0.0872252
0.0917984
0.0961161
0.100148
0.103863
0.107229
0.110217
0.112796
0.114935
0.116607
0.117782
0.118437
0.118547
0.118091
0.11705
0.115408
0.113153
0.110276
0.10677
0.102634
0.0978702
0.0924789
0.0864655
0.0798913
0.0728119
0.0645444
0.0545269
-0.0125012
-0.0221156
-0.0299645
-0.0366033
-0.042712
-0.0482568
-0.0531984
-0.0575517
-0.0613343
-0.0645622
-0.0672525
-0.0694238
-0.0710956
-0.0722876
-0.0730198
-0.0733122
-0.0731846
-0.0726562
-0.0717458
-0.0704718
-0.0688515
-0.0669017
-0.0646383
-0.0620767
-0.0592312
-0.0561156
-0.0527431
-0.0491261
-0.0452767
-0.0412065
-0.0369267
-0.0324485
-0.0277827
-0.0229403
-0.0179323
-0.01277
-0.007465
-0.00202924
0.00352466
0.00918346
0.0149332
0.0207589
0.0266447
0.0325737
0.0385279
0.0444879
0.0504333
0.0563421
0.0621912
0.067956
0.0736105
0.0791274
0.0844784
0.0896336
0.0945622
0.0992326
0.103612
0.107668
0.111367
0.114675
0.11756
0.119988
0.121929
0.123352
0.124228
0.124531
0.124237
0.123324
0.121775
0.119574
0.116711
0.113178
0.108973
0.104095
0.0985451
0.0923288
0.0855097
0.0781457
0.0695221
0.0590518
-0.0192254
-0.0291818
-0.0372981
-0.044149
-0.0504394
-0.0561344
-0.0611935
-0.0656327
-0.069471
-0.0727256
-0.0754153
-0.0775605
-0.0791821
-0.0803018
-0.0809414
-0.0811226
-0.0808669
-0.0801953
-0.0791281
-0.0776848
-0.0758844
-0.0737447
-0.0712828
-0.0685146
-0.0654556
-0.0621201
-0.0585217
-0.0546734
-0.0505874
-0.0462756
-0.0417493
-0.0370196
-0.0320972
-0.0269931
-0.021718
-0.0162831
-0.0106995
-0.00497906
0.000865941
0.00682257
0.0128771
0.0190148
0.02522
0.0314758
0.0377644
0.0440662
0.0503607
0.0566256
0.0628373
0.0689705
0.0749987
0.0808935
0.0866252
0.0921628
0.0974739
0.102525
0.107281
0.111708
0.115769
0.119428
0.12265
0.125399
0.12764
0.12934
0.130466
0.130991
0.130885
0.130126
0.128692
0.126566
0.123734
0.120188
0.115922
0.110937
0.105232
0.0988123
0.0917435
0.0840863
0.0750924
0.0641486
-0.0265858
-0.0368964
-0.0452882
-0.052356
-0.0588304
-0.0646753
-0.0698492
-0.0743691
-0.0782555
-0.0815273
-0.0842049
-0.0863105
-0.0878672
-0.0888987
-0.0894287
-0.0894809
-0.0890788
-0.0882451
-0.0870019
-0.0853703
-0.0833707
-0.0810222
-0.078343
-0.0753501
-0.0720597
-0.0684868
-0.0646457
-0.0605496
-0.0562111
-0.0516421
-0.0468541
-0.0418581
-0.0366649
-0.0312849
-0.0257289
-0.0200074
-0.0141315
-0.0081126
-0.00196252
0.00430612
0.01068
0.0171446
0.0236847
0.0302836
0.0369234
0.0435849
0.0502471
0.0568877
0.0634828
0.0700065
0.0764314
0.0827284
0.0888666
0.0948136
0.100535
0.105996
0.11116
0.115989
0.120444
0.124488
0.12808
0.131182
0.133757
0.135767
0.137177
0.137953
0.138066
0.137487
0.136193
0.134164
0.131383
0.127839
0.123526
0.118442
0.112586
0.105962
0.0986387
0.0906794
0.0813004
0.069861
-0.0346163
-0.0452948
-0.0539713
-0.0612612
-0.0679219
-0.0739164
-0.0792017
-0.0837962
-0.0877222
-0.091
-0.0936524
-0.0957035
-0.0971787
-0.0981038
-0.0985051
-0.0984085
-0.0978394
-0.0968227
-0.0953824
-0.0935415
-0.0913218
-0.0887439
-0.0858272
-0.08259
-0.079049
-0.0752203
-0.0711184
-0.0667572
-0.0621494
-0.0573073
-0.0522421
-0.0469648
-0.041486
-0.035816
-0.0299649
-0.0239432
-0.0177614
-0.0114303
-0.00496139
0.00163324
0.00834068
0.015147
0.0220373
0.0289951
0.036003
0.0430415
0.0500901
0.0571262
0.0641255
0.0710619
0.0779071
0.0846313
0.0912023
0.0975865
0.103748
0.10965
0.115253
0.120517
0.125402
0.129864
0.133863
0.137355
0.140299
0.142655
0.144383
0.145446
0.145809
0.145442
0.144316
0.142409
0.139701
0.136178
0.131831
0.126658
0.120656
0.113828
0.106246
0.0979751
0.0881952
0.0762367
-0.0433534
-0.0544151
-0.0633865
-0.0709043
-0.077754
-0.0838973
-0.0892901
-0.0939522
-0.0979077
-0.101179
-0.103791
-0.105771
-0.107145
-0.107944
-0.108195
-0.107927
-0.107168
-0.105945
-0.104285
-0.102211
-0.0997484
-0.0969186
-0.0937426
-0.0902396
-0.0864276
-0.0823231
-0.0779416
-0.073297
-0.0684026
-0.0632705
-0.0579121
-0.0523382
-0.046559
-0.0405845
-0.0344246
-0.0280889
-0.0215876
-0.014931
-0.00812976
-0.0011955
0.00585948
0.0130219
0.0202772
0.0276095
0.0350017
0.0424348
0.0498882
0.0573394
0.0647639
0.0721352
0.0794246
0.0866013
0.0936323
0.100482
0.107114
0.113489
0.119565
0.1253
0.130649
0.135568
0.140012
0.143933
0.147286
0.150027
0.152111
0.153498
0.154148
0.154027
0.153101
0.151344
0.148733
0.145252
0.140888
0.135638
0.129496
0.122465
0.11462
0.106028
0.095831
0.083328
-0.0528362
-0.0642984
-0.0735763
-0.0813285
-0.08837
-0.0946611
-0.100157
-0.104878
-0.108852
-0.112102
-0.114656
-0.116545
-0.117797
-0.118446
-0.118523
-0.118059
-0.117084
-0.115629
-0.113722
-0.111391
-0.10866
-0.105553
-0.102094
-0.0983026
-0.0941974
-0.0897962
-0.0851148
-0.0801677
-0.0749684
-0.0695291
-0.0638609
-0.0579746
-0.05188
-0.0455867
-0.0391039
-0.0324409
-0.0256069
-0.0186115
-0.0114649
-0.00417784
0.00323816
0.0107704
0.0184052
0.0261272
0.0339198
0.0417643
0.0496406
0.0575262
0.0653967
0.0732253
0.0809829
0.088638
0.0961565
0.103502
0.110636
0.117516
0.1241
0.130342
0.136196
0.141612
0.146541
0.150933
0.154738
0.157906
0.160389
0.162142
0.163119
0.16328
0.162589
0.161015
0.15853
0.155114
0.150752
0.145438
0.139165
0.131933
0.123821
0.1149
0.104267
0.0911924
-0.0631072
-0.0749897
-0.0845869
-0.0925807
-0.099817
-0.106255
-0.111847
-0.116618
-0.120596
-0.123808
-0.126286
-0.12806
-0.129167
-0.12964
-0.129514
-0.128825
-0.127606
-0.12589
-0.123708
-0.12109
-0.118063
-0.114654
-0.110886
-0.10678
-0.102358
-0.0976378
-0.0926351
-0.0873654
-0.0818421
-0.0760775
-0.0700827
-0.063868
-0.0574428
-0.0508163
-0.0439968
-0.0369931
-0.0298134
-0.0224667
-0.0149622
-0.00730958
0.000480317
0.00839577
0.0164238
0.02455
0.0327582
0.0410307
0.0493475
0.0576866
0.0660236
0.0743317
0.0825816
0.090741
0.098775
0.106646
0.114314
0.121735
0.128864
0.135652
0.14205
0.148005
0.153464
0.158373
0.162675
0.166318
0.169246
0.171409
0.172757
0.173244
0.172828
0.171472
0.169145
0.165821
0.161484
0.156122
0.149727
0.142298
0.133916
0.124655
0.113568
0.0998929
-0.0742128
-0.0865378
-0.0964691
-0.104713
-0.112147
-0.118729
-0.124412
-0.129221
-0.133187
-0.136342
-0.138719
-0.140354
-0.141286
-0.141553
-0.141195
-0.140249
-0.138753
-0.136744
-0.134255
-0.131319
-0.127966
-0.124223
-0.120118
-0.115672
-0.110907
-0.105843
-0.100497
-0.0948832
-0.089016
-0.0829075
-0.0765687
-0.0700093
-0.0632384
-0.0562641
-0.0490945
-0.041737
-0.0341992
-0.026489
-0.0186145
-0.0105844
-0.00240841
0.00590272
0.0143371
0.0228811
0.0315197
0.0402358
0.0490101
0.0578211
0.0666448
0.0754545
0.0842205
0.0929103
0.101488
0.109916
0.118151
0.126148
0.13386
0.141236
0.148221
0.154761
0.160797
0.16627
0.17112
0.175287
0.178712
0.181336
0.183104
0.183963
0.183866
0.182769
0.180636
0.177436
0.173149
0.167758
0.161254
0.153633
0.144978
0.135367
0.123806
0.109499
-0.0862032
-0.0989964
-0.109278
-0.11778
-0.125415
-0.13214
-0.137905
-0.142738
-0.146675
-0.149749
-0.151999
-0.153465
-0.15419
-0.154218
-0.15359
-0.152352
-0.150543
-0.148204
-0.145372
-0.142083
-0.13837
-0.134263
-0.129789
-0.124973
-0.119839
-0.114406
-0.108691
-0.102711
-0.0964792
-0.0900076
-0.0833069
-0.0763864
-0.0692543
-0.0619182
-0.054385
-0.0466612
-0.0387534
-0.0306681
-0.0224123
-0.0139935
-0.00542017
0.00329826
0.012151
0.0211258
0.0302085
0.039383
0.0486311
0.0579318
0.0672617
0.0765943
0.0859001
0.0951463
0.104297
0.113312
0.122148
0.130759
0.139094
0.147099
0.154717
0.161889
0.168553
0.174643
0.180095
0.184842
0.188818
0.191958
0.1942
0.195484
0.195756
0.194964
0.193067
0.190028
0.185819
0.180423
0.173824
0.166017
0.157088
0.147116
0.13506
0.120086
-0.0991339
-0.112425
-0.123076
-0.131847
-0.139686
-0.146549
-0.152386
-0.157228
-0.161113
-0.16408
-0.166172
-0.167434
-0.167915
-0.167664
-0.166728
-0.165155
-0.162992
-0.160283
-0.157068
-0.153388
-0.149277
-0.144769
-0.139894
-0.134677
-0.129143
-0.123313
-0.117205
-0.110835
-0.104217
-0.0973625
-0.0902818
-0.0829835
-0.0754751
-0.0677631
-0.0598534
-0.0517513
-0.043462
-0.0349909
-0.0263434
-0.0175257
-0.00854467
0.00059161
0.00987382
0.019291
0.0288305
0.0384773
0.0482142
0.0580214
0.0678761
0.0777525
0.0876213
0.0974497
0.107201
0.116835
0.126308
0.135569
0.144568
0.153247
0.161547
0.169402
0.176746
0.18351
0.189622
0.195008
0.199597
0.203314
0.206091
0.207859
0.208555
0.208121
0.206506
0.203668
0.199573
0.194198
0.187522
0.179538
0.170333
0.159991
0.147417
0.13174
-0.113066
-0.126888
-0.137931
-0.146981
-0.155028
-0.162025
-0.167921
-0.172752
-0.17656
-0.179388
-0.181286
-0.182305
-0.182499
-0.181924
-0.180633
-0.17868
-0.176116
-0.17299
-0.169349
-0.165234
-0.160685
-0.155738
-0.150424
-0.144772
-0.138807
-0.13255
-0.126022
-0.119238
-0.112211
-0.104953
-0.0974737
-0.0897809
-0.0818811
-0.0737796
-0.0654809
-0.0569891
-0.048308
-0.0394412
-0.0303926
-0.0211668
-0.011769
-0.00220558
0.00751582
0.0173859
0.0273934
0.037525
0.0477647
0.0580941
0.0684913
0.0789313
0.0893855
0.0998213
0.110202
0.120487
0.13063
0.140581
0.150287
0.159686
0.168716
0.177308
0.185391
0.192889
0.199724
0.205815
0.211083
0.215446
0.218824
0.221141
0.222324
0.222307
0.221029
0.21844
0.214498
0.209174
0.202443
0.194293
0.184814
0.17409
0.160974
0.144552
-0.128068
-0.14246
-0.153919
-0.163261
-0.171518
-0.178643
-0.184584
-0.18938
-0.19308
-0.195733
-0.197394
-0.198124
-0.197981
-0.19703
-0.195331
-0.192945
-0.189928
-0.186335
-0.182216
-0.17762
-0.172588
-0.167158
-0.161366
-0.155242
-0.148812
-0.142098
-0.135121
-0.127896
-0.120437
-0.112755
-0.104859
-0.0967549
-0.0884488
-0.0799446
-0.0712452
-0.0623533
-0.0532707
-0.0439994
-0.0345416
-0.0248999
-0.0150776
-0.00507909
0.00508975
0.0154216
0.0259069
0.0365343
0.0472894
0.0581551
0.0691111
0.0801335
0.0911946
0.102262
0.1133
0.124267
0.135116
0.145796
0.156252
0.166419
0.176232
0.185619
0.1945
0.202797
0.210423
0.217291
0.223311
0.228393
0.232447
0.235387
0.237129
0.237595
0.236716
0.234431
0.230689
0.225453
0.218693
0.21039
0.200638
0.189524
0.175838
0.158626
-0.144215
-0.159222
-0.171125
-0.180773
-0.189244
-0.196488
-0.202455
-0.207189
-0.210744
-0.213178
-0.214553
-0.214938
-0.214402
-0.213016
-0.210849
-0.207969
-0.204439
-0.200321
-0.195671
-0.19054
-0.184974
-0.179016
-0.172703
-0.166067
-0.159135
-0.151931
-0.144475
-0.136783
-0.128868
-0.120741
-0.112408
-0.103877
-0.0951503
-0.0862308
-0.0771199
-0.0678182
-0.0583258
-0.0486426
-0.0387688
-0.0287048
-0.0184518
-0.00801204
0.00261081
0.0134115
0.0243828
0.0355152
0.0467964
0.0582111
0.0697407
0.0813628
0.0930508
0.104774
0.116495
0.128175
0.139766
0.151215
0.162465
0.17345
0.184101
0.194341
0.204087
0.213251
0.221743
0.229464
0.236317
0.2422
0.247014
0.250658
0.253039
0.254065
0.253655
0.251737
0.248249
0.243146
0.236387
0.22795
0.217929
0.206413
0.192129
0.174076
-0.161592
-0.177267
-0.189647
-0.199615
-0.208302
-0.215655
-0.221625
-0.226262
-0.229629
-0.231791
-0.232823
-0.2328
-0.231804
-0.229915
-0.22721
-0.223768
-0.219659
-0.214951
-0.209706
-0.203982
-0.197829
-0.191292
-0.184411
-0.177219
-0.169747
-0.162018
-0.154052
-0.145865
-0.13747
-0.128876
-0.120089
-0.111114
-0.101953
-0.0926065
-0.0830741
-0.0733544
-0.0634451
-0.0533441
-0.0430491
-0.0325582
-0.0218701
-0.0109848
9.66674e-05
0.0113715
0.0228348
0.0344794
0.0462954
0.0582698
0.0703859
0.0826232
0.0949568
0.107357
0.119789
0.132211
0.144578
0.156836
0.168926
0.18078
0.192325
0.203481
0.21416
0.224267
0.233703
0.242362
0.250136
0.256912
0.262577
0.267019
0.270129
0.271802
0.271943
0.270465
0.267295
0.262374
0.255655
0.247106
0.236821
0.224893
0.209979
0.191031
-0.180298
-0.1967
-0.209594
-0.2199
-0.228803
-0.236251
-0.242196
-0.246695
-0.24982
-0.25165
-0.252268
-0.251764
-0.25023
-0.247758
-0.244437
-0.240354
-0.23559
-0.23022
-0.224313
-0.217931
-0.21113
-0.203958
-0.196459
-0.188667
-0.180613
-0.172322
-0.163813
-0.155103
-0.146203
-0.137121
-0.127861
-0.118427
-0.108819
-0.0990353
-0.0890729
-0.0789283
-0.0685968
-0.0580737
-0.0473541
-0.0364336
-0.0253082
-0.013975
-0.0024325
0.00931934
0.0212784
0.0334403
0.0457977
0.0583401
0.0710535
0.0839195
0.0969153
0.110013
0.123179
0.136374
0.149551
0.162658
0.175633
0.188408
0.200907
0.213044
0.224728
0.235857
0.246323
0.256012
0.264803
0.272572
0.279192
0.284536
0.288478
0.290898
0.291683
0.29073
0.287952
0.283276
0.276641
0.268007
0.257469
0.245119
0.22954
0.209632
-0.200441
-0.217642
-0.231093
-0.241754
-0.250873
-0.258398
-0.264281
-0.268591
-0.271412
-0.272835
-0.272958
-0.271886
-0.269724
-0.266578
-0.26255
-0.257738
-0.252234
-0.24612
-0.239473
-0.232363
-0.224848
-0.216983
-0.20881
-0.200369
-0.19169
-0.182799
-0.173715
-0.164453
-0.155023
-0.145431
-0.135681
-0.125774
-0.115707
-0.105476
-0.0950768
-0.0845021
-0.0737448
-0.0627973
-0.051652
-0.0403014
-0.0287386
-0.0169578
-0.00495415
0.0072752
0.0197313
0.0324128
0.0453155
0.0584318
0.0717506
0.0852564
0.0989289
0.112743
0.126666
0.14066
0.154681
0.168676
0.182582
0.196331
0.209844
0.223032
0.235797
0.248032
0.25962
0.270438
0.280353
0.289226
0.296916
0.303278
0.30817
0.31145
0.312988
0.31266
0.310361
0.306002
0.299506
0.290823
0.280044
0.267262
0.25098
0.230042
-0.222149
-0.240231
-0.254288
-0.265324
-0.274656
-0.282232
-0.28801
-0.292069
-0.294509
-0.295437
-0.294968
-0.293225
-0.29033
-0.286405
-0.281566
-0.275924
-0.269582
-0.262634
-0.255164
-0.247246
-0.238947
-0.230323
-0.22142
-0.212278
-0.202929
-0.193398
-0.183704
-0.173861
-0.163876
-0.153755
-0.143498
-0.133104
-0.122568
-0.111883
-0.101042
-0.0900339
-0.0788495
-0.0674777
-0.0559077
-0.044129
-0.0321313
-0.0199055
-0.00744352
0.00526104
0.0182126
0.0314133
0.0448622
0.0585554
0.0724851
0.0866389
0.101
0.115545
0.130246
0.145066
0.159962
0.174882
0.189766
0.204543
0.219131
0.23344
0.247367
0.260798
0.273608
0.285663
0.296817
0.306918
0.315807
0.32332
0.329293
0.333565
0.33598
0.336394
0.334678
0.330722
0.324432
0.315742
0.304739
0.291518
0.274489
0.252441
-0.245568
-0.264628
-0.279347
-0.290779
-0.300317
-0.307913
-0.313529
-0.31726
-0.319226
-0.319552
-0.318377
-0.315842
-0.312092
-0.307265
-0.301495
-0.29491
-0.287622
-0.279738
-0.271351
-0.262541
-0.25338
-0.243927
-0.234232
-0.224336
-0.21427
-0.204059
-0.193721
-0.183267
-0.172705
-0.162035
-0.151256
-0.140364
-0.129351
-0.118207
-0.10692
-0.095478
-0.0838674
-0.0720739
-0.0600831
-0.0478809
-0.0354537
-0.0227886
-0.00987393
0.00330048
0.0167428
0.030459
0.0444521
0.0587219
0.0732645
0.0880714
0.103129
0.118419
0.133915
0.149584
0.165385
0.181268
0.197173
0.213031
0.228759
0.244262
0.259435
0.274156
0.288295
0.301703
0.314225
0.32569
0.335921
0.344734
0.351941
0.357355
0.360794
0.362085
0.361074
0.357625
0.351622
0.342979
0.331778
0.318109
0.300287
0.277035
-0.270868
-0.291021
-0.306467
-0.318315
-0.328047
-0.33562
-0.341003
-0.344312
-0.34569
-0.345288
-0.343268
-0.3398
-0.33505
-0.329181
-0.322345
-0.314685
-0.306331
-0.297399
-0.287991
-0.278196
-0.26809
-0.257735
-0.247184
-0.236477
-0.225646
-0.214714
-0.203698
-0.192606
-0.181443
-0.170207
-0.158893
-0.147494
-0.135997
-0.124391
-0.112658
-0.100785
-0.0887519
-0.0765421
-0.0641373
-0.0515195
-0.0386712
-0.0255756
-0.0122172
0.0014184
0.0153434
0.029568
0.0440994
0.058942
0.074096
0.0895575
0.105317
0.121361
0.137666
0.154204
0.170937
0.187818
0.204788
0.22178
0.23871
0.255484
0.271989
0.288103
0.303682
0.318571
0.332599
0.345579
0.357314
0.367596
0.376209
0.382939
0.387571
0.389901
0.389741
0.386925
0.381307
0.372779
0.361411
0.347291
0.328622
0.304059
-0.29825
-0.319629
-0.335876
-0.348161
-0.358069
-0.365562
-0.370623
-0.373392
-0.374042
-0.372757
-0.36973
-0.365161
-0.359245
-0.35217
-0.344111
-0.33523
-0.325673
-0.315568
-0.305028
-0.294147
-0.283007
-0.271673
-0.260198
-0.248623
-0.236979
-0.225286
-0.213559
-0.201802
-0.190018
-0.1782
-0.166341
-0.154428
-0.142445
-0.130376
-0.118202
-0.105901
-0.0934533
-0.080836
-0.0680273
-0.0550049
-0.0417474
-0.0282337
-0.014444
-0.000359588
0.0140363
0.0287583
0.0438185
0.059226
0.0749859
0.0910994
0.107562
0.124365
0.14149
0.158913
0.176602
0.194512
0.212589
0.230767
0.248964
0.267083
0.285012
0.302622
0.319764
0.336271
0.351957
0.366619
0.380037
0.391978
0.402196
0.410443
0.416467
0.420025
0.420891
0.418859
0.413749
0.40542
0.39393
0.379356
0.359781
0.333783
-0.327949
-0.350713
-0.367846
-0.380588
-0.390642
-0.397981
-0.402604
-0.404686
-0.404438
-0.402083
-0.397853
-0.391985
-0.384707
-0.376238
-0.366779
-0.356512
-0.345601
-0.334186
-0.322391
-0.310317
-0.298049
-0.285655
-0.273187
-0.260686
-0.24818
-0.235688
-0.223218
-0.210773
-0.19835
-0.185939
-0.173527
-0.161097
-0.148629
-0.136101
-0.123491
-0.110772
-0.0979198
-0.0849074
-0.0717084
-0.0582964
-0.0446452
-0.0307295
-0.0165248
-0.00200777
0.0128431
0.0280476
0.0436227
0.0595829
0.0759388
0.092697
0.109859
0.127421
0.145372
0.163694
0.182357
0.201325
0.220548
0.239961
0.259486
0.279029
0.298475
0.317691
0.336523
0.354794
0.372304
0.388832
0.404135
0.417951
0.430001
0.439997
0.447646
0.452658
0.454759
0.453697
0.449244
0.441223
0.429668
0.414646
0.394097
0.366519
-0.360248
-0.384584
-0.402701
-0.415916
-0.426071
-0.433155
-0.437194
-0.438406
-0.43705
-0.433397
-0.42773
-0.420329
-0.411462
-0.401382
-0.39032
-0.378482
-0.366048
-0.353175
-0.339993
-0.326612
-0.313117
-0.299579
-0.286049
-0.272565
-0.259151
-0.245822
-0.232582
-0.219429
-0.206353
-0.19334
-0.180372
-0.167426
-0.154478
-0.1415
-0.128464
-0.11534
-0.102098
-0.0887068
-0.0751353
-0.0613523
-0.0473271
-0.0330295
-0.0184302
-0.00350107
0.0117847
0.0274521
0.0435238
0.0600197
0.0769567
0.0943475
0.1122
0.130518
0.149295
0.168521
0.188175
0.208224
0.228626
0.249321
0.270236
0.291278
0.312335
0.333271
0.353928
0.37412
0.393634
0.412231
0.429644
0.445578
0.45972
0.471736
0.481284
0.488019
0.491608
0.491742
0.488134
0.480557
0.469016
0.453556
0.431959
0.402631
-0.395484
-0.421616
-0.440827
-0.454524
-0.464715
-0.471412
-0.474677
-0.474787
-0.472063
-0.466838
-0.459453
-0.450241
-0.439519
-0.42758
-0.414687
-0.40107
-0.38693
-0.372436
-0.357727
-0.342917
-0.328096
-0.31333
-0.298668
-0.284146
-0.269781
-0.255583
-0.241549
-0.227672
-0.213935
-0.200317
-0.186795
-0.173339
-0.159919
-0.146503
-0.133057
-0.119546
-0.105933
-0.0921843
-0.0782624
-0.0641316
-0.0497563
-0.0351013
-0.0201324
-0.00481595
0.01088
0.0269861
0.0435309
0.0605406
0.0780385
0.0960443
0.114573
0.133635
0.153234
0.173366
0.194018
0.215167
0.236777
0.258796
0.281157
0.303774
0.326535
0.349308
0.37193
0.39421
0.415923
0.436812
0.456583
0.474913
0.491444
0.505795
0.517565
0.526344
0.531729
0.533336
0.530809
0.523852
0.512429
0.496555
0.473826
0.442545
-0.434066
-0.462262
-0.482692
-0.49687
-0.506999
-0.513131
-0.51538
-0.514096
-0.509681
-0.502547
-0.493106
-0.481758
-0.468874
-0.45479
-0.439807
-0.424182
-0.408134
-0.391845
-0.375462
-0.359101
-0.342849
-0.326772
-0.310914
-0.295302
-0.279948
-0.264853
-0.250009
-0.235398
-0.220996
-0.206777
-0.192708
-0.178754
-0.164879
-0.151043
-0.137207
-0.123331
-0.109372
-0.095291
-0.0810455
-0.0665946
-0.0518977
-0.0369145
-0.0216053
-0.00593133
0.0101452
0.0266607
0.0436501
0.0611461
0.079179
0.0977759
0.11696
0.13675
0.157158
0.17819
0.199843
0.222102
0.244942
0.268321
0.29218
0.316442
0.341001
0.365728
0.390461
0.415004
0.439124
0.462547
0.484956
0.505992
0.525254
0.542305
0.556679
0.567887
0.575441
0.578868
0.577717
0.571607
0.560443
0.544196
0.520242
0.486766
-0.476492
-0.507075
-0.528865
-0.543502
-0.553431
-0.55876
-0.559674
-0.556626
-0.55012
-0.540667
-0.528767
-0.514897
-0.499492
-0.48294
-0.465579
-0.447693
-0.429521
-0.411253
-0.393042
-0.375004
-0.357222
-0.339755
-0.322639
-0.305893
-0.289519
-0.273508
-0.257843
-0.242496
-0.227435
-0.212625
-0.198024
-0.183591
-0.169282
-0.15505
-0.140851
-0.126638
-0.112363
-0.0979799
-0.0834425
-0.0687043
-0.0537192
-0.0384416
-0.0228266
-0.00682971
0.00959262
0.026483
0.0438828
0.0618317
0.0803675
0.0995253
0.119337
0.13983
0.161028
0.182946
0.205592
0.228964
0.253048
0.277815
0.303218
0.329188
0.355634
0.382431
0.409422
0.436412
0.463161
0.489382
0.514735
0.538827
0.561211
0.581388
0.598816
0.612917
0.623099
0.628775
0.629377
0.62441
0.613696
0.597143
0.571861
0.535899
-0.523379
-0.556737
-0.580044
-0.595089
-0.604617
-0.60882
-0.607987
-0.602703
-0.593607
-0.581333
-0.56649
-0.549646
-0.531309
-0.511921
-0.491861
-0.471441
-0.450913
-0.430476
-0.410282
-0.390443
-0.371035
-0.352105
-0.33368
-0.315764
-0.298349
-0.281413
-0.264926
-0.248851
-0.233145
-0.217762
-0.202653
-0.187767
-0.173053
-0.158457
-0.143928
-0.129411
-0.114855
-0.100207
-0.085415
-0.0704272
-0.0551924
-0.0396595
-0.0237782
-0.00749821
0.00922985
0.0264549
0.0442251
0.0625873
0.0815872
0.101269
0.121672
0.142837
0.164795
0.187575
0.211198
0.235675
0.261007
0.28718
0.314161
0.341898
0.370311
0.39929
0.428687
0.458311
0.487922
0.517223
0.545857
0.573397
0.599348
0.623147
0.644164
0.661717
0.675088
0.683552
0.686388
0.682952
0.67295
0.656194
0.629474
0.590675
-0.575494
-0.612101
-0.637093
-0.652446
-0.661285
-0.663925
-0.660802
-0.65268
-0.640371
-0.624664
-0.6063
-0.585952
-0.56421
-0.541576
-0.518466
-0.495217
-0.472092
-0.449292
-0.426963
-0.405206
-0.384085
-0.363632
-0.343857
-0.324749
-0.306284
-0.288425
-0.271129
-0.254344
-0.238018
-0.222091
-0.206506
-0.191203
-0.17612
-0.161199
-0.146379
-0.1316
-0.116804
-0.101933
-0.0869293
-0.0717352
-0.0562944
-0.0405505
-0.0244476
-0.00792976
0.0090584
0.0265722
0.0446666
0.063396
0.0828143
0.102974
0.123926
0.14572
0.168401
0.192009
0.216582
0.242144
0.268715
0.296298
0.32488
0.354427
0.384879
0.416143
0.448088
0.480534
0.513248
0.545931
0.578211
0.609634
0.639658
0.667651
0.692889
0.714569
0.731823
0.743752
0.749442
0.748051
0.739122
0.722327
0.694052
0.651989
-0.633804
-0.674237
-0.701092
-0.71658
-0.724313
-0.724793
-0.718665
-0.706933
-0.690633
-0.670747
-0.648172
-0.623704
-0.598021
-0.571684
-0.545146
-0.51876
-0.492792
-0.467438
-0.44283
-0.419051
-0.396145
-0.374123
-0.352974
-0.332668
-0.31316
-0.294396
-0.276317
-0.258855
-0.241945
-0.225516
-0.209497
-0.193821
-0.178416
-0.163216
-0.148152
-0.133159
-0.118171
-0.103126
-0.0879581
-0.0726066
-0.0570089
-0.0411036
-0.0248291
-0.00812417
0.00907278
0.0268234
0.0451895
0.0642332
0.0840166
0.104602
0.12605
0.148422
0.171776
0.196167
0.221648
0.248263
0.276048
0.305031
0.335219
0.366604
0.39915
0.43279
0.467414
0.502866
0.538927
0.575304
0.611622
0.647407
0.682074
0.714922
0.745128
0.771749
0.793742
0.809993
0.819342
0.820682
0.813327
0.796743
0.766801
0.720947
-0.699542
-0.744516
-0.773406
-0.788734
-0.794758
-0.792259
-0.78218
-0.765847
-0.744585
-0.719612
-0.692012
-0.662713
-0.632487
-0.601949
-0.571581
-0.541742
-0.51269
-0.484602
-0.457588
-0.431702
-0.40696
-0.383347
-0.360823
-0.339332
-0.318808
-0.299175
-0.280355
-0.262264
-0.244821
-0.227941
-0.211544
-0.195549
-0.179878
-0.164454
-0.149202
-0.134049
-0.118924
-0.103758
-0.0884817
-0.0730271
-0.0573272
-0.0413155
-0.0249251
-0.00808915
0.00925955
0.027189
0.0457678
0.0650658
0.0851534
0.106102
0.127984
0.150872
0.174838
0.199953
0.226287
0.253904
0.282863
0.313214
0.344995
0.378224
0.412899
0.448983
0.486403
0.52503
0.564675
0.605065
0.645835
0.6865
0.726446
0.764907
0.800957
0.833501
0.861293
0.882955
0.897012
0.902008
0.896931
0.880944
0.849239
0.798943
-0.774309
-0.824707
-0.855777
-0.87046
-0.873898
-0.86729
-0.852004
-0.829797
-0.802361
-0.771204
-0.737619
-0.70268
-0.667246
-0.631977
-0.597365
-0.563761
-0.5314
-0.500422
-0.470901
-0.442853
-0.416254
-0.391054
-0.367179
-0.344543
-0.323053
-0.302609
-0.283109
-0.264454
-0.246544
-0.229281
-0.212572
-0.196325
-0.180452
-0.164868
-0.149491
-0.134241
-0.119041
-0.103815
-0.0884892
-0.0729915
-0.0572496
-0.0411917
-0.0247462
-0.0078411
0.00959654
0.0276407
0.0463666
0.0658515
0.0861744
0.107416
0.12966
0.15299
0.177495
0.20326
0.230375
0.258925
0.288995
0.320662
0.353995
0.389049
0.425858
0.464428
0.50473
0.54668
0.590129
0.634846
0.680489
0.726587
0.77251
0.817444
0.860361
0.900009
0.934908
0.963366
0.98351
0.993417
0.991619
0.976823
0.943305
0.887756
-0.860213
-0.917138
-0.950452
-0.963706
-0.963272
-0.950987
-0.92882
-0.899103
-0.863991
-0.825331
-0.78465
-0.743164
-0.701803
-0.661252
-0.62199
-0.584332
-0.548465
-0.51448
-0.482391
-0.452164
-0.423726
-0.396979
-0.371812
-0.348101
-0.325721
-0.304546
-0.284451
-0.265315
-0.247021
-0.229457
-0.212515
-0.196093
-0.180094
-0.164424
-0.148993
-0.133715
-0.118507
-0.103288
-0.0879798
-0.0725046
-0.0567858
-0.0407474
-0.024313
-0.00740579
0.0100523
0.028141
0.0469418
0.0665392
0.0870201
0.108475
0.130998
0.154686
0.17964
0.205967
0.233772
0.263166
0.29426
0.327163
0.361978
0.398802
0.437715
0.478775
0.522007
0.567389
0.614832
0.664164
0.715098
0.7672
0.819852
0.872215
0.923182
0.971342
1.01496
1.05198
1.08003
1.09657
1.09948
1.0868
1.05152
0.989702
-0.960091
-1.02492
-1.06037
-1.07092
-1.06472
-1.04457
-1.01329
-0.973971
-0.92933
-0.881605
-0.832559
-0.783533
-0.735497
-0.689118
-0.644828
-0.602871
-0.563358
-0.5263
-0.491639
-0.459269
-0.429056
-0.400848
-0.374484
-0.349802
-0.32664
-0.304842
-0.284258
-0.264745
-0.246168
-0.228399
-0.211318
-0.194811
-0.178772
-0.163097
-0.147692
-0.132463
-0.117322
-0.102183
-0.0869635
-0.0715814
-0.0559562
-0.0400078
-0.0236557
-0.00681866
0.010586
0.0286431
0.0474402
0.0670681
0.0876217
0.1092
0.131908
0.155856
0.181159
0.207939
0.236325
0.26645
0.298455
0.332481
0.368673
0.407173
0.448115
0.491617
0.537775
0.586643
0.638217
0.692411
0.749021
0.80769
0.867856
0.928695
0.989054
1.04739
1.10171
1.14953
1.18789
1.21342
1.22313
1.21401
1.17722
1.10786
-1.07785
-1.15228
-1.18941
-1.19519
-1.18042
-1.14935
-1.10599
-1.05439
-0.997963
-0.939351
-0.880531
-0.822917
-0.767459
-0.714751
-0.665119
-0.618695
-0.575473
-0.535355
-0.498187
-0.463776
-0.431912
-0.402379
-0.374962
-0.349451
-0.325649
-0.303365
-0.282423
-0.262658
-0.243917
-0.226056
-0.208942
-0.192451
-0.176467
-0.160879
-0.145586
-0.13049
-0.115496
-0.100516
-0.0854618
-0.0702484
-0.0547918
-0.0390084
-0.0228144
-0.00612469
0.0111474
0.0290913
0.0477997
0.0673694
0.0879023
0.109506
0.132295
0.156391
0.181924
0.209033
0.237868
0.268587
0.301359
0.336362
0.373784
0.413817
0.456656
0.502492
0.551502
0.603836
0.659599
0.718823
0.78143
0.847188
0.915648
0.986065
1.05731
1.12774
1.19516
1.25663
1.30847
1.34629
1.36583
1.36256
1.32491
1.24644
-1.21904
-1.30513
-1.34274
-1.34039
-1.31286
-1.26659
-1.2072
-1.13997
-1.06906
-0.997495
-0.927392
-0.86014
-0.796577
-0.737134
-0.68196
-0.631014
-0.58413
-0.541069
-0.501551
-0.465279
-0.431957
-0.401295
-0.373017
-0.346865
-0.322598
-0.299995
-0.278853
-0.258984
-0.240215
-0.22239
-0.205363
-0.188999
-0.173175
-0.157774
-0.142688
-0.127814
-0.113054
-0.0983156
-0.0835079
-0.0685429
-0.053334
-0.0377949
-0.0218389
-0.00537797
0.0116778
0.0294217
0.0479506
0.0673665
0.0877775
0.109299
0.132053
0.156174
0.181804
0.2091
0.238229
0.269376
0.302739
0.338534
0.376991
0.418359
0.4629
0.510883
0.562582
0.618263
0.678165
0.742473
0.811286
0.884558
0.962029
1.04313
1.12684
1.21157
1.29494
1.37363
1.44312
1.49779
1.53165
1.53789
1.50083
1.41135
-1.39183
-1.49187
-1.52735
-1.51133
-1.46477
-1.39731
-1.31673
-1.22972
-1.14118
-1.05442
-0.971507
-0.893662
-0.821457
-0.755043
-0.694299
-0.63894
-0.588589
-0.542827
-0.501227
-0.463371
-0.428863
-0.397332
-0.36844
-0.341877
-0.317361
-0.294638
-0.273477
-0.253671
-0.23503
-0.217383
-0.200574
-0.184461
-0.168911
-0.153803
-0.139024
-0.124467
-0.110032
-0.0956222
-0.081146
-0.066513
-0.0516344
-0.0364221
-0.0207876
-0.00464067
0.012111
0.0295634
0.0478168
0.0669774
0.0871581
0.10848
0.131075
0.155084
0.180663
0.207983
0.237231
0.268613
0.302358
0.338716
0.377965
0.420408
0.466377
0.516231
0.57035
0.629131
0.692975
0.762261
0.837314
0.918352
1.0054
1.09819
1.19599
1.29738
1.40003
1.50031
1.59293
1.67078
1.72562
1.74731
1.71379
1.61126
-1.60875
-1.72473
-1.75261
-1.71379
-1.63881
-1.5419
-1.43346
-1.32168
-1.21203
-1.10776
-1.01067
-0.921512
-0.840397
-0.767043
-0.700947
-0.6415
-0.588062
-0.54
-0.496716
-0.457656
-0.422319
-0.390252
-0.36105
-0.334352
-0.309838
-0.287223
-0.26625
-0.246695
-0.228352
-0.211039
-0.194591
-0.178858
-0.163703
-0.149001
-0.134634
-0.120493
-0.106477
-0.092488
-0.0784314
-0.0642163
-0.0497532
-0.0349531
-0.0197262
-0.00398151
0.0123749
0.0294406
0.0473182
0.0661165
0.0859524
0.106952
0.129251
0.153001
0.178367
0.205532
0.234699
0.266096
0.299977
0.336628
0.37637
0.419561
0.466604
0.517948
0.574089
0.635571
0.702976
0.776914
0.857996
0.94678
1.0437
1.14896
1.26229
1.38277
1.50838
1.63551
1.75829
1.86802
1.95374
2.00056
1.97659
1.85938
-1.89009
-2.0219
-2.03106
-1.95436
-1.83702
-1.69938
-1.55475
-1.41249
-1.2781
-1.15427
-1.04201
-0.941252
-0.851387
-0.771509
-0.700608
-0.637675
-0.581754
-0.531971
-0.487543
-0.447775
-0.412057
-0.379855
-0.350702
-0.324192
-0.299966
-0.277713
-0.257157
-0.238057
-0.220196
-0.203383
-0.187447
-0.172232
-0.157599
-0.143419
-0.129573
-0.115952
-0.102452
-0.0889756
-0.0754283
-0.061719
-0.0477583
-0.0334571
-0.018726
-0.00347363
0.012394
0.0289751
0.0463731
0.0646983
0.0840693
0.104615
0.126477
0.149809
0.174786
0.2016
0.230467
0.261633
0.295374
0.332005
0.371886
0.415429
0.463102
0.515444
0.573068
0.636668
0.707029
0.785018
0.87158
0.967704
1.07436
1.1924
1.32234
1.46409
1.61647
1.77646
1.93815
2.0916
2.22283
2.31063
2.30813
2.17696
-2.27059
-2.41092
-2.37888
-2.23954
-2.05945
-1.8662
-1.67545
-1.49669
-1.33433
-1.18956
-1.06189
-0.949972
-0.852141
-0.766672
-0.691932
-0.626441
-0.568898
-0.518172
-0.473292
-0.433427
-0.397864
-0.365998
-0.337306
-0.311342
-0.28772
-0.266108
-0.246215
-0.227788
-0.210603
-0.194465
-0.179197
-0.164644
-0.150662
-0.137123
-0.12391
-0.110912
-0.0980261
-0.0851559
-0.0722083
-0.0590933
-0.0457223
-0.0320077
-0.0178611
-0.00319221
0.012092
0.0280889
0.0449014
0.0626396
0.0814225
0.10138
0.122654
0.145404
0.169806
0.196059
0.22439
0.255054
0.288346
0.324605
0.364222
0.407652
0.455423
0.508154
0.566568
0.631507
0.703958
0.785063
0.876136
0.978662
1.09427
1.22468
1.37151
1.53603
1.71859
1.91776
2.12877
2.34152
2.53955
2.69419
2.73692
2.60033
-2.81314
-2.93357
-2.81506
-2.57291
-2.3013
-2.03394
-1.7864
-1.56584
-1.37359
-1.20791
-1.06588
-0.944307
-0.840148
-0.750681
-0.673564
-0.606819
-0.548791
-0.498105
-0.453618
-0.414377
-0.379589
-0.348588
-0.320813
-0.295789
-0.273113
-0.252438
-0.233467
-0.215941
-0.199635
-0.18435
-0.169911
-0.156163
-0.142965
-0.130189
-0.117719
-0.105448
-0.0932744
-0.0811044
-0.068847
-0.0564144
-0.0437205
-0.03068
-0.0172066
-0.0032126
0.011393
0.0267053
0.0428253
0.0598611
0.0779299
0.09716
0.117693
0.139688
0.163321
0.188794
0.216336
0.24621
0.27872
0.31422
0.353121
0.395911
0.443164
0.49556
0.553915
0.619204
0.692596
0.775499
0.869601
0.976918
1.09983
1.2411
1.40378
1.59109
1.8059
2.04982
2.3213
2.61266
2.90749
3.1707
3.30595
3.19488
-3.6321
-3.65031
-3.35765
-2.95029
-2.54885
-2.18662
-1.87296
-1.60795
-1.38662
-1.20242
-1.04899
-0.920707
-0.812915
-0.721805
-0.644319
-0.578005
-0.5209
-0.471426
-0.428308
-0.390508
-0.357179
-0.32762
-0.30125
-0.277582
-0.256207
-0.236776
-0.218993
-0.2026
-0.187375
-0.173124
-0.159676
-0.146878
-0.134593
-0.122699
-0.111083
-0.0996417
-0.0882776
-0.0768999
-0.0654214
-0.053758
-0.0418272
-0.0295468
-0.0168343
-0.0036054
0.0102274
0.0247556
0.0400765
0.0562945
0.0735232
0.091887
0.111524
0.132589
0.155255
0.179722
0.206215
0.234997
0.266374
0.300702
0.338402
0.379976
0.426022
0.477262
0.534573
0.599023
0.671928
0.754916
0.850007
0.959721
1.0872
1.23633
1.41189
1.61959
1.86589
2.15741
2.4991
2.89069
3.32213
3.7584
4.07681
4.07838
-4.93393
-4.64064
-4.01644
-3.35562
-2.77797
-2.30082
-1.9162
-1.60908
-1.36375
-1.16669
-1.0071
-0.876635
-0.768957
-0.679247
-0.603839
-0.539921
-0.48532
-0.438334
-0.39762
-0.362108
-0.330933
-0.303393
-0.278909
-0.257001
-0.23727
-0.219375
-0.20303
-0.187988
-0.174035
-0.160984
-0.148673
-0.136956
-0.125704
-0.1148
-0.104137
-0.0936166
-0.0831479
-0.0726445
-0.0620241
-0.0512072
-0.0401158
-0.0286724
-0.0167991
-0.00441615
0.00855909
0.0222132
0.0366383
0.0519334
0.0682062
0.0855751
0.104172
0.124143
0.145657
0.168902
0.194098
0.221498
0.251398
0.284149
0.320163
0.359938
0.404072
0.453296
0.508507
0.570817
0.641621
0.722683
0.816258
0.925256
1.05347
1.20585
1.38894
1.61129
1.88397
2.22079
2.63782
3.15049
3.76663
4.46679
5.12954
5.46079
-7.17813
-6.00422
-4.75336
-3.73052
-2.93577
-2.3356
-1.88772
-1.55092
-1.29372
-1.09405
-0.936451
-0.810103
-0.707347
-0.622702
-0.552178
-0.49282
-0.442404
-0.399227
-0.361966
-0.329581
-0.30124
-0.276273
-0.254133
-0.234366
-0.216597
-0.200509
-0.185833
-0.172339
-0.159828
-0.148127
-0.137085
-0.126567
-0.116452
-0.106633
-0.0970097
-0.0874917
-0.077994
-0.0684367
-0.0587434
-0.0488403
-0.0386552
-0.0281161
-0.0171507
-0.00568494
0.00635782
0.019058
0.032501
0.0467788
0.0619915
0.078249
0.0956737
0.114403
0.134591
0.156416
0.180082
0.205826
0.233926
0.26471
0.298571
0.335977
0.377501
0.423844
0.475873
0.534679
0.601643
0.678545
0.767706
0.872205
0.996188
1.14534
1.32756
1.55404
1.84066
2.21011
2.69466
3.33686
4.18015
5.25642
6.56567
7.80736
-11.5602
-7.80268
-5.29308
-3.82
-2.84177
-2.17229
-1.71135
-1.38442
-1.14418
-0.96231
-0.821125
-0.709152
-0.618733
-0.544605
-0.483048
-0.431365
-0.387552
-0.350092
-0.317813
-0.289796
-0.265311
-0.243769
-0.224688
-0.207671
-0.192388
-0.178559
-0.165948
-0.154351
-0.143593
-0.13352
-0.123999
-0.114908
-0.106142
-0.0976021
-0.0892014
-0.0808577
-0.072495
-0.0640416
-0.0554287
-0.0465901
-0.0374605
-0.0279754
-0.0180696
-0.00767646
0.00327289
0.0148507
0.0271337
0.0402042
0.0541519
0.0690749
0.0850826
0.102297
0.120856
0.140918
0.162663
0.186303
0.212082
0.240292
0.27128
0.30546
0.34334
0.38554
0.432831
0.486184
0.546835
0.616388
0.696954
0.791371
0.903541
1.03896
1.20561
1.41537
1.68653
2.04824
2.54905
3.26602
4.30365
5.85008
8.4499
12.3182
-18.9699
-9.55627
-5.06815
-3.24739
-2.28439
-1.70023
-1.32934
-1.07808
-0.896654
-0.75957
-0.652643
-0.567226
-0.497728
-0.440355
-0.392428
-0.35199
-0.317574
-0.288059
-0.262568
-0.240406
-0.221017
-0.203946
-0.188817
-0.17532
-0.163192
-0.15221
-0.142184
-0.132949
-0.124361
-0.116295
-0.108639
-0.101294
-0.0941705
-0.0871863
-0.0802671
-0.0733439
-0.0663518
-0.0592296
-0.0519187
-0.0443621
-0.0365041
-0.0282891
-0.0196613
-0.0105636
-0.000937084
0.00927995
0.0201527
0.0317512
0.044151
0.0574349
0.0716944
0.0870312
0.10356
0.121411
0.140732
0.161696
0.184502
0.209385
0.236621
0.266541
0.299545
0.336121
0.376866
0.42253
0.474058
0.532664
0.599935
0.677985
0.769705
0.879164
1.01232
1.17831
1.39196
1.67956
2.09194
2.72596
3.75692
5.67366
10.2794
19.8164
)
;

boundaryField
{
    movingWall
    {
        type            zeroGradient;
    }
    fixedWalls
    {
        type            zeroGradient;
    }
    frontAndBack
    {
        type            empty;
    }
}


// ************************************************************************* //
