/*--------------------------------*- C++ -*----------------------------------*\
  =========                 |
  \\      /  F ield         | OpenFOAM: The Open Source CFD Toolbox
   \\    /   O peration     | Website:  https://openfoam.org
    \\  /    A nd           | Version:  7
     \\/     M anipulation  |
\*---------------------------------------------------------------------------*/
FoamFile
{
    version     2.0;
    format      ascii;
    class       volScalarField;
    location    "0.125";
    object      p;
}
// * * * * * * * * * * * * * * * * * * * * * * * * * * * * * * * * * * * * * //

dimensions      [0 2 -2 0 0 0 0];

internalField   nonuniform List<scalar> 
6400
(
3.27957e-08
1.15425e-05
-0.000493779
-0.00152081
-0.0029538
-0.00468398
-0.006612
-0.00864882
-0.0107177
-0.0127535
-0.0147015
-0.0165158
-0.0181583
-0.0195969
-0.020806
-0.021765
-0.0224576
-0.0228719
-0.0229994
-0.0228345
-0.0223747
-0.0216203
-0.0205736
-0.0192389
-0.017623
-0.0157338
-0.0135814
-0.0111769
-0.008533
-0.00566348
-0.0025833
0.000691604
0.00414428
0.00775696
0.0115111
0.0153873
0.0193659
0.0234262
0.0275471
0.0317073
0.035885
0.0400582
0.0442048
0.0483024
0.0523289
0.0562625
0.0600813
0.063764
0.0672896
0.070638
0.0737898
0.0767267
0.0794313
0.0818874
0.0840805
0.0859976
0.0876275
0.088961
0.0899913
0.0907136
0.091126
0.0912293
0.0910276
0.0905284
0.0897428
0.0886856
0.0873761
0.0858382
0.0841011
0.0822002
0.0801768
0.0780801
0.0759671
0.0739046
0.0719698
0.0702509
0.0688449
0.0678557
0.0673894
0.0674267
-1.16798e-05
2.97538e-06
-0.000447705
-0.00132521
-0.00253075
-0.00398597
-0.00561572
-0.00734811
-0.0091181
-0.0108684
-0.01255
-0.0141205
-0.015544
-0.0167903
-0.0178343
-0.0186557
-0.0192381
-0.0195694
-0.0196402
-0.0194448
-0.0189796
-0.018244
-0.0172394
-0.0159692
-0.0144389
-0.0126556
-0.0106279
-0.00836602
-0.00588137
-0.00318663
-0.000295563
0.00277714
0.00601575
0.00940372
0.0129238
0.016558
0.0202875
0.0240933
0.0279555
0.0318542
0.0357689
0.0396791
0.043564
0.0474028
0.0511747
0.0548595
0.0584368
0.0618866
0.0651896
0.0683272
0.0712815
0.0740357
0.0765737
0.078881
0.0809444
0.0827522
0.0842947
0.0855638
0.0865538
0.087261
0.0876843
0.0878255
0.0876894
0.0872838
0.0866199
0.0857128
0.0845811
0.083248
0.0817417
0.0800954
0.0783477
0.0765433
0.0747335
0.0729763
0.0713369
0.0698866
0.0686985
0.067847
0.0674254
0.0674637
0.000493332
0.000458486
8.71772e-06
-0.000801191
-0.00188427
-0.00317755
-0.00462035
-0.00615306
-0.00772016
-0.00927176
-0.0107637
-0.0121575
-0.0134202
-0.0145234
-0.0154434
-0.0161607
-0.0166592
-0.0169269
-0.0169544
-0.0167356
-0.0162667
-0.0155462
-0.0145752
-0.0133563
-0.0118942
-0.0101951
-0.00826698
-0.00611896
-0.00376164
-0.00120672
0.00153297
0.00444369
0.00751071
0.0107185
0.0140509
0.0174909
0.0210208
0.0246225
0.0282775
0.0319667
0.0356709
0.0393707
0.0430464
0.0466783
0.0502471
0.0537335
0.0571184
0.0603829
0.063509
0.0664792
0.0692769
0.0718864
0.0742928
0.0764825
0.0784435
0.0801652
0.0816388
0.0828571
0.0838151
0.08451
0.0849412
0.0851109
0.0850243
0.0846893
0.0841171
0.0833221
0.0823225
0.0811404
0.0798024
0.0783395
0.0767871
0.0751859
0.0735814
0.0720244
0.0705707
0.0692796
0.0682103
0.0674228
0.067002
0.0669991
0.00152476
0.00134393
0.000825116
1.19049e-05
-0.00102901
-0.00224432
-0.00358249
-0.00499304
-0.00642861
-0.0078458
-0.00920543
-0.010473
-0.0116182
-0.0126153
-0.0134421
-0.0140803
-0.0145147
-0.0147336
-0.0147281
-0.0144918
-0.0140209
-0.0133138
-0.0123709
-0.0111946
-0.00978893
-0.00815962
-0.00631387
-0.00426022
-0.00200847
0.000430463
0.00304456
0.00582081
0.00874534
0.0118035
0.01498
0.0182587
0.0216228
0.0250551
0.028538
0.0320535
0.0355833
0.0391088
0.0426114
0.0460724
0.0494735
0.0527963
0.0560226
0.0591347
0.0621153
0.0649482
0.0676176
0.0701086
0.0724073
0.074501
0.0763785
0.0780299
0.0794472
0.0806238
0.0815553
0.0822391
0.0826752
0.0828661
0.0828168
0.0825351
0.0820319
0.0813208
0.0804191
0.0793478
0.0781316
0.0767988
0.075382
0.0739174
0.0724457
0.0710113
0.0696623
0.0684491
0.0674221
0.0666328
0.0661485
0.066013
0.00297158
0.00256479
0.00191855
0.00105253
3.82025e-06
-0.00118284
-0.00246352
-0.00379619
-0.00514075
-0.00645988
-0.00771949
-0.00888897
-0.0099413
-0.0108529
-0.0116038
-0.012177
-0.0125585
-0.0127372
-0.0127047
-0.0124547
-0.0119836
-0.0112897
-0.0103732
-0.009236
-0.00788194
-0.00631619
-0.00454541
-0.00257757
-0.000421796
0.00191164
0.00441147
0.0070654
0.00986033
0.0127825
0.0158172
0.0189492
0.0221625
0.0254408
0.0287675
0.0321253
0.0354968
0.0388643
0.04221
0.0455164
0.0487659
0.0519408
0.055024
0.0579986
0.0608483
0.0635576
0.0661116
0.0684963
0.0706983
0.0727059
0.0745084
0.0760968
0.0774634
0.0786022
0.0795091
0.0801818
0.0806207
0.0808281
0.080809
0.0805709
0.0801238
0.0794808
0.078658
0.0776749
0.0765542
0.0753217
0.0740064
0.0726409
0.0712607
0.0699045
0.0686133
0.0674298
0.0663968
0.065558
0.0649541
0.0646072
0.00473111
0.00404785
0.00323086
0.00227171
0.001174
-2.51626e-05
-0.00128861
-0.0025817
-0.00387103
-0.0051248
-0.00631377
-0.00741131
-0.00839353
-0.00923945
-0.00993108
-0.010453
-0.0107926
-0.0109396
-0.0108861
-0.0106265
-0.0101571
-0.0094764
-0.0085845
-0.00748324
-0.00617604
-0.00466777
-0.00296465
-0.00107412
0.000995289
0.00323382
0.00563077
0.00817463
0.010853
0.0136528
0.01656
0.01956
0.0226378
0.0257779
0.0289643
0.0321806
0.0354101
0.038636
0.0418415
0.0450097
0.0481236
0.0511666
0.0541222
0.0569743
0.0597076
0.0623071
0.0647588
0.0670491
0.0691655
0.0710967
0.0728329
0.0743653
0.0756868
0.0767915
0.0776756
0.0783373
0.0787768
0.0789963
0.0790004
0.0787962
0.0783929
0.0778029
0.0770409
0.0761248
0.0750752
0.0739151
0.0726707
0.0713703
0.0700451
0.0687285
0.067455
0.0662601
0.0651806
0.064253
0.0634867
0.0628777
0.0067122
0.00572454
0.00470708
0.00362314
0.00244274
0.00119625
-8.4549e-05
-0.00137175
-0.00263775
-0.00385591
-0.00500141
-0.00605133
-0.00698493
-0.0077839
-0.00843227
-0.00891636
-0.00922478
-0.0093484
-0.00928005
-0.00901467
-0.00854904
-0.00788162
-0.00701265
-0.00594398
-0.00467889
-0.00322192
-0.00157891
0.000243039
0.00223584
0.00439027
0.00669618
0.00914267
0.0117179
0.0144094
0.0172038
0.0200872
0.0230454
0.0260634
0.029126
0.0322176
0.035322
0.0384234
0.0415056
0.0445523
0.0475474
0.0504748
0.0533188
0.056064
0.0586957
0.0611997
0.0635623
0.0657705
0.0678125
0.0696776
0.0713561
0.0728398
0.0741216
0.0751961
0.0760597
0.0767104
0.0771483
0.0773756
0.0773962
0.0772165
0.0768454
0.0762937
0.0755753
0.074706
0.0737044
0.0725912
0.071389
0.0701231
0.0688203
0.067509
0.0662183
0.0649771
0.0638174
0.0627695
0.061811
0.0609108
0.00883562
0.00753026
0.00629347
0.00506186
0.00377277
0.00245137
0.00112506
-0.000183932
-0.00145338
-0.00266131
-0.00378674
-0.00481036
-0.00571443
-0.00648307
-0.00710252
-0.00756086
-0.00784792
-0.00795577
-0.00787824
-0.0076108
-0.00715058
-0.00649649
-0.00564898
-0.00460987
-0.00338231
-0.00197075
-0.000380805
0.00138078
0.00330625
0.00538683
0.00761292
0.00997406
0.012459
0.0150555
0.0177512
0.0205326
0.0233861
0.0262975
0.0292521
0.0322348
0.0352303
0.0382233
0.0411984
0.0441398
0.0470319
0.0498592
0.0526068
0.0552599
0.0578042
0.0602261
0.0625122
0.0646501
0.0666285
0.0684369
0.0700661
0.0715079
0.0727556
0.0738037
0.0746487
0.0752887
0.0757234
0.0759545
0.0759856
0.0758223
0.0754726
0.0749465
0.0742561
0.0734159
0.0724421
0.071353
0.0701688
0.068911
0.0676028
0.0662684
0.0649316
0.0636162
0.06235
0.0611586
0.0599882
0.0587825
0.0110346
0.00940782
0.00794079
0.00654545
0.0051284
0.00371073
0.00231656
0.000963148
-0.000332024
-0.00155096
-0.0026763
-0.00369194
-0.00458305
-0.00533609
-0.00593927
-0.00638241
-0.00665693
-0.00675593
-0.00667417
-0.00640783
-0.00595464
-0.00531388
-0.00448625
-0.00347371
-0.0022794
-0.00090768
0.000635953
0.00234498
0.00421196
0.00622852
0.00838543
0.0106727
0.0130793
0.0155938
0.0182041
0.0208974
0.0236607
0.0264801
0.0293416
0.0322306
0.0351327
0.0380329
0.0409162
0.0437675
0.0465717
0.0493139
0.0519796
0.0545547
0.0570251
0.0593776
0.0615993
0.0636782
0.0656032
0.0673642
0.068952
0.0703587
0.0715774
0.072603
0.0734318
0.0740615
0.0744916
0.0747234
0.0747597
0.0746057
0.0742683
0.0737563
0.0730805
0.0722536
0.0712901
0.0702059
0.0690185
0.0677466
0.0664099
0.0650288
0.0636229
0.0622112
0.0608186
0.0594669
0.058073
0.0565566
0.0132537
0.0113076
0.00960486
0.00803499
0.00647594
0.00494579
0.00346607
0.0020498
0.000710665
-0.000536923
-0.00167913
-0.00270258
-0.00359489
-0.004345
-0.00494306
-0.00538042
-0.00565002
-0.0057462
-0.00566459
-0.00540209
-0.00495713
-0.00432949
-0.00352013
-0.00253113
-0.00136581
-2.855e-05
0.00147526
0.00313928
0.00495634
0.00691833
0.00901632
0.0112406
0.0135807
0.0160255
0.0185633
0.021182
0.0238688
0.0266104
0.0293932
0.0322033
0.0350267
0.0378489
0.0406554
0.0434313
0.0461622
0.0488336
0.0514316
0.0539421
0.0563516
0.0586471
0.0608162
0.062847
0.0647286
0.0664511
0.0680054
0.0693836
0.0705788
0.0715858
0.0724007
0.073021
0.0734458
0.0736757
0.0737131
0.0735622
0.073229
0.0727212
0.0720483
0.0712214
0.070253
0.0691571
0.0679488
0.066644
0.0652596
0.0638125
0.0623187
0.0607936
0.0592597
0.0577362
0.0561125
0.0542865
0.0154466
0.0131863
0.0112463
0.00949521
0.00778415
0.00612924
0.00455019
0.00305658
0.00165855
0.00036743
-0.000805633
-0.00185009
-0.00275588
-0.00351395
-0.00411627
-0.00455597
-0.00482734
-0.0049258
-0.00484791
-0.00459151
-0.00415568
-0.00354065
-0.00274768
-0.00177916
-0.000638622
0.000669497
0.00213988
0.00376629
0.00554174
0.0074583
0.00950729
0.0116793
0.0139641
0.0163512
0.0188291
0.0213861
0.0240097
0.0266871
0.0294053
0.0321508
0.0349099
0.0376684
0.0404123
0.0431272
0.0457989
0.0484136
0.0509573
0.0534164
0.0557777
0.0580284
0.0601561
0.0621495
0.0639975
0.0656903
0.0672189
0.0685752
0.0697525
0.0707451
0.0715489
0.0721611
0.0725803
0.0728066
0.0728416
0.0726888
0.0723531
0.0718413
0.0711613
0.0703229
0.0693368
0.0682151
0.0669708
0.0656175
0.0641694
0.0626407
0.0610444
0.0593926
0.0577064
0.0560035
0.0541474
0.0520159
0.0175739
0.0150065
0.0128303
0.010894
0.00902411
0.00723543
0.00554647
0.00396393
0.00249508
0.00114846
-6.72018e-05
-0.00114366
-0.00207305
-0.00284822
-0.0034629
-0.0039118
-0.00419044
-0.00429535
-0.00422415
-0.00397555
-0.00354924
-0.0029459
-0.00216726
-0.00121606
-9.6032e-05
0.00118828
0.00263156
0.00422765
0.00596962
0.00784968
0.00985932
0.0119894
0.0142301
0.016571
0.0190012
0.021509
0.0240824
0.026709
0.0293762
0.0320708
0.0347793
0.0374882
0.0401835
0.0428513
0.0454777
0.048049
0.0505517
0.0529723
0.0552977
0.0575153
0.059613
0.0615794
0.0634035
0.0650755
0.0665862
0.0679275
0.0690924
0.070075
0.0708709
0.0714769
0.071891
0.0721126
0.0721427
0.071984
0.0716405
0.0711176
0.0704223
0.0695628
0.0685482
0.067389
0.0660963
0.0646815
0.0631567
0.0615338
0.0598233
0.0580348
0.0561885
0.0543012
0.0522125
0.0497814
0.0196026
0.0167357
0.0143254
0.0122023
0.0101691
0.00824015
0.00643339
0.00475292
0.00320366
0.00179196
0.000524209
-0.000593298
-0.00155465
-0.00235448
-0.00298822
-0.0034519
-0.00374226
-0.00385698
-0.00379471
-0.00355498
-0.00313805
-0.00254512
-0.00177848
-0.000841255
0.00026263
0.00152854
0.00295108
0.00452405
0.00624052
0.00809281
0.0100726
0.012171
0.0143784
0.0166845
0.0190786
0.0215495
0.0240854
0.0266742
0.0293036
0.0319607
0.0346323
0.0373051
0.0399654
0.0425996
0.0451942
0.0477354
0.0502101
0.0526047
0.0549064
0.0571026
0.0591814
0.0611311
0.062941
0.064601
0.0661018
0.067435
0.0685935
0.0695709
0.0703626
0.0709647
0.0713747
0.0715914
0.0716152
0.0714477
0.0710921
0.0705528
0.0698354
0.0689468
0.067895
0.0666886
0.0653371
0.0638503
0.0622384
0.0605113
0.0586774
0.0567444
0.0547324
0.0526577
0.0503375
0.0476132
0.0215044
0.0183453
0.015704
0.0133936
0.0111945
0.00912076
0.0071902
0.00540499
0.00376791
0.00228343
0.000956023
-0.000209801
-0.00120989
-0.00204057
-0.0026987
-0.00318152
-0.00348702
-0.00361411
-0.00356233
-0.00333184
-0.00292358
-0.00233943
-0.00158222
-0.000655374
0.00043699
0.00169004
0.00309819
0.00465518
0.00635407
0.00818729
0.0101467
0.0122234
0.014408
0.0166903
0.01906
0.021506
0.0240167
0.0265804
0.029185
0.0318177
0.0344657
0.0371157
0.0397545
0.0423685
0.0449443
0.0474686
0.0499279
0.052309
0.054599
0.0567854
0.0588562
0.0607998
0.0626052
0.0642622
0.0657611
0.0670935
0.0682517
0.0692293
0.0700208
0.070622
0.0710298
0.0712422
0.071259
0.0710809
0.0707102
0.0701502
0.0694055
0.0684816
0.0673853
0.0661239
0.0647053
0.063138
0.0614305
0.0595912
0.0576269
0.0555436
0.0533618
0.051098
0.0485481
0.0455367
0.0232545
0.0198102
0.0169413
0.0144438
0.0120773
0.00985574
0.00779709
0.00590199
0.00417141
0.0026082
0.00121529
-4.59108e-06
-0.00104885
-0.0019152
-0.0026017
-0.00310698
-0.00343028
-0.00357145
-0.0035308
-0.00330925
-0.00290853
-0.00233118
-0.00158043
-0.000659996
0.000425686
0.0016715
0.00307168
0.00461986
0.00630913
0.00813195
0.0100802
0.0121451
0.0143173
0.0165869
0.0189435
0.0213764
0.0238741
0.0264252
0.0290176
0.0316389
0.0342762
0.0369166
0.039547
0.0421539
0.0447242
0.0472442
0.0497008
0.0520807
0.054371
0.0565592
0.0586332
0.0605811
0.0623918
0.0640548
0.0655603
0.0668994
0.0680641
0.0690474
0.0698435
0.0704474
0.0708554
0.071065
0.0710751
0.0708857
0.070498
0.0699144
0.0691383
0.0681743
0.0670279
0.0657053
0.0642131
0.0625584
0.0607486
0.0587908
0.0566906
0.0544527
0.0520982
0.0496443
0.0468666
0.0435737
0.0248309
0.0211078
0.0180144
0.0153308
0.0127962
0.0104249
0.00823512
0.00622627
0.00439801
0.00275163
0.00128861
1.02491e-05
-0.00108218
-0.00198767
-0.00270556
-0.00323575
-0.00357851
-0.00373452
-0.00370492
-0.0034915
-0.00309675
-0.00252371
-0.00177599
-0.0008577
0.000226336
0.0014707
0.00286943
0.0044161
0.00610376
0.00792483
0.00987117
0.0119341
0.0141042
0.0163718
0.0187266
0.021158
0.0236549
0.0262056
0.0287984
0.0314209
0.0340604
0.0367042
0.0393393
0.0419522
0.0445297
0.0470583
0.0495248
0.0519157
0.0542183
0.0564199
0.0585081
0.060471
0.0622971
0.0639755
0.0654962
0.0668499
0.0680282
0.0690234
0.0698293
0.0704402
0.0708518
0.0710609
0.0710656
0.070865
0.0704595
0.0698504
0.0690404
0.0680328
0.0668321
0.0654434
0.0638725
0.0621252
0.0602079
0.0581266
0.0558861
0.0534902
0.0509609
0.0483162
0.0453125
0.0417427
0.0262139
0.0222174
0.0189026
0.0160341
0.0133312
0.0108089
0.00848599
0.0063608
0.00443172
0.00269886
0.00116238
-0.000177607
-0.00132104
-0.00226811
-0.00301949
-0.00357606
-0.00393899
-0.00410981
-0.00409059
-0.00388395
-0.00349301
-0.00292125
-0.00217272
-0.00125202
-0.000164386
0.00108449
0.0024885
0.00404108
0.0057352
0.0075632
0.00951687
0.0115875
0.0137658
0.0160422
0.0184064
0.020848
0.0233557
0.0259183
0.0285239
0.0311602
0.0338148
0.0364749
0.0391275
0.0417593
0.0443569
0.0469068
0.0493956
0.0518101
0.0541371
0.0563638
0.0584776
0.0604662
0.0623178
0.0640214
0.0655664
0.0669431
0.0681425
0.0691565
0.069978
0.0706009
0.0710201
0.0712318
0.0712332
0.0710226
0.0705995
0.0699644
0.0691188
0.0680653
0.0668074
0.0653493
0.0636957
0.0618517
0.0598228
0.0576143
0.05523
0.0526735
0.0499677
0.0471318
0.0439034
0.0400601
0.0273852
0.02312
0.0195865
0.0165341
0.0136632
0.0109892
0.0085319
0.00628863
0.00425663
0.00243499
0.000822816
-0.000580858
-0.00177715
-0.00276743
-0.00355341
-0.00413685
-0.0045198
-0.00470475
-0.00469466
-0.00449285
-0.00410293
-0.0035289
-0.00277536
-0.00184741
-0.000750668
0.000508955
0.00192518
0.00349128
0.00520003
0.00704366
0.00901389
0.011102
0.0132988
0.0155947
0.0179795
0.0204427
0.0229732
0.0255596
0.0281903
0.030853
0.0335354
0.0362246
0.0389077
0.0415713
0.0442018
0.0467857
0.0493096
0.05176
0.0541236
0.0563873
0.0585381
0.0605635
0.0624514
0.0641903
0.0657691
0.0671776
0.0684062
0.0694462
0.0702899
0.0709305
0.0713623
0.0715806
0.0715817
0.0713633
0.0709238
0.070263
0.0693814
0.0682808
0.0669639
0.065434
0.063695
0.0617514
0.0596077
0.0572688
0.0547382
0.0520188
0.0491351
0.0461074
0.0426549
0.0385403
0.028328
0.0237977
0.0200476
0.0168125
0.0137738
0.0109481
0.00835565
0.00599313
0.00385689
0.00194509
0.000255937
-0.00121264
-0.00246283
-0.00349703
-0.00431777
-0.00492771
-0.00532987
-0.00552767
-0.0055248
-0.00532516
-0.00493288
-0.00435261
-0.00358952
-0.00264918
-0.00153747
-0.000260551
0.00117507
0.00276242
0.00449407
0.00636211
0.00835822
0.0104737
0.0126993
0.0150254
0.0174419
0.0199382
0.0225032
0.0251256
0.0277936
0.0304953
0.0332182
0.0359494
0.0386758
0.0413839
0.0440603
0.0466911
0.0492629
0.0517618
0.0541744
0.0564871
0.0586868
0.0607605
0.0626956
0.0644802
0.0661028
0.0675525
0.068819
0.069893
0.0707662
0.071431
0.071881
0.0721106
0.0721154
0.0718922
0.0714386
0.0707534
0.0698365
0.0686887
0.067312
0.065709
0.0638828
0.0618373
0.0595766
0.0571051
0.0544258
0.0515418
0.0484787
0.0452583
0.0415816
0.0371966
0.0290263
0.0242333
0.0202685
0.0168515
0.0136456
0.010668
0.0079402
0.00545791
0.00321682
0.00121425
-0.000552505
-0.00208648
-0.0033908
-0.0044687
-0.00532353
-0.00595896
-0.00637893
-0.00658762
-0.00658933
-0.00638854
-0.00599008
-0.00539922
-0.00462168
-0.00366336
-0.00253045
-0.00122938
0.000233032
0.00184951
0.00361244
0.00551383
0.00754529
0.00969806
0.0119629
0.01433
0.0167893
0.01933
0.0219413
0.0246117
0.0273296
0.0300828
0.0328588
0.0356447
0.0384273
0.0411931
0.0439282
0.0466191
0.0492516
0.0518119
0.0542861
0.0566603
0.0589209
0.0610547
0.0630485
0.0648899
0.0665667
0.0680674
0.0693812
0.0704979
0.0714086
0.0721048
0.0725794
0.072826
0.0728394
0.0726154
0.0721508
0.0714437
0.070493
0.069299
0.0678627
0.0661861
0.0642718
0.062123
0.0597435
0.0571376
0.0543079
0.0512574
0.0480133
0.0445991
0.0406974
0.0360416
0.0294646
0.0244106
0.020232
0.0166339
0.0132612
0.010132
0.00726877
0.00466669
0.00232064
0.000227245
-0.00161711
-0.00321626
-0.00457411
-0.00569471
-0.00658239
-0.0072417
-0.00767737
-0.00789422
-0.00789719
-0.00769146
-0.00728255
-0.00667636
-0.00587898
-0.00489665
-0.00373591
-0.00240358
-0.000906822
0.000746864
0.00254969
0.00449355
0.00656999
0.00877013
0.0110846
0.0135035
0.0160167
0.0186135
0.0212828
0.0240134
0.0267934
0.0296107
0.0324526
0.0353061
0.0381579
0.0409944
0.0438016
0.0465656
0.0492721
0.0519068
0.0544554
0.0569038
0.0592379
0.061444
0.0635084
0.0654181
0.0671602
0.0687225
0.0700935
0.0712623
0.0722192
0.072955
0.0734615
0.0737317
0.0737593
0.0735395
0.0730681
0.0723423
0.0713605
0.0701219
0.0686271
0.0668773
0.0648747
0.0626219
0.0601226
0.0573808
0.054399
0.0511803
0.0477535
0.0441437
0.0400154
0.0350872
0.0296275
0.0243133
0.0199217
0.0161429
0.0126036
0.00932315
0.00632472
0.0036031
0.0011524
-0.00103145
-0.00295277
-0.00461612
-0.00602623
-0.00718801
-0.00810669
-0.0087876
-0.00923611
-0.00945772
-0.00945809
-0.00924318
-0.00881914
-0.0081923
-0.00736916
-0.00635637
-0.00516088
-0.00378993
-0.00225099
-0.000551752
0.00129984
0.00329554
0.00542673
0.00768437
0.010059
0.0125406
0.0151189
0.0177833
0.0205226
0.0233255
0.0261801
0.0290741
0.0319947
0.0349289
0.0378631
0.0407836
0.0436762
0.0465267
0.0493205
0.0520429
0.0546792
0.0572149
0.0596355
0.0619266
0.064074
0.066064
0.0678831
0.0695182
0.0709571
0.0721883
0.0732009
0.0739851
0.0745318
0.0748329
0.0748815
0.0746717
0.0741985
0.0734584
0.0724489
0.0711685
0.0696171
0.0677954
0.0657049
0.0633481
0.0607283
0.0578494
0.0547141
0.0513254
0.0477139
0.0439064
0.039549
0.0343453
0.0295001
0.0239255
0.0193208
0.0153615
0.0116559
0.00822442
0.00509123
0.00225055
-0.00030414
-0.00257755
-0.00457462
-0.00630068
-0.00776126
-0.00896217
-0.00990936
-0.0106088
-0.0110667
-0.0112891
-0.0112826
-0.0110537
-0.0106092
-0.00995588
-0.00910059
-0.00805052
-0.00681307
-0.00539584
-0.00380653
-0.00205306
-0.00014357
0.0019135
0.00410935
0.00643478
0.00888012
0.0114354
0.0140902
0.0168339
0.0196553
0.0225428
0.0254845
0.0284679
0.0314802
0.0345081
0.0375381
0.0405561
0.0435477
0.0464983
0.049393
0.0522167
0.0549544
0.057591
0.0601114
0.0625008
0.0647442
0.0668271
0.0687354
0.0704553
0.0719737
0.0732781
0.0743569
0.0751993
0.0757952
0.0761357
0.0762129
0.0760199
0.075551
0.0748018
0.073769
0.0724504
0.0708451
0.0689533
0.0667761
0.0643157
0.0615752
0.0585585
0.0552682
0.0517076
0.0479092
0.0439013
0.0393115
0.0338281
0.0290668
0.0232311
0.0184129
0.0142728
0.0104011
0.00681878
0.00355129
0.000592247
-0.00206544
-0.00442707
-0.00649823
-0.00828506
-0.00979387
-0.0110312
-0.0120037
-0.0127181
-0.0131812
-0.0134
-0.0133818
-0.0131336
-0.0126628
-0.0119765
-0.0110823
-0.00998778
-0.00870078
-0.00722919
-0.00558098
-0.00376429
-0.00178751
0.000340668
0.00261125
0.00501487
0.00754177
0.0101819
0.0129247
0.0157596
0.0186751
0.0216596
0.0247009
0.0277866
0.0309037
0.0340388
0.037178
0.0403072
0.0434116
0.0464762
0.0494858
0.0524249
0.055278
0.0580294
0.0606636
0.0631649
0.0655178
0.0677071
0.0697176
0.071535
0.0731451
0.0745346
0.0756909
0.0766022
0.0772574
0.0776466
0.0777609
0.0775925
0.077135
0.0763828
0.075332
0.0739796
0.072324
0.0703648
0.0681027
0.0655396
0.0626786
0.0595235
0.0560769
0.0523424
0.0483544
0.0441429
0.0393166
0.0335481
0.0283121
0.0222137
0.017181
0.0128598
0.0088217
0.00508883
0.00168753
-0.00138893
-0.00414831
-0.00659647
-0.00873973
-0.0105849
-0.0121391
-0.0134096
-0.0144036
-0.0151286
-0.0155925
-0.0158027
-0.0157673
-0.0154939
-0.0149903
-0.0142642
-0.0133239
-0.0121774
-0.0108328
-0.00929833
-0.0075823
-0.00569311
-0.00363944
-0.00143021
0.000925376
0.00341782
0.00603726
0.00877354
0.0116161
0.0145541
0.0175759
0.0206698
0.0238236
0.0270246
0.0302598
0.0335156
0.0367778
0.0400321
0.0432633
0.0464561
0.0495949
0.0526638
0.0556467
0.0585275
0.0612898
0.0639174
0.0663941
0.0687036
0.0708303
0.0727586
0.0744736
0.0759609
0.077207
0.0781988
0.0789243
0.0793726
0.0795336
0.0793988
0.0789606
0.0782126
0.07715
0.075769
0.0740674
0.0720442
0.0696997
0.0670354
0.0640544
0.0607604
0.0571563
0.0532458
0.0490652
0.0446465
0.0395786
0.0335185
0.0272198
0.0208565
0.015608
0.0111048
0.00690005
0.00301674
-0.000517729
-0.00371053
-0.00657004
-0.00910278
-0.0113157
-0.0132164
-0.0148126
-0.0161123
-0.0171235
-0.0178546
-0.018314
-0.0185101
-0.0184513
-0.0181461
-0.0176027
-0.0168297
-0.0158356
-0.0146289
-0.0132182
-0.011612
-0.00981891
-0.00784766
-0.00570723
-0.00340677
-0.000955657
0.00163648
0.00435969
0.00720368
0.0101578
0.0132108
0.0163514
0.0195674
0.0228465
0.0261761
0.0295429
0.032933
0.0363322
0.0397257
0.043098
0.0464336
0.0497162
0.0529297
0.0560574
0.0590825
0.061988
0.0647569
0.0673721
0.0698167
0.072074
0.0741276
0.0759616
0.0775605
0.0789095
0.0799945
0.0808025
0.0813212
0.0815398
0.0814484
0.0810385
0.0803029
0.0792357
0.0778323
0.0760899
0.0740068
0.0715829
0.0688195
0.0657193
0.0622864
0.0585235
0.0544347
0.0500583
0.045428
0.0401129
0.0337534
0.0257734
0.0191423
0.013676
0.00898979
0.00461788
0.000584208
-0.00308273
-0.00639065
-0.00934855
-0.0119636
-0.0142434
-0.0161962
-0.0178305
-0.0191549
-0.0201785
-0.0209103
-0.0213596
-0.0215352
-0.0214464
-0.0211022
-0.0205117
-0.0196839
-0.0186278
-0.0173525
-0.0158667
-0.0141794
-0.0122996
-0.0102364
-0.00799909
-0.00559694
-0.00303949
-0.000336514
0.00250189
0.00546527
0.0085428
0.0117232
0.0149949
0.0183458
0.0217635
0.025235
0.028747
0.0322854
0.0358357
0.0393827
0.0429108
0.0464039
0.0498456
0.053219
0.0565069
0.0596918
0.062756
0.0656817
0.0684511
0.0710464
0.0734499
0.0756441
0.077612
0.079337
0.0808032
0.0819953
0.0828988
0.0835006
0.0837885
0.0837516
0.0833803
0.0826662
0.0816026
0.080184
0.0784068
0.0762687
0.0737691
0.070909
0.067691
0.0641192
0.0601964
0.055927
0.051351
0.0465045
0.0409356
0.034268
0.0239554
0.017053
0.0113666
0.00649606
0.00195633
-0.00222767
-0.00602635
-0.00944802
-0.0125023
-0.015197
-0.0175404
-0.0195414
-0.0212093
-0.0225537
-0.0235843
-0.024311
-0.0247436
-0.0248919
-0.0247658
-0.0243751
-0.0237294
-0.0228384
-0.0217116
-0.0203584
-0.0187881
-0.01701
-0.0150336
-0.0128683
-0.0105235
-0.00800885
-0.00533395
-0.00250876
0.000456449
0.00355108
0.00676416
0.0100843
0.0134999
0.0169987
0.0205681
0.0241952
0.0278662
0.031567
0.0352827
0.0389979
0.0426967
0.0463627
0.0499789
0.0535278
0.0569918
0.0603526
0.0635917
0.0666906
0.0696306
0.0723929
0.0749588
0.0773098
0.0794276
0.0812945
0.0828932
0.0842072
0.0852209
0.0859195
0.0862898
0.0863196
0.0859981
0.0853159
0.0842651
0.0828394
0.0810343
0.0788469
0.076276
0.0733223
0.0699882
0.0662779
0.0621942
0.0577414
0.0529622
0.0478942
0.0420643
0.0350787
0.0217479
0.0145699
0.00866068
0.00360416
-0.0011042
-0.0054385
-0.00936819
-0.0129021
-0.0160506
-0.0188219
-0.0212252
-0.0232701
-0.0249667
-0.0263256
-0.0273572
-0.0280721
-0.0284809
-0.0285945
-0.0284232
-0.0279776
-0.0272682
-0.026305
-0.0250981
-0.0236574
-0.0219926
-0.0201137
-0.0180303
-0.0157522
-0.0132891
-0.0106508
-0.00784702
-0.00488801
-0.00178418
0.00145374
0.00481468
0.00828721
0.0118595
0.0155193
0.019254
0.0230503
0.0268943
0.0307717
0.0346675
0.0385658
0.0424507
0.046305
0.0501116
0.0538523
0.0575087
0.0610619
0.0644929
0.067782
0.0709097
0.0738563
0.0766019
0.0791268
0.0814117
0.0834373
0.0851851
0.0866371
0.0877764
0.088587
0.089054
0.089164
0.0889049
0.0882661
0.0872385
0.0858149
0.0839898
0.0817596
0.0791226
0.0760791
0.0726311
0.0687828
0.0645371
0.0598985
0.0549118
0.0496168
0.043518
0.0362034
0.0191317
0.0116734
0.00553817
0.000293839
-0.00458411
-0.00906884
-0.0131287
-0.0167732
-0.0200132
-0.0228578
-0.0253168
-0.0274008
-0.0291208
-0.030488
-0.0315138
-0.0322097
-0.0325872
-0.0326577
-0.0324327
-0.0319234
-0.0311409
-0.0300958
-0.0287989
-0.0272604
-0.0254909
-0.0235005
-0.0212993
-0.0188974
-0.0163046
-0.0135311
-0.0105868
-0.00748212
-0.00422762
-0.000834147
0.00268717
0.00632483
0.0100669
0.0139012
0.0178146
0.021794
0.0258252
0.0298937
0.0339843
0.0380811
0.0421675
0.0462262
0.0502393
0.0541883
0.0580541
0.0618171
0.0654573
0.0689545
0.072288
0.0754369
0.0783804
0.0810975
0.0835675
0.0857698
0.0876844
0.089292
0.090574
0.0915128
0.0920922
0.0922973
0.0921145
0.0915318
0.0905391
0.0891279
0.0872919
0.0850264
0.0823293
0.0792001
0.075641
0.0716557
0.0672471
0.0624201
0.0572217
0.0516936
0.0453172
0.0376616
0.0160869
0.00834296
0.0019781
-0.00345616
-0.00850484
-0.0131401
-0.0173293
-0.0210824
-0.0244111
-0.0273252
-0.0298354
-0.0319532
-0.0336905
-0.0350592
-0.0360718
-0.0367407
-0.0370783
-0.037097
-0.036809
-0.0362263
-0.0353606
-0.0342233
-0.0328257
-0.0311788
-0.0292935
-0.0271805
-0.0248501
-0.0223128
-0.0195788
-0.0166582
-0.0135614
-0.0102989
-0.00688149
-0.00331994
0.000374509
0.00419029
0.00811542
0.0121375
0.0162434
0.0204198
0.0246526
0.028927
0.0332275
0.0375382
0.0418419
0.0461212
0.0503575
0.0545318
0.0586245
0.0626151
0.0664829
0.0702067
0.0737647
0.0771351
0.0802957
0.0832243
0.0858987
0.0882969
0.0903974
0.0921792
0.0936222
0.0947071
0.095416
0.0957325
0.0956412
0.095129
0.0941841
0.092797
0.0909601
0.0886679
0.0859175
0.082708
0.0790408
0.0749199
0.0703478
0.0653299
0.059915
0.0541475
0.0474842
0.0394747
0.0125927
0.00455698
-0.00204156
-0.0076682
-0.0128889
-0.0176749
-0.0219923
-0.0258518
-0.029266
-0.0322456
-0.034802
-0.0369476
-0.0386953
-0.0400581
-0.0410493
-0.0416825
-0.041971
-0.0419282
-0.041567
-0.0409003
-0.0399406
-0.0387
-0.0371905
-0.0354238
-0.0334112
-0.0311638
-0.0286924
-0.0260077
-0.0231202
-0.0200404
-0.0167789
-0.0133462
-0.0097532
-0.00601081
-0.00213027
0.00187677
0.00599827
0.0102217
0.014534
0.0189216
0.0233704
0.0278656
0.0323914
0.0369316
0.0414689
0.0459852
0.0504618
0.054879
0.0592164
0.0634531
0.0675674
0.0715371
0.0753394
0.0789512
0.0823491
0.0855096
0.0884089
0.0910236
0.0933304
0.0953067
0.0969305
0.0981808
0.0990379
0.0994835
0.0995007
0.0990746
0.098192
0.096842
0.0950156
0.0927065
0.0899107
0.0866266
0.0828554
0.0786005
0.0738648
0.0686532
0.0630174
0.0570035
0.0500433
0.041666
0.00862661
0.000292637
-0.0065441
-0.0123658
-0.0177599
-0.0226967
-0.0271412
-0.0311048
-0.0346011
-0.0376414
-0.0402383
-0.0424051
-0.0441557
-0.0455042
-0.0464652
-0.047053
-0.0472823
-0.0471673
-0.0467219
-0.0459599
-0.0448945
-0.0435388
-0.0419055
-0.0400068
-0.0378545
-0.0354604
-0.0328355
-0.0299908
-0.0269374
-0.0236858
-0.0202469
-0.0166313
-0.0128499
-0.00891365
-0.0048339
-0.000622315
0.003709
0.00814749
0.0126801
0.0172933
0.0219728
0.0267038
0.0314704
0.036256
0.0410432
0.0458135
0.0505477
0.0552256
0.0598264
0.0643282
0.0687086
0.0729442
0.0770113
0.0808855
0.0845421
0.087956
0.0911021
0.0939551
0.0964901
0.0986826
0.100509
0.101945
0.102971
0.103565
0.103709
0.103387
0.102582
0.101284
0.099481
0.0971659
0.0943337
0.090982
0.0871113
0.082725
0.0778254
0.0724178
0.0665561
0.0602888
0.053021
0.0442609
0.00416537
-0.00447424
-0.0115541
-0.0175738
-0.0231429
-0.0282306
-0.0328009
-0.0368661
-0.0404404
-0.0435364
-0.0461674
-0.0483479
-0.050093
-0.0514182
-0.0523389
-0.0528709
-0.0530298
-0.052831
-0.0522893
-0.0514195
-0.0502359
-0.0487525
-0.0469825
-0.0449388
-0.042634
-0.0400799
-0.0372885
-0.0342709
-0.0310385
-0.0276022
-0.0239729
-0.0201612
-0.0161783
-0.012035
-0.00774275
-0.00331324
0.00124145
0.00590881
0.0106758
0.015529
0.0204541
0.0254361
0.030459
0.0355062
0.0405598
0.0456012
0.0506107
0.0555678
0.060451
0.0652376
0.0699042
0.0744267
0.07878
0.0829386
0.0868762
0.0905664
0.0939823
0.097097
0.0998835
0.102315
0.104367
0.106012
0.107229
0.107993
0.108285
0.108085
0.107376
0.106146
0.10438
0.102072
0.0992134
0.095802
0.0918374
0.0873226
0.0822596
0.0766537
0.0705612
0.0640329
0.0564462
0.0472872
-0.000815804
-0.00976916
-0.0170976
-0.0233186
-0.0290643
-0.0343031
-0.0389978
-0.0431615
-0.0468095
-0.0499552
-0.0526132
-0.0547993
-0.0565297
-0.0578212
-0.0586908
-0.0591552
-0.0592315
-0.0589359
-0.0582848
-0.057294
-0.0559787
-0.0543538
-0.0524333
-0.0502308
-0.0477595
-0.0450319
-0.0420602
-0.0388561
-0.0354313
-0.0317968
-0.0279635
-0.0239425
-0.0197446
-0.0153809
-0.0108627
-0.00620176
-0.00141002
0.00350014
0.0085158
0.0136235
0.0188089
0.0240572
0.0293522
0.034677
0.0400139
0.0453438
0.0506468
0.0559018
0.0610867
0.0661783
0.0711521
0.075983
0.0806448
0.0851107
0.089353
0.0933435
0.0970538
0.100455
0.103518
0.106214
0.108516
0.110395
0.111826
0.112784
0.113245
0.113189
0.112596
0.111451
0.10974
0.107452
0.104579
0.101117
0.0970648
0.0924252
0.0871996
0.0813933
0.075065
0.068268
0.0603505
0.0507753
-0.00634318
-0.0156192
-0.0232022
-0.0296281
-0.0355524
-0.0409424
-0.0457599
-0.0500187
-0.0537352
-0.0569241
-0.0596011
-0.0617835
-0.0634889
-0.0647355
-0.0655416
-0.0659255
-0.0659055
-0.0654993
-0.0647245
-0.0635981
-0.0621364
-0.0603551
-0.0582693
-0.0558933
-0.0532408
-0.050325
-0.0471587
-0.043754
-0.0401226
-0.0362759
-0.0322249
-0.0279807
-0.0235542
-0.0189566
-0.0141989
-0.00929292
-0.00425032
0.000916619
0.00619513
0.0115718
0.0170326
0.0225623
0.0281451
0.033764
0.039401
0.045037
0.0506518
0.0562238
0.0617304
0.0671476
0.0724501
0.0776118
0.0826053
0.0874024
0.0919741
0.0962904
0.100321
0.104035
0.107401
0.110389
0.112967
0.115107
0.116778
0.117955
0.11861
0.118721
0.118266
0.117227
0.115587
0.113335
0.110461
0.106959
0.102827
0.0980674
0.0926807
0.0866722
0.0801032
0.0730292
0.0647681
0.0547586
-0.0124447
-0.0220534
-0.0298976
-0.0365324
-0.0426373
-0.0481785
-0.0531167
-0.0574666
-0.0612459
-0.0644706
-0.0671578
-0.0693261
-0.0709949
-0.0721839
-0.0729129
-0.0732019
-0.0730706
-0.0725385
-0.0716243
-0.0703464
-0.0687222
-0.0667686
-0.0645015
-0.061936
-0.0590868
-0.0559675
-0.0525915
-0.0489711
-0.0451185
-0.0410451
-0.0367622
-0.0322808
-0.0276119
-0.0227665
-0.0177557
-0.0125908
-0.00728354
-0.00184581
0.00370976
0.00936994
0.0151207
0.0209472
0.0268336
0.0327628
0.038717
0.044677
0.050622
0.0565304
0.0623789
0.0681428
0.0737962
0.0793117
0.084661
0.0898144
0.0947412
0.0994099
0.103788
0.107843
0.111541
0.114849
0.117733
0.120161
0.122102
0.123524
0.124401
0.124704
0.124411
0.1235
0.121952
0.119754
0.116893
0.113363
0.109161
0.104287
0.098741
0.0925288
0.0857142
0.0783549
0.0697368
0.0592734
-0.0191502
-0.0291025
-0.0372155
-0.0440635
-0.0503511
-0.0560434
-0.0610998
-0.0655364
-0.069372
-0.0726241
-0.0753113
-0.0774539
-0.079073
-0.0801901
-0.0808268
-0.0810049
-0.0807459
-0.0800708
-0.079
-0.0775531
-0.0757491
-0.0736057
-0.07114
-0.0683682
-0.0653055
-0.0619665
-0.0583647
-0.054513
-0.0504238
-0.0461088
-0.0415793
-0.0368464
-0.031921
-0.0268139
-0.0215361
-0.0160986
-0.0105127
-0.00479023
0.00105649
0.00701449
0.01307
0.0192084
0.025414
0.03167
0.0379584
0.04426
0.050554
0.0568183
0.0630292
0.0691615
0.0751883
0.0810815
0.0868114
0.092347
0.0976561
0.102705
0.10746
0.111885
0.115945
0.119604
0.122825
0.125573
0.127813
0.129513
0.130639
0.131164
0.131059
0.1303
0.128867
0.126742
0.123913
0.120369
0.116106
0.111124
0.105422
0.0990053
0.0919401
0.0842869
0.0752977
0.0643596
-0.0264914
-0.0367998
-0.0451897
-0.0522556
-0.0587282
-0.0645712
-0.0697432
-0.0742612
-0.0781457
-0.0814156
-0.0840913
-0.0861949
-0.0877495
-0.0887787
-0.0893061
-0.0893556
-0.0889505
-0.0881137
-0.0868672
-0.0852322
-0.0832291
-0.0808771
-0.0781944
-0.075198
-0.0719041
-0.0683278
-0.0644833
-0.0603839
-0.0560421
-0.05147
-0.0466788
-0.0416797
-0.0364834
-0.0311006
-0.0255418
-0.0198178
-0.0139396
-0.00791858
-0.00176678
0.00450323
0.010878
0.0173433
0.0238837
0.0304826
0.0371222
0.0437832
0.0504448
0.0570847
0.0636788
0.0702013
0.0766248
0.08292
0.0890562
0.0950011
0.100721
0.10618
0.111341
0.116169
0.120623
0.124665
0.128256
0.131357
0.133931
0.13594
0.137349
0.138125
0.138238
0.13766
0.136366
0.134338
0.131558
0.128016
0.123705
0.118623
0.112769
0.106148
0.0988271
0.090871
0.0814956
0.0700608
-0.0345026
-0.0451805
-0.0538564
-0.0611456
-0.0678055
-0.0737989
-0.0790832
-0.0836767
-0.0876015
-0.0908781
-0.093529
-0.0955786
-0.0970521
-0.0979754
-0.0983745
-0.0982755
-0.0977038
-0.0966844
-0.0952411
-0.093397
-0.091174
-0.0885929
-0.0856729
-0.0824323
-0.0788881
-0.075056
-0.0709508
-0.0665863
-0.0619753
-0.05713
-0.0520617
-0.0467814
-0.0412996
-0.0356267
-0.029773
-0.0237487
-0.0175645
-0.0112314
-0.00476077
0.00183518
0.00854356
0.0153505
0.0222409
0.0291987
0.0362062
0.0432442
0.0502921
0.0573272
0.0643254
0.0712604
0.078104
0.0848263
0.0913952
0.0977771
0.103936
0.109836
0.115437
0.120699
0.125582
0.130042
0.134039
0.13753
0.140473
0.142828
0.144554
0.145617
0.14598
0.145612
0.144486
0.142579
0.139872
0.136349
0.132004
0.126833
0.120832
0.114006
0.106426
0.0981572
0.08838
0.0764248
-0.04322
-0.0542829
-0.0632551
-0.0707733
-0.0776232
-0.0837665
-0.0891592
-0.093821
-0.097776
-0.101047
-0.103658
-0.105636
-0.10701
-0.107807
-0.108056
-0.107786
-0.107025
-0.1058
-0.104137
-0.10206
-0.0995944
-0.0967616
-0.0935826
-0.0900765
-0.0862614
-0.0821537
-0.0777689
-0.0731211
-0.0682235
-0.0630883
-0.0577269
-0.05215
-0.046368
-0.0403907
-0.034228
-0.0278898
-0.0213862
-0.0147275
-0.00792464
-0.000989124
0.00606676
0.0132297
0.0204852
0.0278174
0.0352092
0.0426416
0.0500941
0.0575441
0.0649673
0.0723371
0.0796247
0.0867995
0.0938282
0.100676
0.107305
0.113677
0.119751
0.125483
0.130831
0.135748
0.140189
0.144108
0.14746
0.150199
0.152282
0.153667
0.154317
0.154194
0.153268
0.15151
0.148899
0.145418
0.141055
0.135805
0.129664
0.122635
0.11479
0.106201
0.0960048
0.0835039
-0.0526832
-0.0641484
-0.0734283
-0.0811821
-0.0882249
-0.0945169
-0.100013
-0.104735
-0.108709
-0.111959
-0.114513
-0.116401
-0.117653
-0.118301
-0.118376
-0.117911
-0.116934
-0.115477
-0.113568
-0.111233
-0.1085
-0.105391
-0.101929
-0.0981343
-0.0940261
-0.0896218
-0.0849372
-0.079987
-0.0747845
-0.0693421
-0.0636711
-0.057782
-0.0516846
-0.0453885
-0.038903
-0.0322375
-0.0254012
-0.0184039
-0.0112557
-0.00396744
0.00344942
0.0109822
0.0186172
0.026339
0.034131
0.0419748
0.04985
0.0577343
0.0656034
0.0734303
0.081186
0.088839
0.0963551
0.103698
0.110829
0.117707
0.124288
0.130528
0.136378
0.141792
0.146718
0.151108
0.154911
0.158077
0.160559
0.162309
0.163285
0.163445
0.162753
0.161177
0.158691
0.155275
0.150913
0.145599
0.139325
0.132094
0.123982
0.115061
0.104429
0.0913556
-0.0629348
-0.0748219
-0.0844227
-0.0924192
-0.0996577
-0.106097
-0.111691
-0.116463
-0.120442
-0.123655
-0.126132
-0.127907
-0.129013
-0.129486
-0.12936
-0.12867
-0.127449
-0.125731
-0.123547
-0.120927
-0.117898
-0.114486
-0.110715
-0.106607
-0.102182
-0.0974585
-0.0924528
-0.08718
-0.0816537
-0.0758862
-0.0698886
-0.0636711
-0.0572432
-0.0506139
-0.0437919
-0.0367857
-0.0296039
-0.0222554
-0.0147493
-0.0070956
0.000695137
0.0086111
0.0166393
0.0247652
0.0329729
0.0412444
0.04956
0.0578976
0.0662331
0.0745394
0.0827872
0.0909444
0.098976
0.106844
0.114509
0.121927
0.129053
0.135839
0.142234
0.148186
0.153642
0.158547
0.162847
0.166487
0.169414
0.171574
0.17292
0.173405
0.172987
0.17163
0.169301
0.165977
0.161638
0.156276
0.14988
0.142451
0.134068
0.124806
0.113719
0.100043
-0.0740211
-0.0863526
-0.0962888
-0.104536
-0.111973
-0.118558
-0.124243
-0.129054
-0.133023
-0.136179
-0.138556
-0.140192
-0.141125
-0.141392
-0.141033
-0.140087
-0.13859
-0.136579
-0.134088
-0.13115
-0.127795
-0.12405
-0.119942
-0.115494
-0.110727
-0.10566
-0.10031
-0.0946935
-0.0888234
-0.0827121
-0.0763705
-0.0698085
-0.0630348
-0.056058
-0.0488859
-0.0415261
-0.0339864
-0.0262744
-0.0183984
-0.0103672
-0.00219045
0.00612116
0.0145556
0.0230994
0.0317373
0.0404523
0.0492253
0.0580348
0.0668567
0.0756644
0.0844283
0.0931158
0.101691
0.110116
0.118348
0.126342
0.134051
0.141423
0.148405
0.154941
0.160974
0.166444
0.171291
0.175455
0.178877
0.181498
0.183264
0.184121
0.184021
0.182922
0.180787
0.177586
0.173297
0.167905
0.161399
0.153776
0.14512
0.135507
0.123945
0.109636
-0.0859928
-0.0987942
-0.109082
-0.117589
-0.125228
-0.131956
-0.137724
-0.142561
-0.1465
-0.149576
-0.151828
-0.153295
-0.154021
-0.154049
-0.153422
-0.152183
-0.150373
-0.148033
-0.1452
-0.141909
-0.138194
-0.134085
-0.129609
-0.124791
-0.119654
-0.114218
-0.1085
-0.102518
-0.0962828
-0.0898085
-0.083105
-0.0761819
-0.0690472
-0.0617087
-0.0541731
-0.0464473
-0.0385375
-0.0304506
-0.0221934
-0.0137736
-0.0051995
0.00351935
0.0123721
0.0213465
0.0304285
0.0396018
0.0488485
0.0581475
0.0674755
0.076806
0.0861095
0.0953533
0.104501
0.113513
0.122346
0.130954
0.139285
0.147286
0.154901
0.16207
0.168729
0.174816
0.180264
0.185008
0.188981
0.192118
0.194357
0.195638
0.195907
0.195113
0.193213
0.190171
0.18596
0.180561
0.17396
0.16615
0.157219
0.147245
0.135187
0.12021
-0.0989054
-0.112206
-0.122865
-0.131641
-0.139486
-0.146353
-0.152194
-0.15704
-0.160928
-0.163898
-0.165992
-0.167256
-0.167739
-0.167488
-0.166553
-0.16498
-0.162817
-0.160106
-0.156891
-0.153209
-0.149097
-0.144588
-0.13971
-0.134491
-0.128955
-0.123122
-0.117011
-0.110638
-0.104017
-0.0971601
-0.0900766
-0.0827757
-0.0752648
-0.0675505
-0.0596386
-0.0515346
-0.0432436
-0.0347709
-0.0261221
-0.0173034
-0.00832173
0.000814881
0.010097
0.0195137
0.0290523
0.0386979
0.0484333
0.0582387
0.0680914
0.0779655
0.0878318
0.0976575
0.107406
0.117037
0.126506
0.135764
0.144759
0.153434
0.16173
0.169581
0.176921
0.183681
0.189789
0.195172
0.199757
0.203471
0.206245
0.208009
0.208702
0.208265
0.206647
0.203806
0.199707
0.194328
0.187649
0.179662
0.170454
0.160108
0.147531
0.131849
-0.11282
-0.126653
-0.137705
-0.146762
-0.154815
-0.161817
-0.167719
-0.172554
-0.176366
-0.179198
-0.181098
-0.18212
-0.182316
-0.181742
-0.180452
-0.178499
-0.175935
-0.17281
-0.169167
-0.165052
-0.160502
-0.155553
-0.150237
-0.144583
-0.138616
-0.132357
-0.125826
-0.119038
-0.112008
-0.104748
-0.0972659
-0.0895705
-0.0816683
-0.0735645
-0.0652638
-0.0567702
-0.0480874
-0.0392191
-0.0301693
-0.0209426
-0.0115443
-0.00198061
0.00774061
0.0176101
0.0276166
0.0377468
0.047985
0.0583124
0.0687074
0.0791449
0.0895965
0.100029
0.110407
0.120688
0.130828
0.140776
0.150477
0.159872
0.168898
0.177486
0.185565
0.193058
0.199889
0.205977
0.21124
0.215599
0.218974
0.221287
0.222466
0.222445
0.221164
0.218571
0.214625
0.209297
0.202562
0.194407
0.184924
0.174197
0.161076
0.144648
-0.127805
-0.14221
-0.153679
-0.163029
-0.171294
-0.178425
-0.184372
-0.189173
-0.192877
-0.195534
-0.197199
-0.197931
-0.197792
-0.196843
-0.195145
-0.19276
-0.189743
-0.186151
-0.182032
-0.177435
-0.172402
-0.166971
-0.161178
-0.155051
-0.148619
-0.141903
-0.134923
-0.127695
-0.120233
-0.112548
-0.104649
-0.0965426
-0.0882341
-0.0797277
-0.0710263
-0.0621325
-0.0530483
-0.0437757
-0.0343168
-0.0246742
-0.0148514
-0.00485288
0.00531568
0.0156468
0.0261311
0.036757
0.0475103
0.0583739
0.0693275
0.0803473
0.0914055
0.10247
0.113504
0.124468
0.135313
0.14599
0.156441
0.166604
0.176413
0.185795
0.194672
0.202964
0.210586
0.21745
0.223465
0.228543
0.232593
0.235529
0.237266
0.237728
0.236845
0.234555
0.230809
0.225568
0.218803
0.210495
0.200738
0.189618
0.175927
0.158708
-0.143937
-0.158958
-0.170873
-0.180529
-0.189008
-0.19626
-0.202234
-0.206973
-0.210533
-0.212971
-0.214351
-0.21474
-0.214207
-0.212824
-0.210659
-0.20778
-0.204252
-0.200134
-0.195484
-0.190352
-0.184786
-0.178828
-0.172513
-0.165875
-0.158941
-0.151734
-0.144276
-0.136581
-0.128663
-0.120533
-0.112198
-0.103664
-0.0949344
-0.0860127
-0.0768998
-0.0675962
-0.0581022
-0.0484177
-0.0385429
-0.0284782
-0.0182248
-0.00778505
0.00283742
0.0136374
0.0246075
0.0357382
0.0470175
0.0584299
0.0699569
0.0815762
0.0932611
0.104981
0.116699
0.128375
0.139962
0.151407
0.162652
0.173633
0.18428
0.194515
0.204256
0.213416
0.221903
0.229619
0.236468
0.242346
0.247155
0.250796
0.253171
0.254193
0.253778
0.251855
0.248362
0.243253
0.236488
0.228046
0.218018
0.206496
0.192206
0.174145
-0.1613
-0.17699
-0.189383
-0.199361
-0.208057
-0.215418
-0.221395
-0.226039
-0.229411
-0.231579
-0.232615
-0.232596
-0.231604
-0.229718
-0.227016
-0.223576
-0.219468
-0.214761
-0.209517
-0.203793
-0.19764
-0.191102
-0.18422
-0.177027
-0.169553
-0.161821
-0.153852
-0.145663
-0.137264
-0.128667
-0.119878
-0.1109
-0.101737
-0.092388
-0.0828536
-0.0731319
-0.0632211
-0.0531188
-0.0428228
-0.0323312
-0.0216428
-0.0107575
0.000323497
0.0115974
0.0230594
0.0347023
0.0465162
0.0584881
0.0706014
0.0828357
0.095166
0.107563
0.119991
0.132409
0.144772
0.157026
0.169111
0.180961
0.192502
0.203652
0.214326
0.224428
0.233859
0.242514
0.250283
0.257054
0.262714
0.267151
0.270256
0.271925
0.27206
0.270576
0.2674
0.262473
0.255747
0.247192
0.236901
0.224966
0.210044
0.191087
-0.179993
-0.196412
-0.20932
-0.219636
-0.228549
-0.236006
-0.241958
-0.246464
-0.249596
-0.251432
-0.252055
-0.251556
-0.250026
-0.247558
-0.24424
-0.24016
-0.235398
-0.230029
-0.224123
-0.217742
-0.210941
-0.203769
-0.196268
-0.188475
-0.180419
-0.172126
-0.163615
-0.154902
-0.145998
-0.136913
-0.127651
-0.118214
-0.108604
-0.0988172
-0.0888527
-0.0787061
-0.0683729
-0.0578485
-0.047128
-0.0362068
-0.0250811
-0.013748
-0.00220596
0.00954494
0.0215026
0.0336626
0.0460176
0.0585574
0.0712677
0.0841305
0.0971228
0.110217
0.123379
0.13657
0.149743
0.162845
0.175816
0.188586
0.20108
0.213213
0.224891
0.236015
0.246476
0.25616
0.264946
0.27271
0.279325
0.284663
0.2886
0.291014
0.291794
0.290835
0.28805
0.283367
0.276725
0.268084
0.257539
0.245181
0.229593
0.209676
-0.200125
-0.217344
-0.230809
-0.241482
-0.250611
-0.258145
-0.264037
-0.268355
-0.271183
-0.272613
-0.272741
-0.271674
-0.269517
-0.266375
-0.262351
-0.257542
-0.25204
-0.245928
-0.239283
-0.232174
-0.22466
-0.216794
-0.208621
-0.200178
-0.191498
-0.182604
-0.173518
-0.164253
-0.154819
-0.145225
-0.135472
-0.125562
-0.115492
-0.105259
-0.0948576
-0.0842809
-0.0735219
-0.0625731
-0.0514268
-0.0400755
-0.0285123
-0.0167315
-0.00472844
0.00749991
0.0199545
0.0326339
0.0455341
0.0586476
0.0719632
0.0854655
0.0991343
0.112944
0.126863
0.140853
0.15487
0.16886
0.182761
0.196506
0.210013
0.223196
0.235956
0.248186
0.259769
0.270582
0.280492
0.28936
0.297044
0.303401
0.308287
0.311561
0.313092
0.312758
0.310452
0.306086
0.299582
0.290891
0.280103
0.267313
0.251022
0.230073
-0.221823
-0.239925
-0.253996
-0.265045
-0.274388
-0.281974
-0.287761
-0.291829
-0.294276
-0.295211
-0.294748
-0.293011
-0.290121
-0.2862
-0.281365
-0.275727
-0.269388
-0.262442
-0.254974
-0.247058
-0.23876
-0.230135
-0.221232
-0.212089
-0.202739
-0.193206
-0.183509
-0.173663
-0.163675
-0.153551
-0.143292
-0.132895
-0.122356
-0.111668
-0.100825
-0.0898146
-0.0786284
-0.0672552
-0.0556841
-0.0439046
-0.0319065
-0.0196807
-0.00721925
0.00548427
0.0184343
0.0316327
0.0450791
0.0587693
0.0726955
0.0868456
0.101203
0.115744
0.13044
0.145256
0.160147
0.175063
0.189942
0.204713
0.219297
0.2336
0.247522
0.260948
0.273753
0.285802
0.296951
0.307047
0.31593
0.323438
0.329405
0.333671
0.336079
0.336486
0.334762
0.330798
0.3245
0.315801
0.30479
0.291559
0.274521
0.25246
-0.245234
-0.264315
-0.279049
-0.290494
-0.300044
-0.30765
-0.313276
-0.317016
-0.31899
-0.319324
-0.318155
-0.315627
-0.311881
-0.30706
-0.301295
-0.294713
-0.287429
-0.279548
-0.271163
-0.262355
-0.253195
-0.243742
-0.234047
-0.22415
-0.214083
-0.20387
-0.193529
-0.183072
-0.172507
-0.161834
-0.151052
-0.140157
-0.129141
-0.117994
-0.106705
-0.0952612
-0.0836487
-0.0718537
-0.0598618
-0.0476588
-0.035231
-0.0225659
-0.00965172
0.00352165
0.0169624
0.0306763
0.0446666
0.0589333
0.0734723
0.0882753
0.103329
0.118614
0.134105
0.14977
0.165566
0.181444
0.197345
0.213197
0.22892
0.244418
0.259585
0.274302
0.288435
0.301838
0.314354
0.325814
0.33604
0.344847
0.352048
0.357455
0.360887
0.362171
0.361152
0.357695
0.351682
0.34303
0.33182
0.318141
0.300308
0.277043
-0.270529
-0.290702
-0.306164
-0.318025
-0.32777
-0.335354
-0.340748
-0.344066
-0.345452
-0.345057
-0.343046
-0.339584
-0.33484
-0.328976
-0.322145
-0.31449
-0.306139
-0.29721
-0.287805
-0.278012
-0.267907
-0.257553
-0.247002
-0.236294
-0.225462
-0.214528
-0.20351
-0.192415
-0.181248
-0.170009
-0.158692
-0.14729
-0.135791
-0.124181
-0.112447
-0.100571
-0.0885363
-0.0763249
-0.0639189
-0.0513001
-0.0384512
-0.0253556
-0.0119976
0.00163691
0.0155603
0.0297825
0.0443112
0.0591504
0.0743007
0.0897582
0.105514
0.121553
0.137853
0.154386
0.171114
0.18799
0.204955
0.221942
0.238867
0.255634
0.272135
0.288243
0.303817
0.318701
0.332724
0.345699
0.357428
0.367703
0.376311
0.383033
0.387658
0.38998
0.389812
0.386987
0.38136
0.372822
0.361445
0.347314
0.328634
0.304057
-0.297907
-0.319307
-0.33557
-0.347869
-0.35779
-0.365295
-0.370366
-0.373144
-0.373803
-0.372526
-0.369507
-0.364945
-0.359036
-0.351967
-0.343913
-0.335037
-0.325484
-0.315383
-0.304845
-0.293967
-0.282828
-0.271495
-0.26002
-0.248445
-0.236799
-0.225104
-0.213374
-0.201615
-0.189827
-0.178007
-0.166144
-0.154228
-0.142242
-0.130171
-0.117994
-0.105691
-0.0932413
-0.0806224
-0.0678123
-0.0547889
-0.0415308
-0.028017
-0.0142277
-0.00014432
0.0142499
0.0289695
0.0440269
0.059431
0.0751871
0.0912964
0.107755
0.124552
0.141673
0.159091
0.176775
0.19468
0.212752
0.230924
0.249115
0.267229
0.285153
0.302757
0.319894
0.336395
0.352076
0.366733
0.380145
0.39208
0.402292
0.410531
0.416548
0.420098
0.420955
0.418915
0.413795
0.405456
0.393955
0.379371
0.359784
0.333771
-0.327605
-0.350389
-0.367539
-0.380295
-0.390362
-0.397712
-0.402346
-0.404439
-0.4042
-0.401853
-0.397632
-0.391771
-0.384501
-0.376038
-0.366584
-0.356323
-0.345416
-0.334005
-0.322213
-0.310141
-0.297875
-0.285482
-0.273014
-0.260513
-0.248005
-0.235511
-0.223038
-0.210591
-0.198164
-0.18575
-0.173334
-0.160901
-0.14843
-0.1359
-0.123287
-0.110566
-0.0977118
-0.0846976
-0.0714973
-0.0580842
-0.0444323
-0.0305165
-0.0163122
-0.00179627
0.0130529
0.028255
0.0438272
0.0597839
0.076136
0.0928899
0.110048
0.127605
0.145551
0.163867
0.182525
0.201488
0.220705
0.240112
0.259632
0.279169
0.29861
0.317821
0.336647
0.354913
0.372418
0.388941
0.404238
0.418047
0.430091
0.44008
0.447721
0.452726
0.454818
0.453746
0.449284
0.441252
0.429686
0.414653
0.394091
0.366499
-0.359904
-0.384261
-0.402394
-0.415623
-0.425791
-0.432887
-0.436937
-0.43816
-0.436813
-0.43317
-0.427512
-0.420118
-0.411258
-0.401185
-0.390129
-0.378297
-0.365868
-0.352999
-0.33982
-0.326441
-0.312949
-0.299412
-0.285882
-0.272397
-0.258982
-0.245651
-0.232408
-0.219252
-0.206173
-0.193157
-0.180185
-0.167235
-0.154284
-0.141303
-0.128264
-0.115138
-0.101894
-0.0885012
-0.0749283
-0.0611442
-0.0471184
-0.0328207
-0.0182219
-0.0032938
0.0119903
0.0276552
0.0437239
0.0602165
0.0771495
0.0945361
0.112384
0.130697
0.149469
0.16869
0.188338
0.208382
0.228778
0.249467
0.270376
0.291413
0.312464
0.333395
0.354046
0.374233
0.393742
0.412334
0.42974
0.445669
0.459804
0.471813
0.481353
0.48808
0.491661
0.491785
0.488168
0.48058
0.469028
0.453556
0.431946
0.402602
-0.395141
-0.421295
-0.440522
-0.454234
-0.464437
-0.471146
-0.474423
-0.474544
-0.471829
-0.466614
-0.459237
-0.450034
-0.43932
-0.427388
-0.414501
-0.40089
-0.386755
-0.372265
-0.35756
-0.342753
-0.327934
-0.313169
-0.298508
-0.283985
-0.269618
-0.255418
-0.241382
-0.227501
-0.21376
-0.200139
-0.186613
-0.173154
-0.159731
-0.146311
-0.132862
-0.119349
-0.105734
-0.0919832
-0.0780599
-0.063928
-0.049552
-0.034897
-0.0199285
-0.00461325
0.011081
0.0271846
0.0437265
0.0607328
0.0782268
0.0962282
0.114752
0.13381
0.153404
0.17353
0.194177
0.21532
0.236924
0.258937
0.281292
0.303903
0.326659
0.349426
0.372043
0.394318
0.416025
0.436908
0.456674
0.474998
0.491523
0.505867
0.517629
0.5264
0.531776
0.533374
0.530837
0.523869
0.512434
0.496549
0.473807
0.442509
-0.433727
-0.461944
-0.482391
-0.496582
-0.506725
-0.512869
-0.515129
-0.513856
-0.509452
-0.502327
-0.492896
-0.481556
-0.46868
-0.454604
-0.439627
-0.424008
-0.407966
-0.391682
-0.375302
-0.358944
-0.342694
-0.326618
-0.310761
-0.295148
-0.279792
-0.264696
-0.249848
-0.235233
-0.220828
-0.206605
-0.192532
-0.178575
-0.164696
-0.150857
-0.137018
-0.123139
-0.109178
-0.0950947
-0.0808477
-0.0663957
-0.0516982
-0.0367149
-0.0214063
-0.00573344
0.0103413
0.0268544
0.0438408
0.0613334
0.0793624
0.097955
0.117135
0.13692
0.157323
0.178349
0.199996
0.222249
0.245083
0.268456
0.29231
0.316565
0.341118
0.36584
0.390567
0.415105
0.43922
0.462637
0.48504
0.50607
0.525326
0.542371
0.556737
0.567937
0.575483
0.578901
0.57774
0.571619
0.560444
0.544185
0.520217
0.486724
-0.47616
-0.506763
-0.528569
-0.54322
-0.553162
-0.558503
-0.559429
-0.556391
-0.549896
-0.540452
-0.528562
-0.514701
-0.499304
-0.48276
-0.465406
-0.447527
-0.42936
-0.411097
-0.39289
-0.374854
-0.357074
-0.339608
-0.322493
-0.305746
-0.289371
-0.273358
-0.257689
-0.242339
-0.227274
-0.21246
-0.197855
-0.183418
-0.169105
-0.15487
-0.140667
-0.126451
-0.112173
-0.0977885
-0.0832496
-0.0685102
-0.0535244
-0.0382469
-0.0226324
-0.00663672
0.00978382
0.0266718
0.0440686
0.0620141
0.080546
0.0996995
0.119507
0.139995
0.161187
0.1831
0.20574
0.229106
0.253184
0.277945
0.303341
0.329306
0.355746
0.382537
0.409523
0.436507
0.463251
0.489466
0.514813
0.538899
0.561277
0.581449
0.598869
0.612963
0.623136
0.628803
0.629395
0.624417
0.613692
0.597127
0.571831
0.535852
-0.523055
-0.556433
-0.579755
-0.594813
-0.604354
-0.608569
-0.607748
-0.602475
-0.593389
-0.581125
-0.566292
-0.549457
-0.531128
-0.511749
-0.491696
-0.471283
-0.45076
-0.430328
-0.410138
-0.390302
-0.370895
-0.351967
-0.333542
-0.315625
-0.298208
-0.28127
-0.26478
-0.248701
-0.232991
-0.217604
-0.202491
-0.187601
-0.172882
-0.158282
-0.143749
-0.12923
-0.114671
-0.100021
-0.0852271
-0.0702381
-0.0550026
-0.0394697
-0.0235889
-0.00731012
0.00941617
0.0266388
0.0444061
0.0627649
0.0817609
0.101438
0.121837
0.142996
0.164949
0.187724
0.211341
0.235813
0.261138
0.287305
0.31428
0.34201
0.370417
0.39939
0.428781
0.4584
0.488006
0.517302
0.54593
0.573464
0.599409
0.623202
0.644212
0.661758
0.675121
0.683576
0.686402
0.682955
0.672942
0.656174
0.62944
0.590624
-0.57518
-0.611805
-0.636812
-0.652178
-0.66103
-0.663682
-0.66057
-0.652459
-0.640161
-0.624464
-0.60611
-0.585771
-0.564038
-0.541412
-0.51831
-0.495067
-0.471948
-0.449153
-0.426828
-0.405073
-0.383954
-0.363502
-0.343727
-0.324618
-0.306151
-0.28829
-0.270991
-0.254203
-0.237872
-0.221941
-0.206351
-0.191043
-0.175956
-0.16103
-0.146206
-0.131425
-0.116626
-0.101753
-0.0867467
-0.0715513
-0.0561097
-0.0403656
-0.0242632
-0.00774648
0.00923996
0.0267514
0.0448429
0.0635689
0.0829833
0.103139
0.124086
0.145875
0.168551
0.192154
0.21672
0.242277
0.268842
0.296418
0.324994
0.354534
0.38498
0.416238
0.448177
0.480618
0.513327
0.546004
0.578279
0.609696
0.639714
0.667701
0.692933
0.714605
0.731852
0.743772
0.749453
0.748052
0.739111
0.722304
0.694015
0.651935
-0.6335
-0.673952
-0.700821
-0.716321
-0.724066
-0.724558
-0.718441
-0.70672
-0.690431
-0.670555
-0.647991
-0.623533
-0.597859
-0.57153
-0.544999
-0.518619
-0.492657
-0.467308
-0.442703
-0.418927
-0.396022
-0.374002
-0.352853
-0.332545
-0.313035
-0.294269
-0.276186
-0.258721
-0.241807
-0.225373
-0.209349
-0.193668
-0.178259
-0.163054
-0.147986
-0.132989
-0.117999
-0.10295
-0.0877809
-0.0724278
-0.0568292
-0.0409236
-0.0246495
-0.00794553
0.0092498
0.0269981
0.0453614
0.0644017
0.0841812
0.104762
0.126206
0.148573
0.171921
0.196307
0.221782
0.248391
0.276171
0.305146
0.335328
0.366706
0.399246
0.43288
0.467498
0.502945
0.539
0.575372
0.611685
0.647464
0.682126
0.714968
0.745167
0.771782
0.793768
0.810011
0.819351
0.820681
0.813314
0.796719
0.766763
0.720891
-0.699251
-0.744242
-0.773145
-0.788484
-0.79452
-0.792033
-0.781966
-0.765644
-0.744393
-0.71943
-0.69184
-0.662552
-0.632334
-0.601805
-0.571444
-0.541611
-0.512565
-0.484482
-0.45747
-0.431587
-0.406847
-0.383234
-0.36071
-0.339218
-0.318692
-0.299056
-0.280233
-0.262138
-0.24469
-0.227806
-0.211404
-0.195404
-0.179727
-0.164298
-0.149042
-0.133886
-0.118758
-0.103589
-0.0883099
-0.0728536
-0.0571526
-0.0411403
-0.0247501
-0.00791497
0.00943223
0.0273594
0.0459355
0.0652301
0.0853139
0.106258
0.128136
0.151019
0.17498
0.20009
0.226418
0.254029
0.282981
0.313326
0.3451
0.378322
0.41299
0.449069
0.486482
0.525104
0.564743
0.605128
0.645892
0.686552
0.726493
0.764949
0.800993
0.833531
0.861316
0.88297
0.897018
0.902005
0.896917
0.880918
0.8492
0.798887
-0.774032
-0.824445
-0.855527
-0.870222
-0.873671
-0.867075
-0.851799
-0.829603
-0.802179
-0.771032
-0.737458
-0.702529
-0.667103
-0.631842
-0.597238
-0.56364
-0.531284
-0.500311
-0.470793
-0.442747
-0.41615
-0.39095
-0.367075
-0.344438
-0.322945
-0.302498
-0.282995
-0.264336
-0.246421
-0.229153
-0.212439
-0.196186
-0.180308
-0.16472
-0.149338
-0.134084
-0.11888
-0.103651
-0.088323
-0.0728233
-0.0570799
-0.0410212
-0.0245757
-0.00767119
0.00976509
0.0278071
0.0465304
0.0660122
0.0863313
0.107569
0.129808
0.153134
0.177633
0.203393
0.230502
0.259047
0.28911
0.32077
0.354096
0.389143
0.425945
0.46451
0.504805
0.546749
0.590193
0.634904
0.680542
0.726635
0.772554
0.817481
0.860393
0.900035
0.934928
0.963378
0.983514
0.993412
0.991604
0.976796
0.943265
0.8877
-0.859951
-0.916889
-0.950215
-0.963479
-0.963056
-0.950782
-0.928626
-0.89892
-0.863819
-0.82517
-0.784499
-0.743023
-0.701671
-0.661128
-0.621873
-0.584222
-0.54836
-0.514379
-0.482293
-0.452068
-0.423631
-0.396885
-0.371716
-0.348004
-0.325621
-0.304443
-0.284344
-0.265204
-0.246905
-0.229336
-0.212389
-0.195962
-0.179957
-0.164282
-0.148846
-0.133564
-0.118352
-0.10313
-0.0878191
-0.0723415
-0.056621
-0.0405815
-0.0241468
-0.00723999
0.010217
0.0283038
0.0471022
0.0666965
0.0871739
0.108625
0.131143
0.154827
0.179776
0.206097
0.233897
0.263285
0.294372
0.327268
0.362077
0.398894
0.4378
0.478854
0.522079
0.567455
0.614893
0.664219
0.715148
0.767244
0.819892
0.87225
0.923211
0.971366
1.01498
1.05199
1.08003
1.09656
1.09947
1.08677
1.05148
0.989647
-0.959844
-1.02468
-1.06014
-1.07071
-1.06452
-1.04438
-1.01311
-0.973799
-0.929169
-0.881454
-0.832419
-0.783403
-0.735375
-0.689005
-0.644722
-0.602771
-0.563264
-0.52621
-0.491551
-0.459183
-0.428971
-0.400763
-0.374398
-0.349713
-0.326549
-0.304747
-0.284159
-0.264642
-0.24606
-0.228286
-0.211199
-0.194687
-0.178642
-0.162962
-0.147552
-0.132318
-0.117173
-0.102031
-0.0868081
-0.0714234
-0.0557961
-0.0398463
-0.0234936
-0.00665672
0.0107471
0.0288027
0.0475976
0.0672227
0.087773
0.109348
0.132052
0.155995
0.181293
0.208067
0.236448
0.266567
0.298565
0.332584
0.36877
0.407262
0.448197
0.491693
0.537845
0.586707
0.638275
0.692463
0.749068
0.807732
0.867893
0.928727
0.98908
1.04741
1.10172
1.14954
1.18789
1.21342
1.22311
1.21398
1.17718
1.10781
-1.07762
-1.15206
-1.18919
-1.19499
-1.18023
-1.14917
-1.10581
-1.05423
-0.997812
-0.939211
-0.880402
-0.822797
-0.767348
-0.714648
-0.665024
-0.618606
-0.575388
-0.535275
-0.498109
-0.463699
-0.431836
-0.402302
-0.374884
-0.349371
-0.325565
-0.303278
-0.282332
-0.262562
-0.243816
-0.22595
-0.20883
-0.192333
-0.176343
-0.16075
-0.145452
-0.130351
-0.115353
-0.100369
-0.0853116
-0.0700952
-0.0546363
-0.0388513
-0.0226563
-0.00596631
0.0113054
0.029248
0.0479545
0.0675217
0.0880516
0.109652
0.132437
0.156529
0.182057
0.209161
0.23799
0.268703
0.301468
0.336464
0.373879
0.413905
0.456737
0.502566
0.55157
0.603898
0.659655
0.718873
0.781475
0.847229
0.915684
0.986095
1.05733
1.12776
1.19517
1.25664
1.30847
1.34628
1.36582
1.36253
1.32487
1.24639
-1.21882
-1.30493
-1.34255
-1.3402
-1.31268
-1.26641
-1.20704
-1.13982
-1.06892
-0.997366
-0.927273
-0.860031
-0.796477
-0.737041
-0.681875
-0.630935
-0.584056
-0.540998
-0.501482
-0.465212
-0.43189
-0.401227
-0.372947
-0.346792
-0.322523
-0.299916
-0.278769
-0.258895
-0.240121
-0.222291
-0.205258
-0.188888
-0.173058
-0.157652
-0.14256
-0.127681
-0.112917
-0.098174
-0.0833625
-0.0683944
-0.0531828
-0.0376417
-0.0216843
-0.00522277
0.011833
0.029576
0.0481033
0.0675172
0.0879255
0.109443
0.132194
0.156311
0.181937
0.209227
0.238351
0.269492
0.302848
0.338636
0.377086
0.418448
0.462981
0.510957
0.56265
0.618325
0.678221
0.742524
0.811331
0.884597
0.962064
1.04316
1.12687
1.21159
1.29496
1.37363
1.44313
1.49779
1.53164
1.53787
1.50079
1.41131
-1.39163
-1.49168
-1.52717
-1.51115
-1.4646
-1.39715
-1.31658
-1.22958
-1.14105
-1.0543
-0.971398
-0.893563
-0.821367
-0.75496
-0.694223
-0.63887
-0.588523
-0.542765
-0.501168
-0.463313
-0.428804
-0.397273
-0.368379
-0.341813
-0.317294
-0.294566
-0.273401
-0.25359
-0.234943
-0.217291
-0.200476
-0.184356
-0.1688
-0.153687
-0.138902
-0.12434
-0.109899
-0.0954855
-0.0810054
-0.0663688
-0.0514872
-0.0362725
-0.0206362
-0.00448823
0.0122638
0.0297158
0.0479681
0.067127
0.0873055
0.108625
0.131216
0.155221
0.180796
0.208111
0.237354
0.26873
0.302468
0.338819
0.378061
0.420497
0.46646
0.516307
0.570419
0.629194
0.693032
0.762312
0.83736
0.918392
1.00544
1.09822
1.19601
1.2974
1.40004
1.50031
1.59294
1.67077
1.72561
1.74729
1.71376
1.61122
-1.60857
-1.72455
-1.75244
-1.71362
-1.63865
-1.54175
-1.43332
-1.32155
-1.21191
-1.10765
-1.01057
-0.921422
-0.840316
-0.76697
-0.70088
-0.64144
-0.588006
-0.539947
-0.496665
-0.457606
-0.422269
-0.390201
-0.360997
-0.334296
-0.309779
-0.287159
-0.266182
-0.246621
-0.228272
-0.210953
-0.194499
-0.17876
-0.163599
-0.14889
-0.134518
-0.120372
-0.10635
-0.0923562
-0.0782952
-0.0640762
-0.0496097
-0.0348067
-0.0195776
-0.00383134
0.0125259
0.0295917
0.0474687
0.0662659
0.0860998
0.107096
0.129393
0.153139
0.178501
0.205661
0.234823
0.266214
0.300089
0.336734
0.376469
0.419653
0.46669
0.518027
0.574161
0.635636
0.703035
0.776967
0.858043
0.946822
1.04374
1.14899
1.26232
1.38279
1.50839
1.63552
1.75829
1.86802
1.95373
2.00055
1.97657
1.85934
-1.88992
-2.02173
-2.0309
-1.95421
-1.83687
-1.69924
-1.55461
-1.41237
-1.27798
-1.15417
-1.04192
-0.941171
-0.851315
-0.771444
-0.70055
-0.637622
-0.581706
-0.531926
-0.4875
-0.447733
-0.412015
-0.379812
-0.350657
-0.324144
-0.299914
-0.277657
-0.257097
-0.23799
-0.220124
-0.203305
-0.187362
-0.172141
-0.157501
-0.143315
-0.129463
-0.115836
-0.10233
-0.0888483
-0.0752962
-0.0615826
-0.0476179
-0.0333135
-0.0185796
-0.00332518
0.0125439
0.0291256
0.0465235
0.0648479
0.0842175
0.104761
0.12662
0.14995
0.174923
0.201732
0.230594
0.261754
0.295489
0.332114
0.371989
0.415525
0.463192
0.515527
0.573144
0.636738
0.707092
0.785075
0.871631
0.967748
1.0744
1.19243
1.32237
1.46411
1.61648
1.77647
1.93816
2.0916
2.22283
2.31062
2.30812
2.17693
-2.27043
-2.41077
-2.37873
-2.23939
-2.05931
-1.86607
-1.67532
-1.49658
-1.33422
-1.18947
-1.06181
-0.949899
-0.852077
-0.766616
-0.691882
-0.626396
-0.568857
-0.518135
-0.473258
-0.433393
-0.39783
-0.365962
-0.337268
-0.311302
-0.287677
-0.26606
-0.246162
-0.227729
-0.210539
-0.194394
-0.17912
-0.164559
-0.150571
-0.137025
-0.123805
-0.110801
-0.0979088
-0.085033
-0.0720801
-0.0589601
-0.0455848
-0.0318663
-0.0177164
-0.00304482
0.0122414
0.0282395
0.0450524
0.0627904
0.0815723
0.101528
0.1228
0.145547
0.169945
0.196195
0.224521
0.25518
0.288466
0.324719
0.36433
0.407753
0.455518
0.508242
0.566649
0.631582
0.704026
0.785124
0.876191
0.97871
1.09432
1.22472
1.37154
1.53605
1.7186
1.91778
2.12878
2.34153
2.53955
2.69419
2.73691
2.60031
-2.81299
-2.93343
-2.81492
-2.57277
-2.30116
-2.03382
-1.78628
-1.56574
-1.3735
-1.20782
-1.0658
-0.944241
-0.840091
-0.750632
-0.673522
-0.606782
-0.548759
-0.498076
-0.453591
-0.414352
-0.379563
-0.348561
-0.320784
-0.295757
-0.273078
-0.252398
-0.233422
-0.21589
-0.199578
-0.184286
-0.169841
-0.156086
-0.14288
-0.130097
-0.11762
-0.105342
-0.0931619
-0.0809856
-0.0687223
-0.0562841
-0.0435852
-0.0305402
-0.0170629
-0.00306561
0.0115426
0.0268567
0.0429776
0.0600136
0.078082
0.097311
0.117843
0.139835
0.163465
0.188934
0.216472
0.246341
0.278846
0.31434
0.353235
0.396019
0.443265
0.495655
0.554003
0.619285
0.692671
0.775567
0.869662
0.976972
1.09988
1.24114
1.40382
1.59112
1.80592
2.04984
2.32131
2.61266
2.9075
3.17069
3.30595
3.19486
-3.63197
-3.65017
-3.35751
-2.95015
-2.54873
-2.1865
-1.87285
-1.60785
-1.38653
-1.20234
-1.04892
-0.920648
-0.812865
-0.721764
-0.644284
-0.577976
-0.520876
-0.471405
-0.42829
-0.390491
-0.357162
-0.327602
-0.301229
-0.277559
-0.25618
-0.236745
-0.218956
-0.202557
-0.187326
-0.173069
-0.159613
-0.146807
-0.134515
-0.122614
-0.11099
-0.099541
-0.0881697
-0.0767849
-0.0652999
-0.0536302
-0.0416936
-0.029408
-0.016691
-0.00345809
0.0103779
0.0249085
0.0402309
0.0564497
0.0736785
0.0920417
0.111677
0.13274
0.155404
0.179867
0.206357
0.235135
0.266507
0.300829
0.338523
0.380091
0.426131
0.477364
0.534668
0.599112
0.67201
0.754991
0.850075
0.959781
1.08725
1.23638
1.41193
1.61962
1.86592
2.15743
2.49911
2.8907
3.32214
3.7584
4.07681
4.07837
-4.9338
-4.64051
-4.01631
-3.35549
-2.77785
-2.3007
-1.91609
-1.60898
-1.36367
-1.16662
-1.00703
-0.876582
-0.768914
-0.679212
-0.603812
-0.539901
-0.485304
-0.438322
-0.397611
-0.3621
-0.330925
-0.303384
-0.278897
-0.256987
-0.237251
-0.219352
-0.203002
-0.187954
-0.173994
-0.160936
-0.148618
-0.136893
-0.125633
-0.114721
-0.104049
-0.0935211
-0.0830444
-0.0725332
-0.0619054
-0.0510814
-0.0399834
-0.0285341
-0.0166555
-0.00426785
0.0087112
0.0223683
0.0367956
0.0520921
0.0683655
0.0857344
0.10433
0.1243
0.145812
0.169054
0.194247
0.221643
0.251539
0.284284
0.320293
0.360061
0.40419
0.453407
0.508611
0.570914
0.641711
0.722766
0.816333
0.925324
1.05353
1.2059
1.38898
1.61133
1.884
2.22082
2.63783
3.1505
3.76664
4.46679
5.12954
5.46078
-7.178
-6.00409
-4.75323
-3.73039
-2.93565
-2.33549
-1.88762
-1.55083
-1.29364
-1.09398
-0.936393
-0.810056
-0.70731
-0.622675
-0.552159
-0.492808
-0.442398
-0.399224
-0.361966
-0.329583
-0.301242
-0.276274
-0.254131
-0.234362
-0.216589
-0.200496
-0.185814
-0.172314
-0.159796
-0.148088
-0.137038
-0.126512
-0.116388
-0.10656
-0.096928
-0.0874011
-0.0778945
-0.0683285
-0.0586269
-0.0487159
-0.0385234
-0.0279776
-0.0170061
-0.00553499
0.00651227
0.0192161
0.0326619
0.0469418
0.0621558
0.0784138
0.0958383
0.114566
0.134753
0.156576
0.180239
0.205979
0.234075
0.264854
0.298709
0.33611
0.377627
0.423964
0.475986
0.534785
0.601742
0.678636
0.76779
0.872281
0.996256
1.1454
1.32762
1.55409
1.8407
2.21014
2.69469
3.33688
4.18016
5.25643
6.56568
7.80736
-11.56
-7.80255
-5.29295
-3.81987
-2.84166
-2.17218
-1.71125
-1.38433
-1.14411
-0.962246
-0.821072
-0.709112
-0.618704
-0.544586
-0.483039
-0.431364
-0.387557
-0.350101
-0.317825
-0.28981
-0.265325
-0.243782
-0.224699
-0.207679
-0.192391
-0.178557
-0.16594
-0.154336
-0.143571
-0.133491
-0.123961
-0.114861
-0.106085
-0.0975362
-0.0891256
-0.080772
-0.0723995
-0.0639363
-0.0553141
-0.0464665
-0.0373286
-0.0278359
-0.0179231
-0.00752383
0.00343082
0.0150131
0.0272996
0.0403729
0.0543225
0.0692468
0.0852548
0.102469
0.121027
0.141087
0.16283
0.186466
0.212241
0.240447
0.271429
0.305603
0.343477
0.38567
0.432955
0.4863
0.546944
0.616489
0.697046
0.791455
0.903617
1.03903
1.20567
1.41542
1.68657
2.04828
2.54907
3.26604
4.30367
5.85009
8.44991
12.3182
-18.9698
-9.55614
-5.06802
-3.24727
-2.28427
-1.70012
-1.32924
-1.07799
-0.89658
-0.75951
-0.652597
-0.567194
-0.497708
-0.440347
-0.392431
-0.352001
-0.317593
-0.288083
-0.262595
-0.240436
-0.221047
-0.203975
-0.188844
-0.175343
-0.16321
-0.152223
-0.14219
-0.132948
-0.124352
-0.116277
-0.108612
-0.101257
-0.0941231
-0.0871281
-0.0801979
-0.0732635
-0.0662603
-0.0591272
-0.0518057
-0.044239
-0.0363714
-0.0281477
-0.0195119
-0.010407
-0.000774226
0.00944817
0.0203254
0.0319275
0.0443301
0.0576159
0.0718764
0.0872135
0.103742
0.121591
0.140911
0.161871
0.184674
0.209551
0.236782
0.266697
0.299695
0.336263
0.377002
0.422658
0.474178
0.532776
0.600038
0.67808
0.769791
0.87924
1.01239
1.17836
1.39201
1.6796
2.09197
2.72599
3.75693
5.67367
10.2794
19.8164
)
;

boundaryField
{
    movingWall
    {
        type            zeroGradient;
    }
    fixedWalls
    {
        type            zeroGradient;
    }
    frontAndBack
    {
        type            empty;
    }
}


// ************************************************************************* //
