0.05 	0.0003125 	0.005 	-0.00198516 	7.12537e-07 	0
0.05 	0.0009375 	0.005 	-0.00583196 	4.72605e-06 	0
0.05 	0.0015625 	0.005 	-0.00956356 	1.33802e-05 	0
0.05 	0.0021875 	0.005 	-0.0131876 	2.57864e-05 	0
0.05 	0.0028125 	0.005 	-0.0167109 	4.14521e-05 	0
0.05 	0.0034375 	0.005 	-0.0201399 	6.01125e-05 	0
0.05 	0.0040625 	0.005 	-0.0234807 	8.15295e-05 	0
0.05 	0.0046875 	0.005 	-0.0267393 	0.0001055 	0
0.05 	0.0053125 	0.005 	-0.0299213 	0.000131868 	0
0.05 	0.0059375 	0.005 	-0.0330321 	0.000160524 	0
0.05 	0.0065625 	0.005 	-0.0360768 	0.000191398 	0
0.05 	0.0071875 	0.005 	-0.0390604 	0.000224464 	0
0.05 	0.0078125 	0.005 	-0.0419875 	0.000259735 	0
0.05 	0.0084375 	0.005 	-0.0448627 	0.00029726 	0
0.05 	0.0090625 	0.005 	-0.0476902 	0.000337131 	0
0.05 	0.0096875 	0.005 	-0.0504742 	0.00037947 	0
0.05 	0.0103125 	0.005 	-0.0532185 	0.00042444 	0
0.05 	0.0109375 	0.005 	-0.0559269 	0.000472235 	0
0.05 	0.0115625 	0.005 	-0.058603 	0.000523087 	0
0.05 	0.0121875 	0.005 	-0.06125 	0.000577257 	0
0.05 	0.0128125 	0.005 	-0.0638713 	0.000635042 	0
0.05 	0.0134375 	0.005 	-0.0664699 	0.00069677 	0
0.05 	0.0140625 	0.005 	-0.0690486 	0.000762801 	0
0.05 	0.0146875 	0.005 	-0.0716103 	0.000833526 	0
0.05 	0.0153125 	0.005 	-0.0741575 	0.000909368 	0
0.05 	0.0159375 	0.005 	-0.0766926 	0.000990778 	0
0.05 	0.0165625 	0.005 	-0.0792179 	0.00107824 	0
0.05 	0.0171875 	0.005 	-0.0817356 	0.00117227 	0
0.05 	0.0178125 	0.005 	-0.0842477 	0.0012734 	0
0.05 	0.0184375 	0.005 	-0.086756 	0.00138221 	0
0.05 	0.0190625 	0.005 	-0.0892622 	0.00149929 	0
0.05 	0.0196875 	0.005 	-0.0917678 	0.00162527 	0
0.05 	0.0203125 	0.005 	-0.0942743 	0.0017608 	0
0.05 	0.0209375 	0.005 	-0.096783 	0.00190657 	0
0.05 	0.0215625 	0.005 	-0.0992949 	0.00206328 	0
0.05 	0.0221875 	0.005 	-0.101811 	0.00223165 	0
0.05 	0.0228125 	0.005 	-0.104332 	0.00241245 	0
0.05 	0.0234375 	0.005 	-0.106859 	0.00260645 	0
0.05 	0.0240625 	0.005 	-0.109392 	0.00281446 	0
0.05 	0.0246875 	0.005 	-0.111931 	0.00303729 	0
0.05 	0.0253125 	0.005 	-0.114478 	0.00327578 	0
0.05 	0.0259375 	0.005 	-0.11703 	0.0035308 	0
0.05 	0.0265625 	0.005 	-0.11959 	0.00380323 	0
0.05 	0.0271875 	0.005 	-0.122156 	0.00409394 	0
0.05 	0.0278125 	0.005 	-0.124727 	0.00440386 	0
0.05 	0.0284375 	0.005 	-0.127304 	0.0047339 	0
0.05 	0.0290625 	0.005 	-0.129885 	0.00508497 	0
0.05 	0.0296875 	0.005 	-0.132469 	0.00545802 	0
0.05 	0.0303125 	0.005 	-0.135055 	0.00585398 	0
0.05 	0.0309375 	0.005 	-0.137641 	0.00627379 	0
0.05 	0.0315625 	0.005 	-0.140227 	0.00671837 	0
0.05 	0.0321875 	0.005 	-0.14281 	0.00718867 	0
0.05 	0.0328125 	0.005 	-0.145389 	0.00768561 	0
0.05 	0.0334375 	0.005 	-0.14796 	0.00821008 	0
0.05 	0.0340625 	0.005 	-0.150522 	0.008763 	0
0.05 	0.0346875 	0.005 	-0.153072 	0.00934522 	0
0.05 	0.0353125 	0.005 	-0.155608 	0.00995761 	0
0.05 	0.0359375 	0.005 	-0.158126 	0.010601 	0
0.05 	0.0365625 	0.005 	-0.160623 	0.0112761 	0
0.05 	0.0371875 	0.005 	-0.163096 	0.0119837 	0
0.05 	0.0378125 	0.005 	-0.16554 	0.0127246 	0
0.05 	0.0384375 	0.005 	-0.167953 	0.0134993 	0
0.05 	0.0390625 	0.005 	-0.17033 	0.0143084 	0
0.05 	0.0396875 	0.005 	-0.172667 	0.0151526 	0
0.05 	0.0403125 	0.005 	-0.17496 	0.0160322 	0
0.05 	0.0409375 	0.005 	-0.177203 	0.0169477 	0
0.05 	0.0415625 	0.005 	-0.179392 	0.0178993 	0
0.05 	0.0421875 	0.005 	-0.181521 	0.0188873 	0
0.05 	0.0428125 	0.005 	-0.183586 	0.0199118 	0
0.05 	0.0434375 	0.005 	-0.185581 	0.0209729 	0
0.05 	0.0440625 	0.005 	-0.1875 	0.0220705 	0
0.05 	0.0446875 	0.005 	-0.189337 	0.0232043 	0
0.05 	0.0453125 	0.005 	-0.191087 	0.024374 	0
0.05 	0.0459375 	0.005 	-0.192742 	0.0255793 	0
0.05 	0.0465625 	0.005 	-0.194298 	0.0268196 	0
0.05 	0.0471875 	0.005 	-0.195746 	0.028094 	0
0.05 	0.0478125 	0.005 	-0.19708 	0.0294018 	0
0.05 	0.0484375 	0.005 	-0.198294 	0.030742 	0
0.05 	0.0490625 	0.005 	-0.199381 	0.0321133 	0
0.05 	0.0496875 	0.005 	-0.200333 	0.0335143 	0
0.05 	0.0503125 	0.005 	-0.201143 	0.0349436 	0
0.05 	0.0509375 	0.005 	-0.201804 	0.0363995 	0
0.05 	0.0515625 	0.005 	-0.202308 	0.0378801 	0
0.05 	0.0521875 	0.005 	-0.202648 	0.0393832 	0
0.05 	0.0528125 	0.005 	-0.202816 	0.0409067 	0
0.05 	0.0534375 	0.005 	-0.202805 	0.0424481 	0
0.05 	0.0540625 	0.005 	-0.202607 	0.0440046 	0
0.05 	0.0546875 	0.005 	-0.202214 	0.0455736 	0
0.05 	0.0553125 	0.005 	-0.201619 	0.0471518 	0
0.05 	0.0559375 	0.005 	-0.200813 	0.0487362 	0
0.05 	0.0565625 	0.005 	-0.199789 	0.0503231 	0
0.05 	0.0571875 	0.005 	-0.198539 	0.051909 	0
0.05 	0.0578125 	0.005 	-0.197055 	0.0534901 	0
0.05 	0.0584375 	0.005 	-0.195329 	0.0550622 	0
0.05 	0.0590625 	0.005 	-0.193354 	0.0566213 	0
0.05 	0.0596875 	0.005 	-0.191122 	0.0581628 	0
0.05 	0.0603125 	0.005 	-0.188624 	0.0596823 	0
0.05 	0.0609375 	0.005 	-0.185853 	0.061175 	0
0.05 	0.0615625 	0.005 	-0.182802 	0.062636 	0
0.05 	0.0621875 	0.005 	-0.179462 	0.0640603 	0
0.05 	0.0628125 	0.005 	-0.175825 	0.0654428 	0
0.05 	0.0634375 	0.005 	-0.171884 	0.0667782 	0
0.05 	0.0640625 	0.005 	-0.167631 	0.0680611 	0
0.05 	0.0646875 	0.005 	-0.163057 	0.069286 	0
0.05 	0.0653125 	0.005 	-0.158155 	0.0704475 	0
0.05 	0.0659375 	0.005 	-0.152916 	0.0715399 	0
0.05 	0.0665625 	0.005 	-0.147331 	0.0725577 	0
0.05 	0.0671875 	0.005 	-0.141393 	0.0734953 	0
0.05 	0.0678125 	0.005 	-0.135092 	0.0743471 	0
0.05 	0.0684375 	0.005 	-0.128419 	0.0751076 	0
0.05 	0.0690625 	0.005 	-0.121365 	0.0757712 	0
0.05 	0.0696875 	0.005 	-0.113921 	0.0763327 	0
0.05 	0.0703125 	0.005 	-0.106075 	0.0767868 	0
0.05 	0.0709375 	0.005 	-0.0978184 	0.0771285 	0
0.05 	0.0715625 	0.005 	-0.0891389 	0.0773528 	0
0.05 	0.0721875 	0.005 	-0.0800254 	0.0774552 	0
0.05 	0.0728125 	0.005 	-0.0704655 	0.0774314 	0
0.05 	0.0734375 	0.005 	-0.0604466 	0.0772771 	0
0.05 	0.0740625 	0.005 	-0.0499552 	0.0769888 	0
0.05 	0.0746875 	0.005 	-0.038977 	0.0765632 	0
0.05 	0.0753125 	0.005 	-0.027497 	0.0759973 	0
0.05 	0.0759375 	0.005 	-0.0154995 	0.0752888 	0
0.05 	0.0765625 	0.005 	-0.00296777 	0.0744359 	0
0.05 	0.0771875 	0.005 	0.0101156 	0.0734372 	0
0.05 	0.0778125 	0.005 	0.0237691 	0.0722921 	0
0.05 	0.0784375 	0.005 	0.0380117 	0.0710006 	0
0.05 	0.0790625 	0.005 	0.0528636 	0.0695635 	0
0.05 	0.0796875 	0.005 	0.0683455 	0.0679823 	0
0.05 	0.0803125 	0.005 	0.0844789 	0.0662595 	0
0.05 	0.0809375 	0.005 	0.101286 	0.0643982 	0
0.05 	0.0815625 	0.005 	0.11879 	0.0624027 	0
0.05 	0.0821875 	0.005 	0.137013 	0.0602782 	0
0.05 	0.0828125 	0.005 	0.155979 	0.0580309 	0
0.05 	0.0834375 	0.005 	0.175712 	0.0556681 	0
0.05 	0.0840625 	0.005 	0.196233 	0.0531982 	0
0.05 	0.0846875 	0.005 	0.217567 	0.0506308 	0
0.05 	0.0853125 	0.005 	0.239735 	0.0479765 	0
0.05 	0.0859375 	0.005 	0.262757 	0.0452472 	0
0.05 	0.0865625 	0.005 	0.286653 	0.042456 	0
0.05 	0.0871875 	0.005 	0.31144 	0.039617 	0
0.05 	0.0878125 	0.005 	0.337132 	0.0367454 	0
0.05 	0.0884375 	0.005 	0.363741 	0.0338577 	0
0.05 	0.0890625 	0.005 	0.391275 	0.0309711 	0
0.05 	0.0896875 	0.005 	0.419739 	0.028104 	0
0.05 	0.0903125 	0.005 	0.449131 	0.0252752 	0
0.05 	0.0909375 	0.005 	0.479445 	0.0225043 	0
0.05 	0.0915625 	0.005 	0.51067 	0.0198114 	0
0.05 	0.0921875 	0.005 	0.542788 	0.0172167 	0
0.05 	0.0928125 	0.005 	0.575774 	0.0147403 	0
0.05 	0.0934375 	0.005 	0.609594 	0.0124021 	0
0.05 	0.0940625 	0.005 	0.644208 	0.0102214 	0
0.05 	0.0946875 	0.005 	0.679567 	0.00821618 	0
0.05 	0.0953125 	0.005 	0.715615 	0.0064033 	0
0.05 	0.0959375 	0.005 	0.752286 	0.00479766 	0
0.05 	0.0965625 	0.005 	0.789505 	0.00341192 	0
0.05 	0.0971875 	0.005 	0.827192 	0.00225601 	0
0.05 	0.0978125 	0.005 	0.865255 	0.00133602 	0
0.05 	0.0984375 	0.005 	0.9036 	0.000653011 	0
0.05 	0.0990625 	0.005 	0.942125 	0.000211203 	0
0.05 	0.0996875 	0.005 	0.980722 	2.59265e-05 	0
