/*--------------------------------*- C++ -*----------------------------------*\
  =========                 |
  \\      /  F ield         | OpenFOAM: The Open Source CFD Toolbox
   \\    /   O peration     | Website:  https://openfoam.org
    \\  /    A nd           | Version:  7
     \\/     M anipulation  |
\*---------------------------------------------------------------------------*/
FoamFile
{
    version     2.0;
    format      ascii;
    class       volScalarField;
    location    "0.275";
    object      p;
}
// * * * * * * * * * * * * * * * * * * * * * * * * * * * * * * * * * * * * * //

dimensions      [0 2 -2 0 0 0 0];

internalField   nonuniform List<scalar> 
6400
(
1.32612e-05
3.50652e-05
-0.000469817
-0.00150231
-0.0029443
-0.00468554
-0.00662575
-0.00867541
-0.0107573
-0.0128061
-0.0147665
-0.0165925
-0.0182456
-0.0196942
-0.0209123
-0.0218792
-0.022579
-0.0229993
-0.0231316
-0.0229707
-0.022514
-0.0217616
-0.0207158
-0.0193814
-0.0177647
-0.0158739
-0.013719
-0.0113112
-0.00866318
-0.00578879
-0.00270302
0.000578089
0.00403757
0.00765757
0.0114194
0.0153038
0.0192905
0.0233592
0.0274886
0.0316572
0.0358433
0.0400248
0.0441794
0.0482849
0.052319
0.0562597
0.0600851
0.0637738
0.067305
0.0706584
0.0738145
0.076755
0.0794623
0.0819205
0.0841148
0.0860323
0.0876619
0.0889942
0.0900224
0.0907418
0.0911505
0.0912494
0.0910426
0.0905374
0.0897448
0.08868
0.0873621
0.0858154
0.0840692
0.0821588
0.0801258
0.0780195
0.0758973
0.0738262
0.0718838
0.0701585
0.0687473
0.0677544
0.0672864
0.0673239
1.1091e-05
2.55312e-05
-0.000427711
-0.00131073
-0.00252419
-0.00398894
-0.00562912
-0.00737238
-0.00915347
-0.0109151
-0.0126077
-0.0141887
-0.0156219
-0.0168772
-0.0179294
-0.0187581
-0.0193472
-0.0196841
-0.0197599
-0.0195683
-0.0191062
-0.0183728
-0.0173694
-0.0160996
-0.0145689
-0.0127844
-0.0107547
-0.00849006
-0.00600196
-0.00330305
-0.000407129
0.00267099
0.00591556
0.00930997
0.0128368
0.016478
0.0202148
0.024028
0.0278977
0.0318038
0.035726
0.0396435
0.0435355
0.0473812
0.0511599
0.0548509
0.0584339
0.0618891
0.065197
0.0683389
0.0712969
0.0740541
0.0765944
0.0789033
0.0809677
0.0827757
0.0843176
0.0855853
0.0865731
0.0872775
0.0876974
0.0878345
0.0876934
0.0872821
0.0866118
0.0856975
0.0845581
0.0832171
0.0817024
0.0800475
0.078291
0.076478
0.07466
0.0728953
0.0712494
0.0697935
0.0686008
0.0677461
0.0673229
0.0673613
0.000519199
0.000481042
2.7301e-05
-0.000788324
-0.00187867
-0.00318047
-0.00463257
-0.0061749
-0.00775185
-0.00931338
-0.0108152
-0.0122186
-0.0134903
-0.0146018
-0.0155294
-0.0162536
-0.0167583
-0.0170315
-0.0170637
-0.0168488
-0.0163829
-0.0156647
-0.0146951
-0.0134768
-0.0120146
-0.0103146
-0.00838492
-0.00623465
-0.00387441
-0.00131593
0.00142796
0.00434342
0.0074157
0.0106292
0.0139676
0.0174138
0.0209501
0.0245584
0.02822
0.0319159
0.0356267
0.0393329
0.043015
0.0466532
0.0502279
0.0537198
0.0571098
0.0603791
0.0635095
0.0664835
0.0692845
0.0718964
0.0743047
0.0764958
0.0784575
0.0801793
0.0816521
0.0828689
0.0838248
0.0845169
0.0849447
0.0851105
0.0850192
0.0846788
0.0841005
0.0832988
0.082292
0.0811026
0.0797568
0.0782858
0.0767253
0.0751162
0.0735042
0.0719406
0.070481
0.0691848
0.0681112
0.0673204
0.0668981
0.0668954
0.00155223
0.00136708
0.000843489
2.45141e-05
-0.00102325
-0.00224628
-0.00359282
-0.00501217
-0.00645671
-0.00788288
-0.00925146
-0.0105277
-0.0116814
-0.0126863
-0.0135203
-0.014165
-0.0146054
-0.0148295
-0.0148285
-0.014596
-0.0141282
-0.0134234
-0.0124821
-0.0113067
-0.00990114
-0.0082713
-0.00642434
-0.00436883
-0.00211459
0.000327388
0.00294507
0.00572545
0.00865461
0.0117178
0.0148996
0.0181838
0.0215536
0.0249918
0.0284807
0.0320021
0.0355377
0.039069
0.0425773
0.0460439
0.0494503
0.0527779
0.0560088
0.0591251
0.0621097
0.064946
0.0676182
0.0701113
0.0724117
0.0745065
0.0763845
0.0780359
0.0794523
0.0806274
0.0815567
0.0822378
0.0826707
0.0828577
0.0828039
0.082517
0.0820079
0.0812905
0.0803822
0.0793039
0.0780802
0.0767398
0.0753152
0.0738432
0.0723646
0.070924
0.0695695
0.0683514
0.0673202
0.0665275
0.0660414
0.0659057
0.00300095
0.00258938
0.00193792
0.001066
1.07529e-05
-0.001183
-0.00247139
-0.00381214
-0.00516498
-0.00649242
-0.00776025
-0.00893778
-0.00999786
-0.0109169
-0.0116746
-0.0122541
-0.0126412
-0.012825
-0.0127968
-0.0125506
-0.0120826
-0.0113911
-0.0104762
-0.00934014
-0.0079865
-0.00642054
-0.00464892
-0.00267961
-0.000521804
0.00181421
0.00431709
0.00697457
0.0097735
0.0127
0.0157393
0.0188761
0.0220945
0.0253781
0.02871
0.032073
0.0354496
0.0388223
0.0421731
0.0454844
0.0487385
0.0519177
0.055005
0.0579834
0.0608367
0.063549
0.0661055
0.068492
0.0706955
0.072704
0.0745069
0.076095
0.0774606
0.0785979
0.0795026
0.0801728
0.0806085
0.0808121
0.0807886
0.0805454
0.0800927
0.0794437
0.0786147
0.0776249
0.0764971
0.0752571
0.0739346
0.072562
0.0711753
0.0698132
0.0685167
0.0673282
0.066291
0.0654486
0.0648424
0.0644946
0.00476322
0.00407487
0.00325245
0.00228731
0.00118323
-2.27642e-05
-0.00129342
-0.00259405
-0.00389109
-0.00515269
-0.0063494
-0.00745445
-0.00844393
-0.00929681
-0.00999493
-0.0105229
-0.0108679
-0.0110198
-0.0109705
-0.0107146
-0.0102483
-0.00957007
-0.00868005
-0.00758008
-0.00627357
-0.00476538
-0.00306174
-0.00117011
0.00090087
0.00314148
0.00554103
0.0080879
0.0107697
0.0135731
0.0164842
0.0194885
0.0225708
0.0257154
0.0289064
0.0321272
0.0353613
0.0385918
0.0418017
0.0449741
0.0480921
0.051139
0.0540982
0.0569538
0.0596902
0.0622924
0.0647462
0.0670381
0.0691558
0.0710878
0.0728242
0.0743562
0.0756766
0.0767797
0.0776618
0.0783209
0.0787572
0.0789729
0.0789727
0.0787636
0.0783551
0.0777594
0.0769914
0.0760688
0.0750123
0.0738451
0.0725936
0.0712865
0.0699551
0.0686327
0.0673538
0.0661539
0.0650699
0.0641384
0.0633692
0.0627583
0.00674832
0.00575501
0.00473183
0.00364191
0.00245509
0.0012019
-8.58768e-05
-0.00138021
-0.00265353
-0.00387914
-0.00503198
-0.00608906
-0.00702961
-0.00783519
-0.00848976
-0.00897961
-0.00929331
-0.00942163
-0.00935747
-0.00909571
-0.00863312
-0.00796827
-0.00710138
-0.00603421
-0.00477001
-0.00331338
-0.00167018
0.0001525
0.00214649
0.00430258
0.00661061
0.00905956
0.0116376
0.0143321
0.0171299
0.020017
0.022979
0.026001
0.0290675
0.032163
0.0352715
0.0383769
0.0414629
0.0445133
0.0475119
0.0504428
0.0532901
0.0560384
0.0586729
0.0611791
0.0635435
0.0657532
0.0677963
0.069662
0.0713405
0.0728237
0.0741044
0.0751773
0.0760388
0.0766869
0.0771217
0.0773452
0.0773616
0.0771773
0.0768011
0.076244
0.0755197
0.0746442
0.0736359
0.0725157
0.0713067
0.0700343
0.0687253
0.0674082
0.0661119
0.0648655
0.063701
0.0626489
0.0616868
0.0607836
0.008877
0.00756528
0.00632229
0.00508445
0.00378886
0.00246077
0.00112762
-0.000188359
-0.00146492
-0.00267996
-0.00381248
-0.00484299
-0.00575372
-0.00652878
-0.00715421
-0.00761805
-0.00791027
-0.00802276
-0.00794928
-0.00768536
-0.00722827
-0.00657687
-0.00573153
-0.00469408
-0.00346766
-0.00205672
-0.000466868
0.00129513
0.00322146
0.00530333
0.00753106
0.00989413
0.0123812
0.0149804
0.0176789
0.0204634
0.0233202
0.026235
0.0291929
0.0321791
0.0351781
0.0381745
0.0411528
0.0440974
0.0469926
0.0498231
0.0525736
0.0552294
0.0577762
0.0601999
0.0624876
0.0646268
0.0666061
0.0684149
0.070044
0.0714851
0.0727316
0.0737782
0.0746211
0.0752585
0.07569
0.0759174
0.0759443
0.0757766
0.0754221
0.0748907
0.0741946
0.0733482
0.0723679
0.0712722
0.0700812
0.0688169
0.0675026
0.0661622
0.0648197
0.0634988
0.0622274
0.0610313
0.0598566
0.0586466
0.0110823
0.00944822
0.00797435
0.00657242
0.00514863
0.00372419
0.00232316
0.000962762
-0.000339369
-0.00156523
-0.00269747
-0.00371984
-0.00461737
-0.0053766
-0.00598563
-0.0064342
-0.00671371
-0.00681723
-0.00673945
-0.00647663
-0.0060266
-0.0053886
-0.00456327
-0.00355253
-0.00235957
-0.00098873
0.000554533
0.00226369
0.00413123
0.0061487
0.00830681
0.0105955
0.0130039
0.0155205
0.0181331
0.0208291
0.023595
0.0264173
0.0292817
0.0321737
0.0350787
0.0379818
0.0408678
0.0437218
0.0465288
0.0492738
0.0519422
0.0545195
0.056992
0.0593462
0.0615693
0.0636492
0.0655749
0.0673361
0.0689237
0.0703296
0.0715472
0.0725712
0.0733978
0.0740248
0.0744517
0.0746798
0.0747122
0.0745538
0.0742116
0.0736945
0.0730132
0.0721803
0.0712104
0.0701197
0.0689257
0.0676473
0.0663043
0.0649171
0.0635052
0.0620876
0.0606894
0.0593325
0.0579335
0.0564116
0.0133082
0.0113537
0.00964357
0.00806673
0.0065006
0.00496342
0.00347671
0.00205351
0.000707421
-0.000547122
-0.00169604
-0.00272602
-0.0036247
-0.00438086
-0.0049846
-0.00542732
-0.00570184
-0.00580242
-0.00572471
-0.00546577
-0.00502402
-0.00439918
-0.00359219
-0.0026052
-0.00144144
-0.000105267
0.00139796
0.00306187
0.00487917
0.0068417
0.00894048
0.0111658
0.0135072
0.0159536
0.0184934
0.0211142
0.0238032
0.0265472
0.0293325
0.0321452
0.034971
0.0377955
0.0406042
0.0433825
0.0461159
0.0487898
0.05139
0.0539025
0.0563138
0.0586108
0.060781
0.0628126
0.0646947
0.0664173
0.0679712
0.0693485
0.0705425
0.0715479
0.0723606
0.0729781
0.0733997
0.0736259
0.0736594
0.0735043
0.0731664
0.0726536
0.0719753
0.0711425
0.0701679
0.0690655
0.0678506
0.0665393
0.0651484
0.063695
0.0621951
0.0606637
0.0591237
0.0575945
0.0559648
0.054132
0.0155081
0.0132385
0.0112904
0.0095318
0.00781332
0.00615108
0.00456486
0.00306415
0.00165915
0.000361152
-0.000818632
-0.00186952
-0.00278153
-0.00354557
-0.00415356
-0.00459854
-0.00487471
-0.00497749
-0.00490353
-0.0046507
-0.00421807
-0.00360587
-0.00281541
-0.00184908
-0.000710288
0.000596579
0.00206617
0.00369223
0.00546762
0.00738438
0.00943381
0.0116065
0.0138923
0.0162806
0.0187599
0.0213185
0.023944
0.0266235
0.0293437
0.0320913
0.0348523
0.0376127
0.0403585
0.0430755
0.0457494
0.0483661
0.0509117
0.0533726
0.0557354
0.0579872
0.060116
0.06211
0.0639583
0.065651
0.0671791
0.0685345
0.0697104
0.0707013
0.0715029
0.0721123
0.0725283
0.0727509
0.0727821
0.072625
0.0722848
0.071768
0.0710827
0.0702385
0.0692462
0.0681182
0.0668673
0.0655074
0.0640527
0.0625175
0.0609147
0.0592562
0.0575635
0.0558542
0.0539913
0.051852
0.0176426
0.0150647
0.0128795
0.0109353
0.00905768
0.00726135
0.005565
0.00397521
0.00249925
0.00114577
-7.6577e-05
-0.00115945
-0.00209501
-0.00287612
-0.00349643
-0.0039505
-0.00423388
-0.00434312
-0.00427587
-0.0040308
-0.00360767
-0.00300725
-0.00223126
-0.0012824
-0.000164268
0.00111864
0.00256094
0.00415641
0.00589803
0.00777798
0.00978778
0.0119182
0.0141595
0.0165012
0.0189324
0.0214414
0.0240163
0.0266446
0.0293135
0.0320097
0.0347198
0.0374302
0.0401271
0.0427966
0.0454249
0.047998
0.0505023
0.0529243
0.055251
0.0574697
0.0595682
0.061535
0.0633592
0.065031
0.0665411
0.0678814
0.0690449
0.0700257
0.0708193
0.0714224
0.0718332
0.0720513
0.0720776
0.0719147
0.0715666
0.0710388
0.0703382
0.0694729
0.0684523
0.0672868
0.0659874
0.064566
0.0630345
0.0614049
0.0596875
0.0578919
0.0560386
0.0541443
0.052048
0.049608
0.0196784
0.0167998
0.0143798
0.0122482
0.0102068
0.00826991
0.00645543
0.00476756
0.00321113
0.00179246
0.000518044
-0.000605882
-0.00157342
-0.0023792
-0.00301847
-0.00348725
-0.00378233
-0.00390141
-0.00384306
-0.00360681
-0.00319308
-0.0026032
-0.00183936
-0.000904578
0.000197308
0.00146164
0.00288297
0.00445506
0.00617094
0.0080229
0.0100026
0.012101
0.0143086
0.0166151
0.0190099
0.0214817
0.0240187
0.0266089
0.0292395
0.0318979
0.0345707
0.0372447
0.0399064
0.0425421
0.0451381
0.0476808
0.0501568
0.0525526
0.0548554
0.0570526
0.0591319
0.061082
0.0628919
0.0645515
0.0660516
0.0673838
0.0685407
0.0695164
0.0703056
0.0709049
0.0713116
0.0715248
0.0715447
0.071373
0.0710129
0.0704686
0.0697459
0.0688516
0.0677937
0.066581
0.0652229
0.0637294
0.0621106
0.0603765
0.0585354
0.056595
0.0545755
0.0524932
0.0501648
0.0474306
0.0215866
0.018415
0.0157632
0.0134437
0.011236
0.00915393
0.0072154
0.00542257
0.00377822
0.00228671
0.000952616
-0.00021966
-0.00122596
-0.00206253
-0.00272611
-0.00321404
-0.00352433
-0.00365574
-0.00360777
-0.00338076
-0.00297582
-0.00239486
-0.00164051
-0.000716175
0.000374042
0.00162529
0.00303201
0.00458791
0.00628601
0.00811868
0.0100777
0.0121541
0.0143385
0.016621
0.0189911
0.0214376
0.0239492
0.0265139
0.0291193
0.031753
0.0344019
0.0370529
0.0396927
0.0423079
0.044885
0.0474104
0.0498707
0.0522529
0.0545438
0.056731
0.0588023
0.0607461
0.0625514
0.0642078
0.065706
0.0670373
0.0681941
0.0691697
0.0699588
0.0705571
0.0709616
0.0711705
0.0711834
0.0710011
0.0706258
0.0700608
0.0693107
0.0683812
0.0672789
0.0660111
0.0645859
0.0630118
0.0612972
0.0594506
0.0574788
0.0553878
0.053198
0.0509262
0.0483673
0.0453453
0.0233425
0.0198848
0.0170047
0.0144977
0.0121221
0.00989188
0.00782503
0.0059221
0.00418413
0.00261384
0.00121412
-1.22344e-05
-0.00106264
-0.00193479
-0.00262679
-0.00313724
-0.00346528
-0.00361066
-0.00357382
-0.00335586
-0.00295858
-0.00238445
-0.0016366
-0.000718811
0.000364519
0.00160832
0.00300687
0.0045538
0.00624209
0.00806412
0.0100117
0.012076
0.0142478
0.0165172
0.0188739
0.0213071
0.0238054
0.0263571
0.0289501
0.031572
0.03421
0.0368512
0.0394824
0.0420902
0.0446613
0.0471823
0.0496398
0.0520206
0.0543117
0.0565005
0.0585748
0.0605228
0.0623333
0.0639958
0.0655005
0.0668385
0.0680017
0.068983
0.0697766
0.0703776
0.0707824
0.0709885
0.0709947
0.070801
0.0704086
0.06982
0.0690386
0.0680689
0.0669165
0.0655875
0.0640886
0.0624269
0.0606099
0.0586445
0.0565364
0.0542904
0.0519277
0.0494653
0.0466781
0.0433737
0.0249238
0.0211866
0.0180814
0.0153878
0.0128437
0.0104634
0.00826527
0.00624849
0.00441267
0.0027591
0.00128924
4.44465e-06
-0.00109409
-0.00200541
-0.00272885
-0.00326417
-0.00361157
-0.00377179
-0.00374609
-0.00353636
-0.00314507
-0.00257526
-0.00183055
-0.000915097
0.000166365
0.00140852
0.00280548
0.00435074
0.00603721
0.00785724
0.00980265
0.0118647
0.0140342
0.0163014
0.018656
0.0210875
0.0235845
0.0261356
0.0287287
0.0313516
0.0339917
0.036636
0.0392716
0.0418851
0.0444632
0.0469926
0.0494597
0.0518515
0.0541548
0.0563569
0.0584454
0.0604083
0.0622341
0.0639121
0.065432
0.0667846
0.0679612
0.0689545
0.0697579
0.070366
0.0707744
0.0709799
0.0709807
0.0707757
0.0703654
0.0697513
0.0689359
0.0679226
0.0667159
0.0653208
0.063743
0.0619886
0.0600638
0.0579747
0.055726
0.0533218
0.0507839
0.0481303
0.0451166
0.0415346
0.0263107
0.0222995
0.0189724
0.0160935
0.0133808
0.0108493
0.00851779
0.00638452
0.0044478
0.00270769
0.0011644
-0.000182005
-0.00133157
-0.00228453
-0.00304141
-0.00360301
-0.00397055
-0.00414566
-0.00413045
-0.00392753
-0.00354003
-0.00297156
-0.00222622
-0.00130857
-0.000223689
0.00102285
0.00242495
0.00397595
0.00566866
0.00749538
0.00944788
0.0115175
0.0136949
0.0159707
0.0183345
0.0207757
0.0232834
0.0258461
0.0284518
0.0310883
0.0337432
0.0364036
0.0390565
0.0416886
0.0442866
0.0468371
0.0493266
0.0517417
0.0540693
0.0562965
0.0584105
0.0603991
0.0622506
0.0639537
0.0654979
0.0668734
0.0680712
0.0690832
0.0699023
0.0705224
0.0709385
0.0711466
0.071144
0.070929
0.0705011
0.0698608
0.0690098
0.0679506
0.0666867
0.0652221
0.0635615
0.0617102
0.0596735
0.057457
0.0550643
0.0524991
0.0497844
0.0469393
0.0437003
0.0398443
0.0274851
0.0232044
0.0196583
0.0165952
0.0137142
0.0110308
0.00856482
0.00631333
0.00427363
0.00244475
0.000825774
-0.000584353
-0.00178681
-0.00278294
-0.00357431
-0.00416275
-0.00455038
-0.00473972
-0.00473366
-0.00453553
-0.00414909
-0.0035785
-0.00282836
-0.00190364
-0.000809757
0.000447431
0.00186159
0.00342589
0.00513301
0.00697515
0.00894405
0.011031
0.0132267
0.0155217
0.0179058
0.0203684
0.0228986
0.0254849
0.0281155
0.0307783
0.0334607
0.03615
0.0388331
0.0414968
0.0441276
0.046712
0.0492365
0.0516874
0.0540516
0.0563156
0.0584667
0.0604922
0.0623799
0.0641184
0.0656964
0.0671037
0.0683307
0.0693688
0.0702102
0.0708481
0.0712767
0.0714914
0.0714885
0.0712656
0.0708212
0.0701552
0.0692682
0.068162
0.0668389
0.0653024
0.0635564
0.0616052
0.0594535
0.0571064
0.0545671
0.0518388
0.0489458
0.0459086
0.0424451
0.0383174
0.0284299
0.0238835
0.0201206
0.0168745
0.0138256
0.0109903
0.00838908
0.00601832
0.00387437
0.00195534
0.000259331
-0.00121573
-0.00247205
-0.00351197
-0.00433806
-0.00495306
-0.00536
-0.0055622
-0.00556331
-0.00536736
-0.00497871
-0.00440209
-0.00364256
-0.00270553
-0.00159675
-0.000322389
0.00111097
0.0026963
0.00442614
0.00629255
0.0082872
0.0104013
0.0126256
0.0149506
0.017366
0.0198615
0.022426
0.025048
0.0277159
0.0304175
0.0331402
0.0358712
0.0385974
0.0413056
0.0439821
0.0466133
0.0491855
0.051685
0.054098
0.0564111
0.0586111
0.0606849
0.0626199
0.0644041
0.0660259
0.0674744
0.0687394
0.0698116
0.0706825
0.0713447
0.0717915
0.0720175
0.0720184
0.0717906
0.0713321
0.0706418
0.0697194
0.0685659
0.0671831
0.0655734
0.06374
0.0616867
0.0594179
0.0569379
0.0542497
0.0513564
0.0482838
0.0450536
0.0413657
0.0369671
0.0291292
0.0243198
0.0203417
0.0169137
0.0136974
0.0107103
0.00797358
0.00548306
0.00323424
0.0012244
-0.000549219
-0.00208962
-0.00339996
-0.00448353
-0.00534377
-0.00598433
-0.00640907
-0.00662209
-0.00662777
-0.00643081
-0.00603616
-0.00544911
-0.00467518
-0.00372021
-0.00259032
-0.00129198
0.000167963
0.00178226
0.00354327
0.00544292
0.00747278
0.00962397
0.0118872
0.0142529
0.0167109
0.0192507
0.0218613
0.0245312
0.0272487
0.0300015
0.0327772
0.0355628
0.0383452
0.0411108
0.0438461
0.0465372
0.04917
0.0517307
0.0542053
0.0565799
0.0588409
0.0609748
0.0629686
0.0648096
0.0664856
0.0679852
0.0692976
0.0704125
0.071321
0.0720147
0.0724862
0.0727293
0.0727387
0.0725102
0.0720407
0.0713284
0.0703723
0.0691725
0.06773
0.0660466
0.064125
0.0619684
0.0595806
0.056966
0.0541272
0.0510672
0.0478133
0.044389
0.0404759
0.0358063
0.0295673
0.0244967
0.0203048
0.0166955
0.0133124
0.0101737
0.00730152
0.00469117
0.00233739
0.000236708
-0.00161443
-0.0032199
-0.0045837
-0.00571001
-0.00660313
-0.00726755
-0.00770791
-0.00792907
-0.00793612
-0.00773439
-0.00732944
-0.00672708
-0.00593331
-0.00495439
-0.00379682
-0.00246739
-0.000973235
0.000678182
0.00247901
0.00442104
0.00649568
0.008694
0.0110067
0.0134239
0.0159356
0.0185313
0.0211997
0.0239296
0.0267091
0.0295258
0.0323673
0.0352204
0.0380719
0.0409082
0.0437154
0.0464795
0.0491861
0.0518211
0.0543702
0.056819
0.0591535
0.0613598
0.0634242
0.0653335
0.0670749
0.0686362
0.0700059
0.0711731
0.0721278
0.0728611
0.0733647
0.0736314
0.0736551
0.0734308
0.0729546
0.0722237
0.0712364
0.069992
0.0684909
0.0667343
0.0647243
0.0624637
0.059956
0.0572054
0.0542143
0.0509859
0.0475492
0.0439291
0.0397891
0.0348469
0.029729
0.0243981
0.0199931
0.0162031
0.0126535
0.00936344
0.00635614
0.00362625
0.00116786
-0.00102318
-0.00295118
-0.00462079
-0.00603685
-0.00720434
-0.00812841
-0.00881432
-0.00926749
-0.0094935
-0.00949812
-0.00928732
-0.00886724
-0.00824421
-0.00742472
-0.00641545
-0.00522328
-0.00385534
-0.00231904
-0.000622116
0.00122739
0.0032211
0.00535028
0.00760587
0.00997845
0.0124582
0.0150349
0.017698
0.0204363
0.0232383
0.0260922
0.0289855
0.0319056
0.0348393
0.0377731
0.0406933
0.0435858
0.0464362
0.0492301
0.0519527
0.0545895
0.0571257
0.0595466
0.061838
0.0639854
0.0659751
0.0677935
0.0694277
0.0708655
0.0720951
0.0731057
0.0738875
0.0744314
0.0747292
0.074774
0.0745598
0.0740819
0.0733367
0.0723217
0.0710355
0.0694778
0.0676492
0.0655513
0.0631866
0.0605584
0.0576707
0.054526
0.0511274
0.0475059
0.0436879
0.0393188
0.034101
0.0295991
0.024008
0.01939
0.0154195
0.0117037
0.00826264
0.00512062
0.00227175
-0.000290536
-0.002571
-0.00457467
-0.00630695
-0.00777346
-0.00897998
-0.00993243
-0.0106368
-0.0110994
-0.0113264
-0.0113242
-0.0110995
-0.0106589
-0.0100094
-0.00915782
-0.00811139
-0.00687733
-0.00546312
-0.00387647
-0.00212537
-0.000218091
0.0018368
0.00403044
0.00635361
0.0087968
0.0113501
0.0140032
0.0167454
0.0195655
0.022452
0.0253928
0.0283755
0.0313871
0.0344145
0.0374441
0.0404616
0.043453
0.0464034
0.0492981
0.0521221
0.0548601
0.0574972
0.060018
0.0624076
0.064651
0.0667338
0.0686415
0.0703607
0.0718779
0.0731809
0.0742579
0.075098
0.0756913
0.0760286
0.0761021
0.075905
0.0754315
0.0746772
0.0736389
0.0723144
0.0707028
0.0688042
0.0666197
0.0641514
0.0614025
0.058377
0.0550773
0.0515069
0.0476982
0.0436798
0.0390782
0.0335808
0.0291622
0.0233102
0.0184789
0.0143278
0.0104459
0.00685416
0.00357795
0.000610869
-0.00205427
-0.00442283
-0.00650053
-0.00829349
-0.0098081
-0.0110509
-0.0120286
-0.0127479
-0.0132158
-0.0134392
-0.0134253
-0.0131813
-0.0127144
-0.012032
-0.0111416
-0.0100508
-0.00876717
-0.00729859
-0.00565306
-0.00383885
-0.00186445
0.000261366
0.00252957
0.00493081
0.00745544
0.0100935
0.0128344
0.0156676
0.0185817
0.021565
0.0246054
0.0276903
0.0308067
0.0339411
0.0370798
0.0402084
0.0433124
0.0463767
0.0493863
0.0523255
0.055179
0.0579308
0.0605654
0.063067
0.06542
0.0676091
0.0696193
0.071436
0.0730452
0.0744334
0.075588
0.0764972
0.0771499
0.0775361
0.077647
0.0774747
0.0770127
0.0762556
0.0751993
0.073841
0.0721791
0.0702131
0.0679438
0.065373
0.0625037
0.0593398
0.0558839
0.0521396
0.0481413
0.0439194
0.0390813
0.0332989
0.0284027
0.0222884
0.0172428
0.0129108
0.00886273
0.00512061
0.00171081
-0.00137352
-0.00414019
-0.00659517
-0.00874482
-0.010596
-0.0121558
-0.0134316
-0.0144307
-0.0151608
-0.0156294
-0.0158443
-0.0158132
-0.0155438
-0.0150442
-0.0143222
-0.0133857
-0.0122428
-0.0109015
-0.00937011
-0.00765685
-0.00577028
-0.00371915
-0.00151242
0.00084068
0.00333067
0.00594777
0.00868183
0.0115224
0.0144584
0.0174787
0.0205713
0.0237241
0.0269243
0.0301587
0.0334137
0.0366753
0.0399288
0.0431595
0.046352
0.0494907
0.0525596
0.0555429
0.058424
0.0611868
0.0638147
0.0662915
0.0686011
0.0707275
0.0726553
0.0743694
0.0758556
0.0771001
0.07809
0.0788132
0.0792588
0.0794167
0.0792782
0.0788357
0.0780829
0.0770149
0.0756282
0.0739203
0.0718904
0.0695388
0.0668669
0.0638777
0.0605752
0.0569619
0.0530417
0.048851
0.0444219
0.0393424
0.0332686
0.0273046
0.0209257
0.0156647
0.011151
0.00693651
0.0030442
-0.000498516
-0.00369898
-0.00656561
-0.00910498
-0.0113241
-0.0132306
-0.0148322
-0.0161371
-0.0171534
-0.0178895
-0.0183537
-0.0185543
-0.0184998
-0.0181987
-0.0176594
-0.0168904
-0.0159001
-0.014697
-0.0132896
-0.0116865
-0.00989628
-0.00792779
-0.00579002
-0.00349214
-0.00104357
0.00154607
0.00426683
0.00710846
0.0100603
0.0131114
0.0162503
0.0194649
0.022743
0.0260717
0.0294376
0.0328269
0.0362252
0.0396179
0.0429896
0.0463247
0.0496072
0.0528207
0.0559486
0.0589741
0.06188
0.0646492
0.0672648
0.0697095
0.0719667
0.07402
0.0758532
0.077451
0.0787985
0.0798819
0.0806878
0.0812042
0.0814199
0.0813251
0.0809112
0.0801709
0.0790985
0.0776895
0.0759409
0.0738513
0.0714204
0.0686495
0.0655415
0.0621002
0.0583283
0.05423
0.0498437
0.0452032
0.0398768
0.0335039
0.0258511
0.019205
0.0137267
0.00903032
0.004649
0.000606646
-0.00306827
-0.0063836
-0.00934838
-0.0119698
-0.0142555
-0.0162139
-0.0178534
-0.0191831
-0.0202117
-0.0209484
-0.0214023
-0.0215824
-0.021498
-0.021158
-0.0205715
-0.0197477
-0.0186954
-0.0174235
-0.0159411
-0.014257
-0.0123802
-0.0103199
-0.00808524
-0.00568569
-0.00313081
-0.00043041
0.00240543
0.00536633
0.00844154
0.0116199
0.0148899
0.0182394
0.0216559
0.0251264
0.0286374
0.0321748
0.0357242
0.0392703
0.0427978
0.0462904
0.0497318
0.0531051
0.0563931
0.0595783
0.062643
0.0655692
0.0683391
0.0709346
0.073338
0.0755319
0.0774992
0.0792233
0.0806882
0.0818788
0.0827806
0.0833804
0.0836657
0.0836257
0.0832505
0.082532
0.0814634
0.0800394
0.0782562
0.0761117
0.0736054
0.0707381
0.0675125
0.0639326
0.0600011
0.0557224
0.0511369
0.0462806
0.0407007
0.03402
0.0240251
0.0171083
0.0114104
0.0065301
0.00198136
-0.00221095
-0.00601732
-0.00944609
-0.012507
-0.0152077
-0.0175568
-0.0195632
-0.0212363
-0.0225857
-0.0236212
-0.0243526
-0.0247898
-0.0249426
-0.0248208
-0.0244343
-0.0237927
-0.0229055
-0.0217824
-0.0204327
-0.0188658
-0.0170911
-0.0151177
-0.0129553
-0.0106133
-0.0081012
-0.00542892
-0.00260639
0.000356164
0.00344823
0.00665894
0.00997704
0.0133908
0.0168881
0.0204563
0.0240823
0.0277522
0.0314519
0.0351666
0.038881
0.0425791
0.0462445
0.0498602
0.053409
0.056873
0.0602341
0.0634737
0.0665732
0.0695138
0.0722764
0.0748424
0.0771932
0.0793105
0.0811766
0.0827742
0.0840869
0.0850991
0.085796
0.086164
0.086191
0.085866
0.0851797
0.0841241
0.0826932
0.0808824
0.0786889
0.0761116
0.073151
0.0698096
0.0660915
0.0619993
0.0575378
0.0527494
0.047672
0.0418316
0.0348333
0.0218084
0.0146168
0.00869666
0.00363095
-0.00108597
-0.00542823
-0.00936523
-0.0129059
-0.0160605
-0.0188377
-0.0212464
-0.0232965
-0.0249982
-0.0263618
-0.0273981
-0.0281176
-0.0285311
-0.028649
-0.0284821
-0.0280407
-0.0273352
-0.0263758
-0.0251725
-0.0237354
-0.0220741
-0.0201985
-0.0181183
-0.0158431
-0.0133827
-0.010747
-0.00794592
-0.00498965
-0.00188852
0.00134682
0.00470538
0.00817581
0.0117463
0.0154046
0.0191379
0.0229329
0.0267758
0.0306521
0.0345469
0.0384444
0.0423284
0.0461821
0.0499881
0.0537286
0.057385
0.0609385
0.06437
0.0676598
0.0707882
0.0737353
0.0764811
0.0790059
0.0812903
0.0833152
0.0850621
0.0865131
0.0876511
0.0884602
0.0889253
0.0890328
0.0887705
0.0881279
0.0870959
0.0856674
0.083837
0.0816011
0.0789579
0.0759078
0.0724528
0.0685971
0.0643434
0.0596965
0.0547011
0.0493972
0.0432884
0.0359617
0.0191822
0.0117111
0.00556561
0.000312615
-0.0045734
-0.00906563
-0.0131324
-0.0167832
-0.0200291
-0.0228792
-0.0253435
-0.0274324
-0.0291572
-0.030529
-0.0315593
-0.0322597
-0.0326416
-0.0327165
-0.0324958
-0.0319905
-0.0312118
-0.0301705
-0.0288773
-0.0273425
-0.0255765
-0.0235894
-0.0213913
-0.0189923
-0.0164023
-0.0136314
-0.0106899
-0.00758801
-0.00433621
-0.000945295
0.00257366
0.0062092
0.00994942
0.013782
0.017694
0.021672
0.0257021
0.0297696
0.0338592
0.0379551
0.0420406
0.0460986
0.0501111
0.0540598
0.0579256
0.0616889
0.0653298
0.0688277
0.0721619
0.0753115
0.0782553
0.0809724
0.0834421
0.0856438
0.0875577
0.0891643
0.0904452
0.0913828
0.0919605
0.0921634
0.0919778
0.0913917
0.090395
0.0889794
0.0871383
0.0848675
0.0821646
0.0790293
0.0754635
0.0714712
0.0670551
0.0622203
0.0570137
0.0514773
0.0450914
0.0374244
0.0161264
0.00837067
0.00199625
-0.00344611
-0.0085023
-0.0131446
-0.0173402
-0.0210992
-0.0244334
-0.0273528
-0.029868
-0.0319904
-0.0337321
-0.0351053
-0.0361223
-0.0367955
-0.0371375
-0.0371604
-0.0368765
-0.0362977
-0.0354358
-0.0343023
-0.0329084
-0.0312652
-0.0293834
-0.0272737
-0.0249464
-0.022412
-0.0196808
-0.016763
-0.013669
-0.0104093
-0.00699447
-0.00343545
0.000256632
0.00407023
0.00799339
0.0120137
0.0161181
0.0202932
0.0245248
0.0287982
0.0330978
0.0374075
0.0417105
0.045989
0.0502248
0.0543988
0.0584914
0.0624824
0.0663508
0.0700753
0.0736342
0.0770053
0.0801664
0.0830951
0.0857693
0.0881671
0.090267
0.0920481
0.0934902
0.094574
0.0952815
0.0955961
0.0955024
0.0949872
0.0940388
0.0926476
0.0908062
0.0885091
0.0857533
0.082538
0.0788646
0.0747371
0.0701581
0.0651328
0.0597105
0.0539352
0.047263
0.0392428
0.0126203
0.00457385
-0.00203343
-0.00766751
-0.0128951
-0.0176875
-0.0220109
-0.0258759
-0.0292954
-0.0322798
-0.0348408
-0.0369908
-0.0387426
-0.0401096
-0.0411051
-0.0417425
-0.0420352
-0.0419964
-0.0416391
-0.0409763
-0.0400204
-0.0387836
-0.0372779
-0.0355148
-0.0335057
-0.0312615
-0.0287932
-0.0261114
-0.0232268
-0.0201498
-0.0168911
-0.0134611
-0.00987071
-0.00613084
-0.00225271
0.00175207
0.00587151
0.0100931
0.0144039
0.0187903
0.023238
0.0277321
0.032257
0.0367963
0.0413328
0.0458485
0.0503245
0.0547415
0.059079
0.063316
0.0674309
0.0714014
0.0752046
0.0788172
0.0822157
0.0853765
0.0882759
0.0908903
0.0931967
0.0951723
0.0967954
0.0980448
0.0989008
0.0993448
0.09936
0.0989313
0.0980457
0.096692
0.0948616
0.092548
0.0897473
0.0864579
0.0826809
0.07842
0.0736778
0.0684596
0.0628168
0.0567958
0.0498273
0.0414399
0.00864155
0.000297909
-0.00654665
-0.0123751
-0.0177755
-0.0227181
-0.027168
-0.0311368
-0.0346379
-0.0376827
-0.0402838
-0.0424546
-0.0442092
-0.0455617
-0.0465266
-0.0471185
-0.0473517
-0.0472405
-0.046799
-0.0460407
-0.0449792
-0.0436273
-0.0419977
-0.0401025
-0.0379537
-0.0355628
-0.032941
-0.0300994
-0.0270488
-0.0238001
-0.0203638
-0.0167509
-0.0129721
-0.00903838
-0.00496111
-0.000751864
0.00357735
0.00801404
0.0125452
0.0171571
0.0218356
0.0265656
0.0313313
0.0361161
0.0409025
0.0456722
0.050406
0.0550838
0.0596847
0.0641869
0.0685679
0.0728043
0.0768724
0.0807475
0.0844049
0.0878193
0.0909656
0.0938186
0.0963533
0.0985452
0.100371
0.101807
0.102831
0.103424
0.103567
0.103242
0.102435
0.101134
0.0993272
0.0970082
0.0941715
0.0908149
0.0869391
0.0825472
0.0776417
0.072228
0.06636
0.0600861
0.0528108
0.0440413
0.00416694
-0.00448121
-0.0115679
-0.0175936
-0.0231683
-0.0282613
-0.0328365
-0.0369063
-0.040485
-0.043585
-0.0462199
-0.0484042
-0.050153
-0.0514818
-0.0524062
-0.0529419
-0.0531046
-0.0529094
-0.0523715
-0.0515055
-0.0503257
-0.048846
-0.0470796
-0.0450394
-0.0427379
-0.0401872
-0.0373989
-0.0343844
-0.0311549
-0.0277213
-0.0240946
-0.0202856
-0.0163053
-0.0121646
-0.0078749
-0.00344777
0.00110483
0.00577042
0.010536
0.015388
0.020312
0.025293
0.0303151
0.0353615
0.0404145
0.0454555
0.0504648
0.0554219
0.0603051
0.0650921
0.0697594
0.0742828
0.0786371
0.0827968
0.0867354
0.0904263
0.0938426
0.0969574
0.0997439
0.102175
0.104226
0.105872
0.107087
0.10785
0.108141
0.107939
0.107229
0.105996
0.104227
0.101915
0.0990527
0.095637
0.0916678
0.0871479
0.0820796
0.0764682
0.07037
0.0638358
0.0562423
0.0470746
-0.000828306
-0.00978901
-0.0171233
-0.0233495
-0.0291002
-0.0343436
-0.0390426
-0.0432103
-0.0468621
-0.0500115
-0.052673
-0.0548625
-0.0565963
-0.0578912
-0.0587641
-0.059232
-0.0593117
-0.0590198
-0.0583724
-0.0573853
-0.0560737
-0.0544523
-0.0525354
-0.0503363
-0.0478684
-0.0451441
-0.0421755
-0.0389745
-0.0355525
-0.0319207
-0.0280901
-0.0240717
-0.0198765
-0.0155154
-0.0109999
-0.00634128
-0.00155161
0.0033568
0.00837102
0.0134775
0.0186619
0.0239092
0.0292035
0.0345277
0.0398641
0.0451938
0.0504967
0.0557518
0.0609369
0.0660289
0.0710034
0.0758353
0.0804983
0.0849653
0.0892088
0.0932003
0.0969112
0.100313
0.103376
0.106072
0.108373
0.110252
0.111683
0.11264
0.1131
0.113043
0.112449
0.111301
0.109588
0.107296
0.10442
0.100954
0.0968982
0.0922541
0.0870238
0.0812126
0.0748793
0.068077
0.0601532
0.0505703
-0.00637042
-0.0156526
-0.0232405
-0.0296707
-0.0355991
-0.040993
-0.0458141
-0.0500763
-0.0537962
-0.0569883
-0.0596685
-0.0618539
-0.0635623
-0.0648119
-0.0656211
-0.0660082
-0.0659915
-0.0655888
-0.0648176
-0.0636947
-0.0622366
-0.0604588
-0.0583764
-0.0560038
-0.0533546
-0.0504422
-0.047279
-0.0438772
-0.0402486
-0.0364046
-0.0323564
-0.0281149
-0.0236911
-0.0190961
-0.0143411
-0.00943737
-0.00439682
0.000768361
0.0060454
0.0114209
0.0168805
0.0224094
0.0279916
0.0336101
0.0392468
0.0448828
0.0504976
0.0560697
0.0615766
0.0669943
0.0722976
0.0774604
0.0824552
0.0872537
0.0918267
0.0961441
0.100176
0.10389
0.107257
0.110244
0.112823
0.114962
0.116634
0.11781
0.118465
0.118575
0.118118
0.117078
0.115436
0.113181
0.110304
0.106799
0.102664
0.0979003
0.0925095
0.0864967
0.0799233
0.0728446
0.064578
0.0545616
-0.0124873
-0.0221007
-0.0299489
-0.0365871
-0.0426952
-0.0482395
-0.0531807
-0.0575335
-0.0613157
-0.0645431
-0.067233
-0.0694039
-0.0710753
-0.0722669
-0.0729987
-0.0732906
-0.0731625
-0.0726337
-0.0717229
-0.0704484
-0.0688276
-0.0668774
-0.0646136
-0.0620515
-0.0592055
-0.0560895
-0.0527165
-0.0490991
-0.0452493
-0.0411786
-0.0368984
-0.0324198
-0.0277536
-0.0229109
-0.0179026
-0.0127401
-0.00743485
-0.00199893
0.0035551
0.009214
0.0149638
0.0207895
0.0266754
0.0326044
0.0385585
0.0445185
0.0504637
0.0563724
0.0622212
0.0679858
0.07364
0.0791568
0.0845075
0.0896624
0.0945908
0.0992609
0.10364
0.107696
0.111394
0.114702
0.117587
0.120015
0.121956
0.123379
0.124255
0.124558
0.124264
0.123352
0.121803
0.119602
0.116739
0.113207
0.109001
0.104124
0.0985748
0.092359
0.0855405
0.0781772
0.0695543
0.0590849
-0.0192086
-0.0291643
-0.03728
-0.0441305
-0.0504205
-0.0561151
-0.0611739
-0.0656128
-0.0694507
-0.072705
-0.0753944
-0.0775392
-0.0791604
-0.0802798
-0.0809191
-0.0810999
-0.0808439
-0.0801718
-0.0791042
-0.0776606
-0.0758597
-0.0737196
-0.0712572
-0.0684886
-0.0654292
-0.0620932
-0.0584944
-0.0546456
-0.0505592
-0.046247
-0.0417202
-0.0369901
-0.0320674
-0.026963
-0.0216877
-0.0162525
-0.0106687
-0.00494811
0.000897018
0.00685374
0.0129083
0.019046
0.0252512
0.0315071
0.0377956
0.0440974
0.0503917
0.0566564
0.0628678
0.0690008
0.0750287
0.0809232
0.0866547
0.092192
0.0975028
0.102554
0.10731
0.111736
0.115797
0.119456
0.122678
0.125426
0.127667
0.129367
0.130494
0.131018
0.130912
0.130153
0.128719
0.126593
0.123762
0.120216
0.11595
0.110966
0.105261
0.0988415
0.0917731
0.0841164
0.0751231
0.0641801
-0.026566
-0.0368762
-0.0452677
-0.0523352
-0.0588093
-0.064654
-0.0698277
-0.0743474
-0.0782336
-0.0815051
-0.0841824
-0.0862878
-0.0878443
-0.0888754
-0.0894051
-0.0894571
-0.0890546
-0.0882206
-0.086977
-0.0853451
-0.0833451
-0.0809962
-0.0783166
-0.0753233
-0.0720324
-0.0684591
-0.0646175
-0.060521
-0.0561821
-0.0516127
-0.0468243
-0.041828
-0.0366344
-0.0312541
-0.0256978
-0.0199762
-0.0141001
-0.00808103
-0.00193083
0.00433791
0.0107118
0.0171765
0.0237166
0.0303155
0.0369552
0.0436165
0.0502786
0.056919
0.0635138
0.0700372
0.0764619
0.0827586
0.0888965
0.0948431
0.100565
0.106025
0.111189
0.116017
0.120473
0.124516
0.128108
0.13121
0.133784
0.135794
0.137204
0.13798
0.138093
0.137514
0.13622
0.134191
0.13141
0.127867
0.123554
0.11847
0.112614
0.10599
0.0986671
0.0907082
0.0813296
0.0698907
-0.0345935
-0.0452719
-0.0539483
-0.061238
-0.0678987
-0.073893
-0.0791783
-0.0837727
-0.0876985
-0.0909763
-0.0936285
-0.0956794
-0.0971544
-0.0980794
-0.0984804
-0.0983835
-0.0978142
-0.0967972
-0.0953567
-0.0935154
-0.0912954
-0.0887172
-0.0858001
-0.0825624
-0.079021
-0.0751918
-0.0710895
-0.0667279
-0.0621197
-0.0572772
-0.0522116
-0.046934
-0.0414549
-0.0357845
-0.0299333
-0.0239114
-0.0177294
-0.0113981
-0.0049291
0.00166562
0.00837313
0.0151795
0.0220697
0.0290276
0.0360353
0.0430737
0.0501221
0.057158
0.064157
0.071093
0.077938
0.0846618
0.0912325
0.0976164
0.103778
0.109679
0.115282
0.120546
0.12543
0.129892
0.13389
0.137382
0.140327
0.142682
0.14441
0.145472
0.145836
0.145469
0.144343
0.142435
0.139727
0.136204
0.131858
0.126685
0.120683
0.113855
0.106273
0.0980025
0.0882229
0.0762647
-0.0433276
-0.0543894
-0.0633609
-0.0708788
-0.0777286
-0.0838719
-0.0892648
-0.0939269
-0.0978824
-0.101154
-0.103766
-0.105745
-0.10712
-0.107918
-0.108169
-0.107901
-0.107142
-0.105919
-0.104258
-0.102184
-0.0997211
-0.096891
-0.0937146
-0.0902112
-0.0863988
-0.0822939
-0.0779119
-0.073267
-0.0683722
-0.0632398
-0.057881
-0.0523067
-0.0465272
-0.0405525
-0.0343923
-0.0280565
-0.021555
-0.0148982
-0.00809689
-0.00116255
0.00589249
0.0130549
0.0203102
0.0276425
0.0350345
0.0424675
0.0499206
0.0573716
0.0647957
0.0721667
0.0794558
0.0866322
0.0936628
0.100513
0.107144
0.113518
0.119594
0.125328
0.130678
0.135597
0.140039
0.14396
0.147313
0.150054
0.152138
0.153525
0.154175
0.154053
0.153127
0.15137
0.148759
0.145278
0.140914
0.135664
0.129522
0.122491
0.114646
0.106054
0.0958571
0.0833542
-0.0528074
-0.0642701
-0.0735482
-0.0813007
-0.0883424
-0.0946337
-0.100129
-0.104851
-0.108825
-0.112075
-0.114629
-0.116518
-0.117771
-0.118419
-0.118496
-0.118031
-0.117057
-0.115602
-0.113695
-0.111363
-0.108632
-0.105525
-0.102066
-0.0982735
-0.0941679
-0.0897663
-0.0850845
-0.0801371
-0.0749374
-0.0694977
-0.0638292
-0.0579426
-0.0518477
-0.0455542
-0.0390711
-0.0324079
-0.0255737
-0.0185782
-0.0114315
-0.00414434
0.0032717
0.010804
0.0184387
0.0261606
0.033953
0.0417974
0.0496734
0.0575587
0.0654289
0.0732572
0.0810144
0.0886691
0.0961873
0.103532
0.110666
0.117546
0.12413
0.130371
0.136224
0.14164
0.146569
0.15096
0.154765
0.157933
0.160416
0.162168
0.163145
0.163306
0.162615
0.16104
0.158555
0.155139
0.150777
0.145463
0.13919
0.131958
0.123846
0.114924
0.104291
0.0912169
-0.0630756
-0.0749587
-0.0845564
-0.0925507
-0.0997873
-0.106225
-0.111818
-0.11659
-0.120568
-0.12378
-0.126257
-0.128032
-0.129139
-0.129612
-0.129486
-0.128797
-0.127578
-0.125862
-0.12368
-0.121062
-0.118035
-0.114625
-0.110856
-0.106751
-0.102328
-0.0976072
-0.0926042
-0.0873341
-0.0818105
-0.0760456
-0.0700505
-0.0638355
-0.0574101
-0.0507832
-0.0439636
-0.0369596
-0.0297798
-0.0224329
-0.0149283
-0.00727559
0.000514337
0.00842977
0.0164577
0.0245838
0.0327918
0.0410641
0.0493806
0.0577194
0.0660561
0.0743639
0.0826134
0.0907724
0.0988061
0.106677
0.114344
0.121765
0.128893
0.135682
0.142079
0.148034
0.153492
0.1584
0.162702
0.166344
0.169273
0.171435
0.172783
0.173269
0.172853
0.171497
0.169169
0.165846
0.161508
0.156146
0.149751
0.142322
0.13394
0.124678
0.113591
0.0999156
-0.0741782
-0.0865042
-0.0964362
-0.10468
-0.112115
-0.118697
-0.124381
-0.12919
-0.133157
-0.136312
-0.138689
-0.140325
-0.141257
-0.141524
-0.141166
-0.14022
-0.138724
-0.136715
-0.134226
-0.131289
-0.127936
-0.124193
-0.120087
-0.115641
-0.110877
-0.105812
-0.100465
-0.0948514
-0.0889839
-0.0828752
-0.076536
-0.0699764
-0.0632051
-0.0562306
-0.0490607
-0.0417031
-0.0341652
-0.0264548
-0.0185801
-0.01055
-0.00237398
0.00593711
0.0143713
0.0229153
0.0315537
0.0402695
0.0490435
0.0578542
0.0666776
0.0754869
0.0842525
0.092942
0.10152
0.109947
0.118181
0.126178
0.13389
0.141265
0.14825
0.154789
0.160825
0.166297
0.171147
0.175314
0.178738
0.181362
0.183129
0.183988
0.18389
0.182793
0.18066
0.17746
0.173172
0.167782
0.161277
0.153655
0.145
0.135388
0.123828
0.10952
-0.0861659
-0.0989603
-0.109243
-0.117746
-0.125382
-0.132106
-0.137872
-0.142706
-0.146643
-0.149718
-0.151968
-0.153435
-0.15416
-0.154187
-0.15356
-0.152322
-0.150513
-0.148174
-0.145342
-0.142053
-0.13834
-0.134232
-0.129758
-0.124942
-0.119808
-0.114374
-0.108659
-0.102679
-0.0964467
-0.0899748
-0.0832739
-0.0763531
-0.0692207
-0.0618843
-0.0543509
-0.0466269
-0.0387189
-0.0306335
-0.0223776
-0.0139588
-0.00538542
0.00333296
0.0121856
0.0211602
0.0302427
0.039417
0.0486647
0.0579651
0.0672946
0.0766268
0.0859323
0.0951782
0.104328
0.113343
0.122179
0.130789
0.139124
0.147128
0.154746
0.161918
0.168581
0.17467
0.180122
0.184868
0.188844
0.191984
0.194225
0.195509
0.19578
0.194988
0.19309
0.190051
0.185842
0.180445
0.173845
0.166038
0.157108
0.147136
0.13508
0.120105
-0.0990939
-0.112386
-0.123039
-0.13181
-0.13965
-0.146514
-0.152351
-0.157194
-0.16108
-0.164047
-0.16614
-0.167402
-0.167884
-0.167632
-0.166696
-0.165124
-0.162961
-0.160251
-0.157037
-0.153357
-0.149246
-0.144738
-0.139862
-0.134645
-0.129111
-0.123281
-0.117173
-0.110802
-0.104184
-0.0973294
-0.0902484
-0.0829498
-0.0754411
-0.0677289
-0.0598189
-0.0517166
-0.0434273
-0.034956
-0.0263084
-0.0174907
-0.00850969
0.000626518
0.0099086
0.0193256
0.0288648
0.0385114
0.048248
0.0580548
0.0679092
0.0777852
0.0876536
0.0974816
0.107233
0.116866
0.126338
0.135599
0.144598
0.153276
0.161575
0.16943
0.176774
0.183537
0.189648
0.195034
0.199622
0.20334
0.206116
0.207883
0.208579
0.208144
0.206529
0.203691
0.199595
0.194219
0.187542
0.179558
0.170353
0.16001
0.147436
0.131757
-0.113024
-0.126847
-0.137891
-0.146943
-0.15499
-0.161988
-0.167885
-0.172717
-0.176525
-0.179354
-0.181253
-0.182272
-0.182467
-0.181891
-0.180601
-0.178648
-0.176084
-0.172958
-0.169317
-0.165202
-0.160654
-0.155706
-0.150392
-0.14474
-0.138774
-0.132518
-0.125989
-0.119205
-0.112178
-0.10492
-0.09744
-0.089747
-0.0818469
-0.0737451
-0.0654462
-0.0569542
-0.048273
-0.0394061
-0.0303575
-0.0211317
-0.0117339
-0.00217056
0.0075507
0.0174206
0.0274278
0.0375591
0.0477986
0.0581276
0.0685245
0.0789641
0.0894179
0.0998533
0.110234
0.120518
0.13066
0.140611
0.150316
0.159715
0.168744
0.177336
0.185418
0.192916
0.19975
0.205841
0.211108
0.21547
0.218848
0.221165
0.222347
0.22233
0.221051
0.218462
0.214519
0.209195
0.202463
0.194312
0.184832
0.174108
0.160991
0.144567
-0.128023
-0.142417
-0.153877
-0.16322
-0.171479
-0.178604
-0.184546
-0.189344
-0.193044
-0.195698
-0.19736
-0.198089
-0.197948
-0.196997
-0.195298
-0.192912
-0.189895
-0.186302
-0.182184
-0.177588
-0.172556
-0.167126
-0.161334
-0.15521
-0.148779
-0.142065
-0.135088
-0.127863
-0.120404
-0.112722
-0.104825
-0.0967207
-0.0884144
-0.0799099
-0.0712103
-0.0623182
-0.0532355
-0.0439642
-0.0345064
-0.0248647
-0.0150424
-0.00504405
0.00512464
0.0154562
0.0259414
0.0365685
0.0473233
0.0581887
0.0691444
0.0801664
0.091227
0.102294
0.113331
0.124298
0.135146
0.145826
0.156281
0.166448
0.176261
0.185646
0.194528
0.202824
0.210449
0.217317
0.223336
0.228418
0.232471
0.235411
0.237152
0.237617
0.236738
0.234451
0.230709
0.225473
0.218711
0.210408
0.200655
0.18954
0.175854
0.15864
-0.144168
-0.159177
-0.171082
-0.180731
-0.189203
-0.196448
-0.202416
-0.207151
-0.210707
-0.213141
-0.214517
-0.214903
-0.214368
-0.212982
-0.210816
-0.207935
-0.204406
-0.200288
-0.195638
-0.190507
-0.184942
-0.178984
-0.172671
-0.166034
-0.159102
-0.151898
-0.144441
-0.136749
-0.128834
-0.120707
-0.112374
-0.103843
-0.0951157
-0.086196
-0.0770849
-0.067783
-0.0582905
-0.0486073
-0.0387335
-0.0286695
-0.0184166
-0.00797704
0.00264563
0.0134461
0.0244172
0.0355493
0.0468302
0.0582446
0.0697739
0.0813956
0.0930832
0.104806
0.116527
0.128206
0.139796
0.151245
0.162494
0.173479
0.184129
0.194368
0.204114
0.213278
0.221768
0.229489
0.236342
0.242224
0.247037
0.250681
0.253061
0.254087
0.253676
0.251757
0.248269
0.243164
0.236405
0.227967
0.217945
0.206428
0.192143
0.174089
-0.161543
-0.17722
-0.189602
-0.199572
-0.208259
-0.215614
-0.221585
-0.226223
-0.229591
-0.231754
-0.232786
-0.232764
-0.231769
-0.22988
-0.227176
-0.223734
-0.219625
-0.214918
-0.209673
-0.203949
-0.197796
-0.191259
-0.184378
-0.177186
-0.169714
-0.161984
-0.154018
-0.145831
-0.137436
-0.128842
-0.120055
-0.11108
-0.101918
-0.0925717
-0.0830391
-0.0733192
-0.0634099
-0.0533089
-0.0430139
-0.032523
-0.0218351
-0.0109499
0.000131369
0.011406
0.022869
0.0345134
0.0463292
0.0583032
0.070419
0.0826559
0.0949891
0.107389
0.11982
0.132242
0.144608
0.156866
0.168955
0.180808
0.192353
0.203508
0.214186
0.224293
0.233728
0.242387
0.25016
0.256935
0.2626
0.267041
0.270151
0.271823
0.271963
0.270484
0.267313
0.262392
0.255672
0.247122
0.236836
0.224907
0.209992
0.191042
-0.180247
-0.196652
-0.209548
-0.219855
-0.228759
-0.236209
-0.242155
-0.246655
-0.249781
-0.251612
-0.25223
-0.251727
-0.250194
-0.247723
-0.244403
-0.24032
-0.235556
-0.230186
-0.22428
-0.217898
-0.211097
-0.203926
-0.196426
-0.188634
-0.18058
-0.172289
-0.16378
-0.15507
-0.14617
-0.137087
-0.127827
-0.118393
-0.108785
-0.0990006
-0.089038
-0.0788932
-0.0685617
-0.0580386
-0.0473191
-0.0363986
-0.0252733
-0.0139403
-0.00239798
0.00935365
0.0213125
0.0334741
0.0458312
0.0583734
0.0710864
0.083952
0.0969474
0.110045
0.12321
0.136404
0.149581
0.162687
0.175662
0.188436
0.200934
0.213071
0.224754
0.235883
0.246348
0.256036
0.264827
0.272595
0.279215
0.284558
0.288499
0.290918
0.291702
0.290749
0.28797
0.283293
0.276657
0.268022
0.257483
0.245131
0.229551
0.209642
-0.200389
-0.217592
-0.231045
-0.241708
-0.250828
-0.258354
-0.264239
-0.26855
-0.271373
-0.272796
-0.27292
-0.271849
-0.269687
-0.266542
-0.262515
-0.257704
-0.252199
-0.246086
-0.23944
-0.23233
-0.224816
-0.21695
-0.208777
-0.200336
-0.191657
-0.182766
-0.173682
-0.164419
-0.154989
-0.145397
-0.135647
-0.12574
-0.115673
-0.105442
-0.0950421
-0.0844672
-0.0737099
-0.0627624
-0.0516172
-0.0402666
-0.028704
-0.0169233
-0.00491985
0.00730928
0.0197652
0.0324464
0.0453488
0.0584648
0.0717833
0.0852886
0.0989607
0.112774
0.126696
0.14069
0.154711
0.168705
0.182611
0.196359
0.209871
0.223058
0.235823
0.248057
0.259645
0.270462
0.280376
0.289249
0.296938
0.3033
0.30819
0.31147
0.313007
0.312678
0.310378
0.306018
0.299521
0.290837
0.280056
0.267273
0.25099
0.23005
-0.222095
-0.24018
-0.254239
-0.265277
-0.27461
-0.282188
-0.287967
-0.292028
-0.294469
-0.295397
-0.29493
-0.293187
-0.290293
-0.286368
-0.28153
-0.275889
-0.269548
-0.2626
-0.25513
-0.247213
-0.238914
-0.23029
-0.221387
-0.212245
-0.202896
-0.193365
-0.183671
-0.173827
-0.163843
-0.153721
-0.143465
-0.13307
-0.122534
-0.111849
-0.101007
-0.0899994
-0.0788148
-0.0674431
-0.0558732
-0.0440945
-0.0320969
-0.0198713
-0.0074095
0.00529483
0.0182462
0.0314465
0.0448952
0.0585881
0.0725174
0.0866708
0.101031
0.115576
0.130276
0.145095
0.159991
0.174911
0.189794
0.20457
0.219158
0.233466
0.247392
0.260823
0.273632
0.285686
0.29684
0.306941
0.315828
0.323341
0.329313
0.333584
0.335999
0.336412
0.334694
0.330737
0.324446
0.315755
0.304751
0.291528
0.274498
0.252448
-0.245513
-0.264576
-0.279297
-0.290731
-0.300271
-0.307868
-0.313485
-0.317218
-0.319185
-0.319513
-0.318338
-0.315805
-0.312055
-0.307228
-0.30146
-0.294875
-0.287588
-0.279704
-0.271317
-0.262508
-0.253347
-0.243895
-0.2342
-0.224304
-0.214238
-0.204027
-0.193688
-0.183235
-0.172672
-0.162002
-0.151223
-0.140331
-0.129317
-0.118173
-0.106886
-0.0954438
-0.0838331
-0.0720396
-0.0600488
-0.0478468
-0.0354197
-0.0227547
-0.00984023
0.00333394
0.016776
0.0304919
0.0444847
0.0587542
0.0732964
0.0881028
0.10316
0.118449
0.133944
0.149613
0.165413
0.181296
0.197201
0.213058
0.228785
0.244288
0.25946
0.274181
0.288318
0.301726
0.314247
0.325712
0.335942
0.344754
0.351961
0.357374
0.360811
0.362102
0.36109
0.35764
0.351636
0.342991
0.331789
0.318119
0.300295
0.277041
-0.270812
-0.290968
-0.306416
-0.318266
-0.328001
-0.335575
-0.340959
-0.34427
-0.345648
-0.345247
-0.343229
-0.339762
-0.335013
-0.329145
-0.322309
-0.31465
-0.306296
-0.297365
-0.287957
-0.278163
-0.268057
-0.257703
-0.247152
-0.236445
-0.225614
-0.214682
-0.203666
-0.192574
-0.18141
-0.170174
-0.15886
-0.147461
-0.135964
-0.124357
-0.112625
-0.100751
-0.088718
-0.0765082
-0.0641034
-0.0514857
-0.0386375
-0.0255421
-0.0121838
0.00145148
0.0153762
0.0296005
0.0441316
0.0589738
0.0741274
0.0895885
0.105348
0.121391
0.137695
0.154232
0.170965
0.187845
0.204815
0.221807
0.238736
0.255509
0.272014
0.288126
0.303705
0.318594
0.332621
0.345601
0.357335
0.367615
0.376228
0.382957
0.387588
0.389917
0.389756
0.386939
0.38132
0.37279
0.361421
0.3473
0.328629
0.304064
-0.298194
-0.319575
-0.335825
-0.348112
-0.358022
-0.365517
-0.370579
-0.373349
-0.374001
-0.372716
-0.369691
-0.365123
-0.359208
-0.352133
-0.344075
-0.335195
-0.325639
-0.315535
-0.304995
-0.294115
-0.282975
-0.271641
-0.260166
-0.248592
-0.236947
-0.225254
-0.213527
-0.20177
-0.189986
-0.178168
-0.166309
-0.154395
-0.142412
-0.130343
-0.118169
-0.105868
-0.0934199
-0.0808026
-0.0679938
-0.0549716
-0.0417142
-0.0282006
-0.0144111
-0.00032694
0.0140686
0.0287903
0.0438502
0.0592573
0.0750168
0.0911298
0.107592
0.124394
0.141518
0.158941
0.176629
0.194539
0.212616
0.230793
0.248989
0.267108
0.285036
0.302645
0.319786
0.336293
0.351978
0.36664
0.380057
0.391997
0.402215
0.41046
0.416483
0.420041
0.420905
0.418873
0.413761
0.405431
0.393939
0.379364
0.359787
0.333787
-0.327893
-0.350659
-0.367795
-0.380539
-0.390595
-0.397935
-0.402559
-0.404643
-0.404397
-0.402043
-0.397814
-0.391947
-0.38467
-0.376202
-0.366744
-0.356478
-0.345567
-0.334153
-0.322359
-0.310285
-0.298017
-0.285623
-0.273156
-0.260655
-0.248149
-0.235656
-0.223186
-0.210742
-0.198318
-0.185907
-0.173495
-0.161064
-0.148596
-0.136069
-0.123458
-0.110739
-0.0978869
-0.0848745
-0.0716755
-0.0582635
-0.0446124
-0.0306969
-0.0164923
-0.0019756
0.012875
0.0280791
0.0436539
0.0596137
0.0759691
0.0927268
0.109888
0.12745
0.1454
0.163721
0.182384
0.201352
0.220573
0.239986
0.259511
0.279053
0.298498
0.317714
0.336545
0.354815
0.372325
0.388852
0.404155
0.417969
0.430019
0.440014
0.447662
0.452674
0.454773
0.45371
0.449256
0.441233
0.429677
0.414653
0.394102
0.366523
-0.360192
-0.384531
-0.40265
-0.415867
-0.426024
-0.433109
-0.43715
-0.438363
-0.437008
-0.433357
-0.427691
-0.420291
-0.411425
-0.401346
-0.390285
-0.378448
-0.366015
-0.353142
-0.339961
-0.32658
-0.313086
-0.299548
-0.286018
-0.272534
-0.259121
-0.245791
-0.232551
-0.219398
-0.206322
-0.193309
-0.180341
-0.167395
-0.154446
-0.141468
-0.128431
-0.115308
-0.102066
-0.0886743
-0.0751028
-0.0613199
-0.0472948
-0.0329974
-0.0183983
-0.00346942
0.0118161
0.0274831
0.0435544
0.0600499
0.0769864
0.0943768
0.112229
0.130546
0.149323
0.168548
0.188201
0.20825
0.228651
0.249346
0.27026
0.291301
0.312357
0.333293
0.353949
0.37414
0.393654
0.412251
0.429662
0.445596
0.459737
0.471753
0.4813
0.488034
0.491622
0.491754
0.488146
0.480567
0.469024
0.453563
0.431964
0.402633
-0.395428
-0.421563
-0.440776
-0.454476
-0.464668
-0.471366
-0.474633
-0.474745
-0.472022
-0.466798
-0.459414
-0.450204
-0.439483
-0.427545
-0.414652
-0.401036
-0.386897
-0.372404
-0.357696
-0.342886
-0.328065
-0.313299
-0.298639
-0.284116
-0.269751
-0.255553
-0.241519
-0.227642
-0.213904
-0.200287
-0.186764
-0.173308
-0.159888
-0.146472
-0.133026
-0.119514
-0.105902
-0.0921525
-0.0782305
-0.0640998
-0.0497245
-0.0350697
-0.020101
-0.00478484
0.0109108
0.0270165
0.043561
0.0605703
0.0780677
0.0960729
0.114601
0.133663
0.153261
0.173392
0.194044
0.215192
0.236801
0.25882
0.281181
0.303796
0.326557
0.349329
0.371951
0.39423
0.415943
0.43683
0.456601
0.47493
0.491461
0.505811
0.51758
0.526358
0.531742
0.533348
0.53082
0.523861
0.512436
0.496561
0.473831
0.442547
-0.43401
-0.46221
-0.482642
-0.496821
-0.506952
-0.513086
-0.515336
-0.514054
-0.50964
-0.502508
-0.493068
-0.481721
-0.468838
-0.454756
-0.439773
-0.424149
-0.408102
-0.391814
-0.375431
-0.35907
-0.342819
-0.326743
-0.310885
-0.295273
-0.279919
-0.264824
-0.24998
-0.235368
-0.220967
-0.206747
-0.192678
-0.178724
-0.164849
-0.151013
-0.137176
-0.1233
-0.109341
-0.0952598
-0.0810142
-0.0665634
-0.0518666
-0.0368835
-0.0215745
-0.0059008
0.0101754
0.0266906
0.0436796
0.0611752
0.0792076
0.097804
0.116988
0.136777
0.157184
0.178216
0.199868
0.222126
0.244965
0.268344
0.292203
0.316464
0.341022
0.365748
0.39048
0.415023
0.439143
0.462565
0.484973
0.506008
0.52527
0.542321
0.556693
0.567901
0.575454
0.57888
0.577728
0.571616
0.560451
0.544202
0.520246
0.486767
-0.476438
-0.507023
-0.528815
-0.543454
-0.553385
-0.558715
-0.559631
-0.556584
-0.55008
-0.540628
-0.528729
-0.514861
-0.499457
-0.482906
-0.465546
-0.447661
-0.429489
-0.411223
-0.393013
-0.374974
-0.357193
-0.339726
-0.322611
-0.305864
-0.28949
-0.27348
-0.257814
-0.242467
-0.227406
-0.212596
-0.197995
-0.183562
-0.169252
-0.15502
-0.140821
-0.126607
-0.112332
-0.0979493
-0.0834119
-0.0686736
-0.0536886
-0.0384112
-0.0227964
-0.00679974
0.00962228
0.0265123
0.0439117
0.0618602
0.0803956
0.0995528
0.119364
0.139857
0.161054
0.182971
0.205616
0.228987
0.253071
0.277837
0.30324
0.32921
0.355654
0.382451
0.409441
0.436431
0.463179
0.489399
0.514751
0.538843
0.561226
0.581403
0.59883
0.612931
0.623112
0.628786
0.629387
0.624419
0.613703
0.597148
0.571864
0.5359
-0.523326
-0.556687
-0.579995
-0.595042
-0.604572
-0.608776
-0.607945
-0.602662
-0.593568
-0.581295
-0.566453
-0.54961
-0.531274
-0.511888
-0.491829
-0.47141
-0.450882
-0.430446
-0.410253
-0.390414
-0.371006
-0.352077
-0.333652
-0.315736
-0.298321
-0.281385
-0.264898
-0.248823
-0.233117
-0.217734
-0.202625
-0.187739
-0.173024
-0.158428
-0.143898
-0.129381
-0.114825
-0.100177
-0.085385
-0.0703972
-0.0551624
-0.0396297
-0.0237485
-0.00746881
0.00925895
0.0264837
0.0442535
0.0626153
0.0816148
0.101296
0.121699
0.142862
0.16482
0.1876
0.211222
0.235699
0.26103
0.287202
0.314182
0.341919
0.370331
0.399309
0.428705
0.458329
0.487939
0.51724
0.545873
0.573413
0.599363
0.623161
0.644177
0.66173
0.6751
0.683562
0.686397
0.68296
0.672957
0.6562
0.629477
0.590676
-0.575442
-0.612051
-0.637045
-0.6524
-0.661241
-0.663883
-0.660761
-0.65264
-0.640333
-0.624627
-0.606264
-0.585917
-0.564176
-0.541544
-0.518435
-0.495187
-0.472063
-0.449263
-0.426935
-0.405179
-0.384058
-0.363605
-0.34383
-0.324722
-0.306257
-0.288398
-0.271102
-0.254317
-0.23799
-0.222064
-0.206479
-0.191175
-0.176092
-0.16117
-0.14635
-0.131571
-0.116775
-0.101904
-0.0868999
-0.0717058
-0.0562651
-0.0405213
-0.0244185
-0.00790092
0.00908696
0.0266004
0.0446945
0.0634235
0.0828414
0.103001
0.123952
0.145745
0.168425
0.192033
0.216605
0.242167
0.268738
0.29632
0.324901
0.354447
0.384898
0.416162
0.448106
0.480552
0.513265
0.545948
0.578227
0.609649
0.639673
0.667665
0.692903
0.714581
0.731835
0.743762
0.749452
0.748059
0.739128
0.722332
0.694056
0.65199
-0.633753
-0.674189
-0.701046
-0.716535
-0.72427
-0.724751
-0.718624
-0.706894
-0.690595
-0.67071
-0.648137
-0.623671
-0.597989
-0.571653
-0.545116
-0.51873
-0.492764
-0.46741
-0.442803
-0.419024
-0.396118
-0.374097
-0.352948
-0.332642
-0.313134
-0.29437
-0.27629
-0.258829
-0.241918
-0.225489
-0.20947
-0.193793
-0.178388
-0.163188
-0.148124
-0.13313
-0.118143
-0.103097
-0.0879294
-0.0725778
-0.0569802
-0.0410749
-0.0248006
-0.00809586
0.00910084
0.0268511
0.0452169
0.0642603
0.0840433
0.104628
0.126076
0.148447
0.1718
0.196191
0.221671
0.248285
0.27607
0.305052
0.335239
0.366624
0.399169
0.432808
0.467432
0.502883
0.538943
0.57532
0.611638
0.647422
0.682088
0.714936
0.745141
0.771761
0.793754
0.810004
0.819352
0.820691
0.813334
0.796749
0.766805
0.720949
-0.699493
-0.744469
-0.773361
-0.78869
-0.794715
-0.792218
-0.782141
-0.765809
-0.744549
-0.719577
-0.691978
-0.662681
-0.632456
-0.601919
-0.571552
-0.541713
-0.512663
-0.484576
-0.457562
-0.431677
-0.406935
-0.383322
-0.360798
-0.339307
-0.318783
-0.29915
-0.280329
-0.262239
-0.244795
-0.227915
-0.211518
-0.195523
-0.179851
-0.164426
-0.149174
-0.134021
-0.118896
-0.10373
-0.0884535
-0.0729989
-0.057299
-0.0412873
-0.024897
-0.00806132
0.00928714
0.0272163
0.0457948
0.0650924
0.0851796
0.106128
0.128009
0.150897
0.174862
0.199977
0.22631
0.253926
0.282884
0.313235
0.345015
0.378243
0.412917
0.449001
0.48642
0.525047
0.564691
0.605081
0.64585
0.686514
0.72646
0.764921
0.800969
0.833513
0.861304
0.882965
0.897022
0.902016
0.896938
0.88095
0.849243
0.798945
-0.774262
-0.824662
-0.855734
-0.870418
-0.873857
-0.867251
-0.851966
-0.82976
-0.802326
-0.77117
-0.737586
-0.702649
-0.667216
-0.631948
-0.597337
-0.563734
-0.531373
-0.500397
-0.470876
-0.442828
-0.41623
-0.39103
-0.367155
-0.344519
-0.323029
-0.302584
-0.283085
-0.264429
-0.246519
-0.229256
-0.212546
-0.196299
-0.180426
-0.164841
-0.149464
-0.134214
-0.119013
-0.103787
-0.0884616
-0.0729638
-0.0572219
-0.041164
-0.0247187
-0.00781371
0.00962372
0.0276676
0.0463933
0.0658778
0.0862002
0.107441
0.129685
0.153015
0.177518
0.203283
0.230397
0.258947
0.289016
0.320682
0.354015
0.389068
0.425876
0.464446
0.504747
0.546696
0.590145
0.634861
0.680503
0.726601
0.772524
0.817456
0.860373
0.900021
0.934919
0.963376
0.983519
0.993425
0.991626
0.976829
0.943309
0.887759
-0.860168
-0.917095
-0.95041
-0.963665
-0.963233
-0.950949
-0.928783
-0.899067
-0.863957
-0.825298
-0.784618
-0.743133
-0.701774
-0.661224
-0.621963
-0.584306
-0.54844
-0.514455
-0.482367
-0.45214
-0.423703
-0.396956
-0.371789
-0.348078
-0.325698
-0.304522
-0.284427
-0.265291
-0.246997
-0.229432
-0.21249
-0.196068
-0.180068
-0.164398
-0.148966
-0.133688
-0.11848
-0.103261
-0.0879527
-0.0724774
-0.0567586
-0.0407202
-0.0242859
-0.0073788
0.0100791
0.0281675
0.0469681
0.0665651
0.0870456
0.1085
0.131022
0.15471
0.179664
0.205989
0.233794
0.263188
0.294281
0.327183
0.361997
0.398821
0.437733
0.478793
0.522024
0.567404
0.614847
0.664179
0.715112
0.767213
0.819866
0.872228
0.923194
0.971354
1.01497
1.05199
1.08004
1.09658
1.09949
1.08681
1.05152
0.989705
-0.960048
-1.02488
-1.06033
-1.07088
-1.06468
-1.04454
-1.01326
-0.973937
-0.929297
-0.881573
-0.832529
-0.783504
-0.735469
-0.689092
-0.644802
-0.602846
-0.563334
-0.526277
-0.491615
-0.459246
-0.429033
-0.400826
-0.374462
-0.34978
-0.326618
-0.30482
-0.284235
-0.264722
-0.246145
-0.228375
-0.211294
-0.194787
-0.178747
-0.163072
-0.147666
-0.132437
-0.117295
-0.102157
-0.0869369
-0.0715547
-0.0559294
-0.039981
-0.0236289
-0.006792
0.0106125
0.0286694
0.0474662
0.0670939
0.0876471
0.109225
0.131933
0.15588
0.181182
0.207961
0.236346
0.266471
0.298475
0.332501
0.368692
0.407191
0.448132
0.491634
0.537792
0.586659
0.638232
0.692425
0.749035
0.807703
0.867869
0.928707
0.989065
1.0474
1.10172
1.14954
1.18789
1.21343
1.22314
1.21401
1.17722
1.10787
-1.07781
-1.15224
-1.18937
-1.19515
-1.18038
-1.14931
-1.10595
-1.05436
-0.997932
-0.939321
-0.880502
-0.822889
-0.767432
-0.714725
-0.665095
-0.618671
-0.575449
-0.535333
-0.498165
-0.463754
-0.43189
-0.402357
-0.37494
-0.34943
-0.325627
-0.303343
-0.282401
-0.262636
-0.243894
-0.226033
-0.208919
-0.192427
-0.176442
-0.160854
-0.145561
-0.130464
-0.115471
-0.10049
-0.0854357
-0.0702221
-0.0547654
-0.038982
-0.0227879
-0.00609832
0.0111737
0.0291174
0.0478255
0.0673949
0.0879275
0.109531
0.132319
0.156415
0.181947
0.209056
0.23789
0.268608
0.301379
0.336382
0.373803
0.413835
0.456673
0.502509
0.551518
0.603852
0.659614
0.718837
0.781444
0.847202
0.915661
0.986077
1.05732
1.12776
1.19517
1.25664
1.30848
1.3463
1.36584
1.36256
1.32491
1.24644
-1.219
-1.3051
-1.34271
-1.34036
-1.31283
-1.26655
-1.20717
-1.13994
-1.06903
-0.997466
-0.927364
-0.860114
-0.796551
-0.737109
-0.681936
-0.630991
-0.584108
-0.541047
-0.501529
-0.465258
-0.431937
-0.401274
-0.372996
-0.346844
-0.322577
-0.299974
-0.278832
-0.258962
-0.240193
-0.222368
-0.20534
-0.188976
-0.173151
-0.15775
-0.142663
-0.127789
-0.113029
-0.09829
-0.0834821
-0.068517
-0.0533079
-0.0377687
-0.0218127
-0.00535184
0.0117039
0.0294475
0.0479762
0.0673919
0.0878026
0.109323
0.132077
0.156198
0.181827
0.209122
0.238251
0.269397
0.30276
0.338554
0.37701
0.418378
0.462917
0.5109
0.562599
0.618279
0.67818
0.742488
0.8113
0.884571
0.962042
1.04314
1.12685
1.21158
1.29495
1.37364
1.44313
1.4978
1.53166
1.5379
1.50083
1.41136
-1.39179
-1.49184
-1.52732
-1.5113
-1.46473
-1.39728
-1.3167
-1.22969
-1.14115
-1.05439
-0.97148
-0.893636
-0.821432
-0.755019
-0.694276
-0.638918
-0.588567
-0.542806
-0.501207
-0.463351
-0.428843
-0.397312
-0.36842
-0.341857
-0.317341
-0.294617
-0.273457
-0.25365
-0.235009
-0.217361
-0.200552
-0.184438
-0.168888
-0.153779
-0.138999
-0.124442
-0.110007
-0.095597
-0.0811206
-0.0664873
-0.0516086
-0.0363962
-0.0207616
-0.00461474
0.0121369
0.0295891
0.0478423
0.0670027
0.0871832
0.108505
0.131099
0.155108
0.180687
0.208006
0.237253
0.268635
0.302378
0.338736
0.377984
0.420427
0.466395
0.516248
0.570366
0.629147
0.69299
0.762276
0.837328
0.918365
1.00542
1.0982
1.196
1.29739
1.40004
1.50032
1.59294
1.67079
1.72563
1.74732
1.7138
1.61126
-1.60872
-1.72469
-1.75258
-1.71376
-1.63878
-1.54187
-1.43343
-1.32166
-1.212
-1.10774
-1.01065
-0.921487
-0.840373
-0.76702
-0.700925
-0.641479
-0.588041
-0.53998
-0.496696
-0.457637
-0.4223
-0.390233
-0.36103
-0.334333
-0.309819
-0.287203
-0.26623
-0.246674
-0.228331
-0.211018
-0.194569
-0.178836
-0.16368
-0.148977
-0.13461
-0.120469
-0.106453
-0.0924633
-0.0784063
-0.064191
-0.0497277
-0.0349274
-0.0197005
-0.00395573
0.0124006
0.0294662
0.0473437
0.0661418
0.0859774
0.106976
0.129275
0.153025
0.17839
0.205554
0.234721
0.266117
0.299998
0.336649
0.37639
0.41958
0.466623
0.517966
0.574106
0.635587
0.702991
0.776929
0.85801
0.946794
1.04372
1.14897
1.26231
1.38278
1.50839
1.63552
1.7583
1.86803
1.95375
2.00057
1.9766
1.85938
-1.89006
-2.02187
-2.03103
-1.95433
-1.83699
-1.69935
-1.55472
-1.41246
-1.27807
-1.15425
-1.04198
-0.941228
-0.851364
-0.771486
-0.700586
-0.637654
-0.581734
-0.531952
-0.487524
-0.447756
-0.412039
-0.379837
-0.350684
-0.324173
-0.299947
-0.277694
-0.257138
-0.238037
-0.220176
-0.203362
-0.187426
-0.172211
-0.157577
-0.143396
-0.12955
-0.115928
-0.102428
-0.0889512
-0.0754035
-0.0616939
-0.047733
-0.0334316
-0.0187004
-0.00344797
0.0124197
0.0290007
0.0463986
0.0647236
0.0840945
0.10464
0.126501
0.149834
0.17481
0.201623
0.23049
0.261655
0.295395
0.332026
0.371907
0.415448
0.463121
0.515463
0.573085
0.636685
0.707044
0.785033
0.871595
0.967718
1.07437
1.19241
1.32235
1.4641
1.61648
1.77647
1.93816
2.09161
2.22284
2.31064
2.30814
2.17697
-2.27056
-2.41089
-2.37885
-2.23951
-2.05942
-1.86617
-1.67542
-1.49666
-1.3343
-1.18954
-1.06186
-0.949949
-0.852119
-0.766651
-0.691911
-0.626421
-0.568878
-0.518153
-0.473274
-0.433409
-0.397847
-0.36598
-0.337288
-0.311324
-0.287702
-0.26609
-0.246197
-0.227769
-0.210584
-0.194445
-0.179177
-0.164623
-0.15064
-0.137101
-0.123887
-0.110889
-0.0980024
-0.0851318
-0.0721839
-0.0590685
-0.0456972
-0.0319824
-0.0178356
-0.0031666
0.0121177
0.0281145
0.044927
0.0626651
0.0814478
0.101405
0.122679
0.145428
0.16983
0.196083
0.224413
0.255076
0.288368
0.324626
0.364243
0.407672
0.455443
0.508173
0.566585
0.631524
0.703974
0.785078
0.876151
0.978676
1.09429
1.22469
1.37152
1.53604
1.7186
1.91777
2.12878
2.34153
2.53956
2.6942
2.73693
2.60034
-2.81311
-2.93354
-2.81503
-2.57288
-2.30127
-2.03391
-1.78637
-1.56582
-1.37357
-1.20788
-1.06585
-0.944284
-0.840126
-0.750661
-0.673545
-0.6068
-0.548773
-0.498087
-0.4536
-0.41436
-0.379572
-0.348571
-0.320796
-0.295772
-0.273096
-0.252421
-0.233449
-0.215923
-0.199616
-0.18433
-0.169891
-0.156143
-0.142944
-0.130167
-0.117697
-0.105425
-0.0932511
-0.0810807
-0.0688228
-0.0563898
-0.0436956
-0.0306548
-0.0171812
-0.003187
0.0114187
0.0267311
0.042851
0.0598868
0.0779554
0.0971854
0.117719
0.139713
0.163346
0.188818
0.21636
0.246233
0.278743
0.314242
0.353143
0.395932
0.443184
0.495579
0.553934
0.619222
0.692613
0.775515
0.869617
0.976933
1.09985
1.24111
1.4038
1.59111
1.80591
2.04983
2.32131
2.61267
2.9075
3.1707
3.30596
3.19489
-3.63207
-3.65028
-3.35762
-2.95026
-2.54882
-2.18659
-1.87293
-1.60792
-1.38659
-1.2024
-1.04896
-0.920685
-0.812894
-0.721785
-0.6443
-0.577986
-0.520882
-0.471409
-0.428291
-0.390492
-0.357163
-0.327604
-0.301234
-0.277566
-0.256191
-0.23676
-0.218976
-0.202582
-0.187357
-0.173106
-0.159657
-0.146858
-0.134573
-0.122678
-0.111062
-0.0996194
-0.0882547
-0.0768764
-0.0653975
-0.0537336
-0.0418024
-0.0295217
-0.0168089
-0.00357974
0.0102532
0.0247815
0.0401024
0.0563205
0.0735491
0.0919128
0.11155
0.132614
0.15528
0.179746
0.206239
0.235021
0.266397
0.300724
0.338424
0.379997
0.426042
0.477282
0.534592
0.599041
0.671946
0.754933
0.850024
0.959736
1.08721
1.23634
1.41191
1.6196
1.8659
2.15743
2.49911
2.8907
3.32214
3.75841
4.07682
4.07839
-4.93391
-4.64061
-4.01642
-3.35559
-2.77794
-2.30079
-1.91617
-1.60905
-1.36373
-1.16667
-1.00707
-0.876614
-0.768936
-0.679227
-0.60382
-0.539904
-0.485303
-0.438317
-0.397605
-0.362093
-0.330918
-0.303378
-0.278894
-0.256986
-0.237254
-0.219359
-0.203014
-0.187971
-0.174017
-0.160966
-0.148654
-0.136937
-0.125684
-0.114779
-0.104115
-0.0935947
-0.0831254
-0.0726214
-0.0620004
-0.051183
-0.0400911
-0.0286473
-0.0167737
-0.00439038
0.00858508
0.0222394
0.0366646
0.0519597
0.0682325
0.0856013
0.104198
0.124169
0.145682
0.168927
0.194122
0.221522
0.251422
0.284172
0.320186
0.35996
0.404094
0.453317
0.508527
0.570836
0.641639
0.722701
0.816275
0.925272
1.05348
1.20586
1.38895
1.6113
1.88398
2.22081
2.63783
3.1505
3.76664
4.4668
5.12955
5.4608
-7.1781
-6.00419
-4.75333
-3.73049
-2.93574
-2.33557
-1.8877
-1.55089
-1.2937
-1.09402
-0.936429
-0.810082
-0.707327
-0.622683
-0.55216
-0.492804
-0.442388
-0.399211
-0.361951
-0.329566
-0.301226
-0.276259
-0.254119
-0.234352
-0.216583
-0.200494
-0.185818
-0.172323
-0.159811
-0.14811
-0.137067
-0.126548
-0.116433
-0.106613
-0.0969889
-0.0874702
-0.0779718
-0.0684138
-0.0587199
-0.0488162
-0.0386305
-0.028091
-0.0171251
-0.00565898
0.00638405
0.0190844
0.0325276
0.0468055
0.0620183
0.0782758
0.0957003
0.114429
0.134617
0.156442
0.180107
0.205851
0.233951
0.264734
0.298594
0.336
0.377523
0.423865
0.475894
0.534699
0.601662
0.678563
0.767724
0.872222
0.996204
1.14535
1.32758
1.55406
1.84068
2.21012
2.69468
3.33688
4.18016
5.25643
6.56568
7.80737
-11.5601
-7.80265
-5.29305
-3.81997
-2.84175
-2.17226
-1.71133
-1.38439
-1.14416
-0.962287
-0.821103
-0.709132
-0.618714
-0.544587
-0.483031
-0.431349
-0.387537
-0.350078
-0.317799
-0.289783
-0.265298
-0.243756
-0.224675
-0.207658
-0.192374
-0.178545
-0.165933
-0.154336
-0.143577
-0.133504
-0.123981
-0.11489
-0.106123
-0.0975826
-0.089181
-0.0808366
-0.0724732
-0.0640189
-0.0554053
-0.046566
-0.0374358
-0.0279502
-0.0180438
-0.00765024
0.00329947
0.0148776
0.0271608
0.0402315
0.0541792
0.0691023
0.0851099
0.102324
0.120883
0.140945
0.16269
0.186329
0.212108
0.240317
0.271304
0.305484
0.343363
0.385562
0.432853
0.486205
0.546856
0.616407
0.696972
0.791389
0.903558
1.03898
1.20562
1.41538
1.68654
2.04826
2.54906
3.26603
4.30366
5.85009
8.44991
12.3182
-18.9699
-9.55624
-5.06812
-3.24737
-2.28436
-1.7002
-1.32931
-1.07806
-0.89663
-0.759547
-0.652622
-0.567206
-0.497709
-0.440338
-0.392412
-0.351975
-0.317561
-0.288046
-0.262555
-0.240395
-0.221006
-0.203934
-0.188806
-0.175308
-0.16318
-0.152197
-0.142171
-0.132935
-0.124346
-0.11628
-0.108623
-0.101277
-0.0941525
-0.0871674
-0.0802473
-0.0733232
-0.0663302
-0.0592072
-0.0518954
-0.044338
-0.0364793
-0.0282636
-0.0196352
-0.010537
-0.000910041
0.00930735
0.0201805
0.0317792
0.0441791
0.0574632
0.0717226
0.0870593
0.103588
0.121438
0.14076
0.161723
0.184529
0.209411
0.236646
0.266566
0.29957
0.336144
0.376889
0.422552
0.474079
0.532684
0.599954
0.678004
0.769723
0.87918
1.01233
1.17832
1.39198
1.67957
2.09195
2.72598
3.75693
5.67367
10.2794
19.8164
)
;

boundaryField
{
    movingWall
    {
        type            zeroGradient;
    }
    fixedWalls
    {
        type            zeroGradient;
    }
    frontAndBack
    {
        type            empty;
    }
}


// ************************************************************************* //
