/*--------------------------------*- C++ -*----------------------------------*\
  =========                 |
  \\      /  F ield         | OpenFOAM: The Open Source CFD Toolbox
   \\    /   O peration     | Website:  https://openfoam.org
    \\  /    A nd           | Version:  7
     \\/     M anipulation  |
\*---------------------------------------------------------------------------*/
FoamFile
{
    version     2.0;
    format      ascii;
    class       volScalarField;
    location    "0.475";
    object      p;
}
// * * * * * * * * * * * * * * * * * * * * * * * * * * * * * * * * * * * * * //

dimensions      [0 2 -2 0 0 0 0];

internalField   nonuniform List<scalar> 
6400
(
9.3023e-06
2.83142e-05
-0.000477318
-0.00151035
-0.00295313
-0.00469534
-0.0066366
-0.00868736
-0.0107704
-0.0128203
-0.0147819
-0.0166091
-0.0182634
-0.019713
-0.0209321
-0.0219001
-0.0226007
-0.0230219
-0.023155
-0.0229947
-0.0225385
-0.0217865
-0.0207411
-0.0194069
-0.0177904
-0.0158997
-0.0137448
-0.0113369
-0.00868873
-0.00581406
-0.00272794
0.00055359
0.00401354
0.00763403
0.0113964
0.0152813
0.0192686
0.0233379
0.0274679
0.0316372
0.035824
0.0400062
0.0441615
0.0482677
0.0523025
0.0562438
0.0600698
0.0637591
0.0672908
0.0706447
0.0738012
0.076742
0.0794495
0.0819079
0.0841024
0.0860199
0.0876494
0.0889816
0.0900095
0.0907286
0.0911368
0.0912352
0.0910277
0.0905217
0.0897283
0.0886624
0.0873436
0.0857958
0.0840485
0.0821369
0.0801028
0.0779954
0.0758721
0.0738001
0.0718568
0.0701308
0.0687191
0.067726
0.067258
0.0672956
4.10379e-06
1.82016e-05
-0.000435351
-0.00131887
-0.00253305
-0.00399867
-0.00563981
-0.00738405
-0.00916614
-0.0109288
-0.0126224
-0.0142044
-0.0156387
-0.016895
-0.0179482
-0.0187778
-0.0193678
-0.0197055
-0.0197819
-0.019591
-0.0191294
-0.0183964
-0.0173934
-0.0161239
-0.0145934
-0.012809
-0.0107794
-0.00851472
-0.00602649
-0.00332737
-0.000431161
0.0026473
0.00589225
0.00928707
0.0128144
0.016456
0.0201933
0.0240069
0.0278772
0.0317839
0.0357066
0.0396247
0.0435173
0.0473636
0.0511429
0.0548344
0.058418
0.0618736
0.065182
0.0683243
0.0712826
0.07404
0.0765805
0.0788896
0.080954
0.082762
0.0843038
0.0855714
0.086559
0.087263
0.0876824
0.0878189
0.0876773
0.0872653
0.0865941
0.0856789
0.0845386
0.0831966
0.0816809
0.080025
0.0782675
0.0764535
0.0746346
0.0728691
0.0712224
0.0697659
0.0685727
0.0677177
0.0672944
0.0673331
0.000511643
0.000473593
1.96324e-05
-0.000796453
-0.00188742
-0.00318998
-0.00464295
-0.0061862
-0.00776406
-0.00932651
-0.0108292
-0.0122336
-0.0135062
-0.0146188
-0.0155473
-0.0162723
-0.016778
-0.0170518
-0.0170848
-0.0168704
-0.016405
-0.0156873
-0.014718
-0.0135
-0.012038
-0.0103383
-0.00840866
-0.00625841
-0.00389809
-0.00133946
0.00140465
0.00432039
0.00739299
0.0106068
0.0139456
0.0173921
0.0209289
0.0245376
0.0281996
0.031896
0.0356073
0.039314
0.0429966
0.0466353
0.0502106
0.053703
0.0570933
0.060363
0.0634938
0.0664682
0.0692693
0.0718815
0.07429
0.0764812
0.0784429
0.0801646
0.0816373
0.082854
0.0838096
0.0845013
0.0849287
0.085094
0.0850021
0.084661
0.0840819
0.0832793
0.0822718
0.0810814
0.0797347
0.0782628
0.0767013
0.0750913
0.0734785
0.071914
0.0704538
0.069157
0.068083
0.067292
0.0668695
0.066867
0.00154486
0.00135979
0.000835963
1.65451e-05
-0.00103179
-0.00225548
-0.00360279
-0.00502298
-0.0064684
-0.00789543
-0.00926488
-0.010542
-0.0116966
-0.0127025
-0.0135374
-0.014183
-0.0146241
-0.014849
-0.0148487
-0.0146168
-0.0141494
-0.0134451
-0.0125041
-0.011329
-0.00992372
-0.00829409
-0.00644726
-0.0043918
-0.00213755
0.000304536
0.00292239
0.00570299
0.00863241
0.0116959
0.014878
0.0181625
0.0215326
0.0249712
0.0284604
0.0319822
0.0355183
0.03905
0.0425587
0.0460258
0.0494326
0.0527607
0.0559919
0.0591086
0.0620935
0.06493
0.0676024
0.0700957
0.0723962
0.0744911
0.0763691
0.0780204
0.0794367
0.0806116
0.0815406
0.0822213
0.0826538
0.0828403
0.0827859
0.0824983
0.0819885
0.0812703
0.0803612
0.079282
0.0780575
0.0767162
0.0752908
0.0738179
0.0723385
0.0708971
0.0695419
0.0683233
0.0672917
0.0664988
0.0660126
0.0658771
0.00299401
0.00258245
0.00193074
0.00105837
2.57746e-06
-0.0011918
-0.00248088
-0.00382239
-0.00517605
-0.00650433
-0.00777302
-0.00895142
-0.0100124
-0.0109323
-0.011691
-0.0122713
-0.0126592
-0.0128437
-0.0128161
-0.0125705
-0.012103
-0.0114118
-0.0104974
-0.00936162
-0.00800826
-0.00644252
-0.00467106
-0.00270185
-0.000544069
0.00179199
0.00429498
0.00695263
0.00975178
0.0126785
0.015718
0.0188551
0.0220737
0.0253576
0.0286898
0.0320531
0.0354302
0.0388032
0.0421544
0.0454661
0.0487205
0.0519001
0.0549877
0.0579664
0.0608199
0.0635324
0.066089
0.0684757
0.0706792
0.0726878
0.0744907
0.0760787
0.0774442
0.0785812
0.0794857
0.0801555
0.0805907
0.0807939
0.0807698
0.0805259
0.0800725
0.0794228
0.078593
0.0776024
0.0764737
0.075233
0.0739096
0.0725362
0.0711487
0.0697859
0.0684887
0.0672997
0.066262
0.0654194
0.0648131
0.0644653
0.00475695
0.00406853
0.00324581
0.00228022
0.00117557
-3.10325e-05
-0.00130235
-0.00260368
-0.0039015
-0.00516393
-0.00636149
-0.00746743
-0.0084578
-0.00931157
-0.0100106
-0.0105394
-0.0108851
-0.0110377
-0.0109891
-0.0107337
-0.0102679
-0.00959007
-0.00870043
-0.00760078
-0.00629455
-0.0047866
-0.00308315
-0.00119166
0.000879242
0.00311985
0.00551945
0.00806644
0.0107484
0.0135519
0.0164633
0.0194677
0.0225502
0.0256951
0.0288863
0.0321074
0.0353418
0.0385726
0.0417829
0.0449556
0.0480739
0.051121
0.0540805
0.0569364
0.059673
0.0622753
0.0647292
0.0670212
0.0691389
0.071071
0.0728073
0.0743392
0.0756594
0.0767623
0.0776441
0.0783028
0.0787387
0.0789539
0.0789532
0.0787434
0.0783342
0.0777378
0.076969
0.0760457
0.0749883
0.0738204
0.0725681
0.0712602
0.069928
0.0686048
0.0673253
0.0661248
0.0650404
0.0641085
0.0633392
0.0627283
0.00674297
0.00574944
0.00472592
0.00363551
0.00244811
0.00119428
-9.41611e-05
-0.00138919
-0.00266326
-0.00388968
-0.0050434
-0.00610139
-0.00704284
-0.00784931
-0.00850473
-0.00899538
-0.00930982
-0.00943882
-0.00937527
-0.00911406
-0.00865197
-0.00798755
-0.00712104
-0.0060542
-0.00479029
-0.00333391
-0.00169093
0.000131577
0.00212544
0.00428147
0.00658951
0.00903853
0.0116167
0.0143113
0.0171092
0.0199965
0.0229586
0.0259808
0.0290475
0.0321433
0.035252
0.0383576
0.0414439
0.0444946
0.0474935
0.0504245
0.053272
0.0560205
0.0586551
0.0611615
0.063526
0.0657358
0.0677789
0.0696445
0.071323
0.072806
0.0740865
0.0751592
0.0760204
0.0766681
0.0771025
0.0773255
0.0773413
0.0771564
0.0767795
0.0762218
0.0754967
0.0746204
0.0736113
0.0724904
0.0712806
0.0700074
0.0686976
0.0673798
0.0660828
0.0648359
0.0636708
0.0626183
0.061656
0.0607526
0.0088728
0.00756068
0.00631724
0.00507887
0.00378266
0.00245391
0.00112006
-0.000196654
-0.00147398
-0.00268984
-0.00382325
-0.00485468
-0.00576634
-0.00654228
-0.00716854
-0.00763315
-0.00792608
-0.00803924
-0.00796637
-0.00770302
-0.00724644
-0.00659549
-0.00575054
-0.00471342
-0.0034873
-0.00207662
-0.000487014
0.00127477
0.00320093
0.00528269
0.00751038
0.00987347
0.0123606
0.0149599
0.0176585
0.0204431
0.0233
0.0262149
0.029173
0.0321593
0.0351586
0.0381552
0.0411338
0.0440785
0.0469739
0.0498045
0.0525552
0.0552112
0.057758
0.0601819
0.0624696
0.0646089
0.0665882
0.0683969
0.0700259
0.0714669
0.0727132
0.0737595
0.0746021
0.075239
0.0756701
0.075897
0.0759234
0.0757551
0.0753999
0.0748678
0.074171
0.0733239
0.0723428
0.0712463
0.0700545
0.0687895
0.0674743
0.0661332
0.06479
0.0634684
0.0621965
0.0609999
0.0598249
0.0586145
0.0110794
0.00944474
0.00797029
0.00656774
0.0051433
0.00371815
0.00231636
0.000955178
-0.000347772
-0.00157449
-0.00270763
-0.00373092
-0.00462938
-0.00538949
-0.00599933
-0.00644865
-0.00672886
-0.00683304
-0.00675588
-0.00649365
-0.00604414
-0.00540661
-0.00458168
-0.0035713
-0.00237864
-0.00100808
0.000534916
0.00224383
0.00411116
0.00612848
0.00828651
0.0105751
0.0129836
0.0155002
0.0181129
0.0208089
0.0235749
0.0263973
0.0292618
0.032154
0.0350591
0.0379624
0.0408486
0.0437028
0.0465099
0.049255
0.0519235
0.0545009
0.0569735
0.0593277
0.0615508
0.0636308
0.0655565
0.0673176
0.0689051
0.0703108
0.0715282
0.0725519
0.0733781
0.0740048
0.0744312
0.0746588
0.0746907
0.0745317
0.0741889
0.073671
0.072989
0.0721554
0.0711847
0.0700932
0.0688984
0.0676192
0.0662755
0.0648874
0.0634748
0.0620565
0.0606577
0.0593002
0.0579006
0.0563783
0.0133069
0.0113515
0.0096406
0.00806303
0.00649617
0.00495822
0.0034707
0.00204663
0.00069966
-0.000555792
-0.00170564
-0.00273654
-0.00363613
-0.00439317
-0.0049977
-0.00544115
-0.00571636
-0.00581759
-0.00574052
-0.00548219
-0.005041
-0.00441665
-0.00361008
-0.00262345
-0.00146001
-0.000124134
0.0013788
0.00304244
0.0048595
0.00682184
0.0089205
0.0111458
0.0134872
0.0159336
0.0184734
0.0210942
0.0237832
0.0265272
0.0293126
0.0321254
0.0349514
0.037776
0.0405849
0.0433633
0.0460968
0.0487707
0.051371
0.0538835
0.0562949
0.0585919
0.0607621
0.0627938
0.0646759
0.0663983
0.0679521
0.0693292
0.070523
0.0715281
0.0723404
0.0729576
0.0733787
0.0736044
0.0736373
0.0734816
0.0731431
0.0726296
0.0719506
0.0711171
0.0701417
0.0690385
0.0678228
0.0665106
0.0651189
0.0636647
0.0621639
0.0606318
0.0590911
0.0575612
0.0559308
0.0540974
0.0155083
0.0132376
0.0112886
0.00952913
0.0078098
0.0061467
0.00455959
0.00305796
0.001652
0.000353047
-0.00082769
-0.00187951
-0.00279242
-0.0035573
-0.00416607
-0.00461177
-0.00488863
-0.00499207
-0.00491877
-0.00466657
-0.00423453
-0.00362285
-0.00283283
-0.00186688
-0.000728424
0.000578128
0.00204742
0.00367318
0.0054483
0.00736484
0.00941412
0.0115867
0.0138725
0.0162607
0.01874
0.0212986
0.0239241
0.0266035
0.0293239
0.0320715
0.0348326
0.0375932
0.0403391
0.0430561
0.04573
0.0483468
0.0508924
0.0533533
0.0557161
0.057968
0.0600968
0.0620907
0.063939
0.0656317
0.0671596
0.0685148
0.0696905
0.070681
0.0714822
0.0720913
0.0725068
0.0727289
0.0727595
0.0726018
0.072261
0.0717435
0.0710575
0.0702125
0.0692195
0.0680906
0.0668389
0.0654781
0.0640226
0.0624865
0.0608828
0.0592235
0.05753
0.0558199
0.0539562
0.051816
0.0176444
0.0150652
0.0128789
0.0109337
0.00905506
0.00725776
0.00556043
0.00396965
0.0024927
0.00113821
-8.5118e-05
-0.00116893
-0.00210538
-0.00288731
-0.00350838
-0.00396317
-0.00424723
-0.00435715
-0.00429057
-0.00404617
-0.00362367
-0.00302379
-0.00224828
-0.00129981
-0.000182031
0.00110054
0.00254252
0.00413768
0.00587901
0.00775873
0.00976834
0.0118987
0.0141399
0.0164815
0.0189126
0.0214216
0.0239965
0.0266247
0.0292936
0.0319899
0.0347001
0.0374105
0.0401075
0.0427771
0.0454053
0.0479784
0.0504827
0.0529047
0.0552314
0.0574501
0.0595486
0.0615154
0.0633396
0.0650112
0.0665211
0.0678612
0.0690244
0.070005
0.0707982
0.0714009
0.0718113
0.0720288
0.0720545
0.071891
0.0715423
0.0710138
0.0703125
0.0694465
0.0684251
0.0672587
0.0659584
0.0645361
0.0630037
0.0613731
0.0596548
0.0578583
0.0560041
0.0541089
0.0520117
0.0495706
0.0196817
0.0168016
0.0143803
0.0122476
0.0102051
0.00826708
0.00645152
0.00476259
0.00320511
0.00178542
0.000510009
-0.000614862
-0.00158328
-0.00238987
-0.00302989
-0.00349938
-0.00379516
-0.00391493
-0.00385729
-0.00362174
-0.00320867
-0.00261938
-0.00185603
-0.000921659
0.000179864
0.00144386
0.00286485
0.00443661
0.00615218
0.00800388
0.00998337
0.0120816
0.0142891
0.0165955
0.0189902
0.0214619
0.0239989
0.026589
0.0292196
0.031878
0.0345509
0.0372249
0.0398866
0.0425223
0.0451183
0.047661
0.0501369
0.0525328
0.0548356
0.0570327
0.059112
0.0610621
0.0628719
0.0645314
0.0660312
0.0673632
0.0685199
0.0694952
0.0702841
0.0708829
0.0712892
0.0715018
0.0715212
0.0713489
0.0709881
0.0704431
0.0697197
0.0688247
0.067766
0.0665524
0.0651934
0.0636989
0.0620792
0.060344
0.058502
0.0565606
0.0545401
0.0524568
0.0501273
0.0473918
0.0215914
0.0184181
0.0157649
0.013444
0.0112351
0.00915181
0.00721211
0.00541816
0.00377272
0.00228017
0.000945071
-0.000228157
-0.00123535
-0.00207272
-0.00273705
-0.00322569
-0.00353669
-0.00366881
-0.00362158
-0.00339531
-0.00299106
-0.00241071
-0.00165688
-0.000732976
0.000356869
0.00160777
0.00301415
0.0045697
0.00626748
0.00809986
0.0100586
0.0121349
0.0143192
0.0166015
0.0189714
0.0214179
0.0239293
0.0264939
0.0290994
0.031733
0.0343819
0.0370329
0.0396727
0.0422879
0.0448649
0.0473903
0.0498506
0.0522327
0.0545237
0.0567108
0.0587821
0.0607258
0.062531
0.0641873
0.0656853
0.0670163
0.0681728
0.0691481
0.0699369
0.0705347
0.0709388
0.0711471
0.0711595
0.0709766
0.0706006
0.0700349
0.0692841
0.0683538
0.0672506
0.065982
0.0645559
0.0629807
0.0612651
0.0594175
0.0574446
0.0553525
0.0531617
0.0508887
0.0483287
0.0453051
0.0233487
0.0198891
0.0170074
0.0144989
0.0121219
0.00989044
0.00782233
0.00591821
0.00417913
0.00260777
0.00120704
-2.02745e-05
-0.00107157
-0.00194454
-0.0026373
-0.00314847
-0.00347723
-0.00362336
-0.00358728
-0.00337009
-0.00297353
-0.00240004
-0.00165273
-0.000735379
0.000347573
0.00159102
0.00298922
0.00453579
0.00622374
0.00804546
0.00999276
0.0120569
0.0142285
0.0164978
0.0188543
0.0212873
0.0237855
0.0263371
0.02893
0.0315519
0.0341899
0.036831
0.0394622
0.04207
0.044641
0.0471619
0.0496194
0.0520001
0.0542912
0.05648
0.0585543
0.0605022
0.0623126
0.063975
0.0654795
0.0668172
0.06798
0.0689611
0.0697543
0.0703549
0.0707592
0.0709648
0.0709704
0.0707761
0.070383
0.0697937
0.0690115
0.0680411
0.0668878
0.0655578
0.064058
0.0623953
0.0605772
0.0586107
0.0565015
0.0542544
0.0518905
0.0494268
0.0466383
0.0433322
0.0249313
0.0211919
0.018085
0.0153899
0.0128443
0.0104626
0.00826312
0.00624511
0.00440813
0.00275347
0.00128259
-3.18281e-06
-0.00110263
-0.00201478
-0.00273899
-0.00327505
-0.0036232
-0.00378418
-0.00375928
-0.00355035
-0.00315981
-0.00259065
-0.00184648
-0.000931475
0.000149606
0.00139141
0.00278801
0.00433289
0.00601899
0.00783869
0.0097838
0.0118456
0.0140149
0.0162819
0.0186364
0.0210677
0.0235645
0.0261155
0.0287085
0.0313313
0.0339714
0.0366157
0.0392512
0.0418646
0.0444427
0.0469719
0.049439
0.0518308
0.0541341
0.0563361
0.0584246
0.0603874
0.0622131
0.0638909
0.0654106
0.0667629
0.0679393
0.0689322
0.0697353
0.0703429
0.0707508
0.0709559
0.070956
0.0707504
0.0703395
0.0697247
0.0689084
0.0678943
0.0666867
0.0652907
0.0637119
0.0619564
0.0600305
0.0579403
0.0556904
0.0532849
0.0507458
0.0480909
0.0450757
0.0414919
0.0263193
0.0223058
0.0189769
0.0160962
0.013382
0.010849
0.00851612
0.0063816
0.00444368
0.00270246
0.00115812
-0.000189279
-0.00133977
-0.00229359
-0.00305126
-0.00361363
-0.00398193
-0.00415783
-0.00414344
-0.00394134
-0.00355461
-0.0029868
-0.002242
-0.0013248
-0.000240303
0.00100588
0.0024076
0.00395821
0.00565053
0.00747688
0.00942906
0.0114984
0.0136756
0.0159511
0.0183147
0.0207558
0.0232633
0.0258258
0.0284314
0.0310679
0.0337227
0.036383
0.0390358
0.0416679
0.0442658
0.0468162
0.0493056
0.0517207
0.0540483
0.0562754
0.0583893
0.0603778
0.0622292
0.0639321
0.0654761
0.0668514
0.0680489
0.0690606
0.0698793
0.070499
0.0709146
0.0711222
0.071119
0.0709034
0.0704748
0.0698338
0.068982
0.067922
0.0666571
0.0651915
0.0635299
0.0616775
0.0596397
0.057422
0.0550281
0.0524616
0.0497455
0.046899
0.0436584
0.0398004
0.0274947
0.0232116
0.0196634
0.0165985
0.0137159
0.011031
0.00856358
0.00631079
0.00426988
0.00243986
0.000819802
-0.000591344
-0.00179475
-0.00279177
-0.00358396
-0.00417318
-0.00456161
-0.00475176
-0.00474653
-0.00454923
-0.00416356
-0.00359364
-0.00284404
-0.00191977
-0.000826272
0.000430544
0.00184431
0.00340819
0.00511489
0.00695664
0.00892518
0.0110118
0.0132073
0.015502
0.0178859
0.0203483
0.0228783
0.0254644
0.0280949
0.0307576
0.0334399
0.0361291
0.0388122
0.0414758
0.0441065
0.0466908
0.0492152
0.0516661
0.0540302
0.0562942
0.0584452
0.0604706
0.0623582
0.0640964
0.0656742
0.0670813
0.0683081
0.0693459
0.0701869
0.0708243
0.0712525
0.0714666
0.0714632
0.0712396
0.0707947
0.0701279
0.0692401
0.068133
0.066809
0.0652715
0.0635244
0.061572
0.0594192
0.0570709
0.0545303
0.0518007
0.0489063
0.0458675
0.0424023
0.0382724
0.0284404
0.0238914
0.0201262
0.0168783
0.0138277
0.0109909
0.00838817
0.00601608
0.0038709
0.0019507
0.000253585
-0.00122252
-0.00247982
-0.00352066
-0.0043476
-0.00496341
-0.00537115
-0.00557418
-0.00557614
-0.00538102
-0.00499314
-0.00441718
-0.0036582
-0.0027216
-0.00161322
-0.000339246
0.0010937
0.00267859
0.00440797
0.00627395
0.00826821
0.010382
0.012606
0.0149307
0.017346
0.0198412
0.0224055
0.0250274
0.0276951
0.0303965
0.0331191
0.03585
0.0385762
0.0412842
0.0439606
0.0465918
0.0491639
0.0516633
0.0540762
0.0563893
0.0585892
0.0606629
0.0625978
0.0643818
0.0660034
0.0674517
0.0687165
0.0697884
0.070659
0.0713207
0.071767
0.0719925
0.0719927
0.0717644
0.0713053
0.0706142
0.0696911
0.0685367
0.0671529
0.0655421
0.0637076
0.0616532
0.0593832
0.056902
0.0542125
0.0513178
0.0482437
0.0450119
0.0413221
0.0369213
0.0291403
0.0243281
0.0203478
0.0169179
0.0136998
0.0107111
0.00797289
0.00548102
0.00323094
0.00121991
-0.000554838
-0.00209632
-0.00340767
-0.00449217
-0.00535328
-0.00599467
-0.00642023
-0.00663409
-0.00664062
-0.00644448
-0.0060506
-0.00546421
-0.00469082
-0.0037363
-0.00260681
-0.00130888
0.000150624
0.00176445
0.00352497
0.00542416
0.0074536
0.00960445
0.0118674
0.0142329
0.0166906
0.0192302
0.0218405
0.0245102
0.0272275
0.0299802
0.0327558
0.0355413
0.0383235
0.0410891
0.0438242
0.0465152
0.049148
0.0517086
0.0541832
0.0565577
0.0588186
0.0609524
0.0629461
0.0647869
0.0664628
0.0679622
0.0692743
0.070389
0.0712972
0.0719904
0.0724615
0.072704
0.0727128
0.0724837
0.0720136
0.0713006
0.0703437
0.069143
0.0676995
0.0660151
0.0640924
0.0619346
0.0595456
0.0569297
0.0540896
0.0510281
0.0477727
0.0443468
0.0404317
0.0357597
0.0295788
0.0245053
0.0203111
0.0166999
0.013315
0.0101746
0.00730093
0.00468921
0.00233415
0.000232258
-0.00162004
-0.0032266
-0.00459144
-0.00571871
-0.00661272
-0.00727798
-0.00771917
-0.00794117
-0.00794906
-0.00774815
-0.00734396
-0.00674224
-0.00594902
-0.00497056
-0.00381341
-0.00248442
-0.000990725
0.000660185
0.0024605
0.00440204
0.00647625
0.00867421
0.0109866
0.0134036
0.0159151
0.0185104
0.0211787
0.0239083
0.0266876
0.0295042
0.0323455
0.0351985
0.0380499
0.040886
0.0436931
0.0464571
0.0491637
0.0517987
0.0543477
0.0567965
0.0591309
0.0613371
0.0634013
0.0653105
0.0670517
0.0686128
0.0699823
0.0711492
0.0721037
0.0728366
0.0733397
0.0736059
0.073629
0.0734041
0.0729273
0.0721957
0.0712076
0.0699624
0.0684603
0.0667026
0.0646915
0.0624297
0.0599208
0.0571689
0.0541764
0.0509465
0.0475082
0.0438864
0.0397444
0.0347997
0.0297407
0.0244068
0.0199994
0.0162075
0.0126561
0.00936434
0.00635552
0.00362424
0.00116455
-0.00102772
-0.00295689
-0.00462762
-0.00604473
-0.0072132
-0.00813817
-0.00882492
-0.00927892
-0.00950577
-0.00951122
-0.00930123
-0.00888189
-0.00825951
-0.00744057
-0.00643177
-0.00524005
-0.00387257
-0.00233677
-0.000640379
0.00120859
0.00320179
0.00533053
0.00758575
0.00995803
0.0124375
0.015014
0.0176768
0.0204149
0.0232167
0.0260703
0.0289635
0.0318834
0.0348169
0.0377507
0.0406707
0.0435631
0.0464135
0.0492073
0.0519299
0.0545666
0.0571028
0.0595237
0.0618149
0.0639622
0.0659517
0.06777
0.069404
0.0708416
0.072071
0.0730814
0.0738628
0.0744062
0.0747035
0.0747477
0.0745329
0.0740544
0.0733085
0.0722927
0.0710057
0.069447
0.0676173
0.0655183
0.0631524
0.060523
0.057634
0.0544879
0.0510878
0.0474646
0.0436449
0.0392737
0.0340534
0.0296107
0.0240166
0.0193962
0.0154237
0.0117061
0.00826337
0.00511982
0.00226955
-0.000294042
-0.00257575
-0.00458061
-0.00631402
-0.00778159
-0.00898909
-0.00994244
-0.0106477
-0.0111111
-0.0113389
-0.0113375
-0.0111136
-0.0106738
-0.0100249
-0.00917388
-0.00812795
-0.00689436
-0.00548065
-0.00389453
-0.00214398
-0.000237256
0.00181712
0.00401031
0.00633311
0.00877599
0.011329
0.0139819
0.0167238
0.0195437
0.02243
0.0253705
0.028353
0.0313645
0.0343918
0.0374211
0.0404386
0.0434298
0.0463802
0.0492749
0.0520988
0.0548369
0.0574739
0.0599946
0.0623841
0.0646274
0.06671
0.0686176
0.0703366
0.0718538
0.0731566
0.0742333
0.075073
0.0756658
0.0760027
0.0760756
0.0758779
0.0754038
0.0746489
0.0736098
0.0722845
0.0706719
0.0687722
0.0665866
0.0641171
0.061367
0.0583402
0.0550391
0.0514671
0.0476568
0.0436366
0.0390329
0.0335329
0.0291735
0.0233184
0.0184848
0.0143317
0.0104479
0.00685455
0.00357681
0.000608336
-0.00205811
-0.00442792
-0.00650681
-0.0083009
-0.00981657
-0.0110603
-0.0120389
-0.0127591
-0.0132278
-0.013452
-0.0134389
-0.0131957
-0.0127295
-0.0120478
-0.011158
-0.0100677
-0.00878455
-0.00731649
-0.00567152
-0.00385788
-0.00188405
0.000241257
0.00250901
0.00490988
0.00743421
0.0100719
0.0128127
0.0156456
0.0185594
0.0215425
0.0245826
0.0276673
0.0307835
0.0339178
0.0370564
0.0401849
0.0432888
0.0463531
0.0493626
0.0523019
0.0551553
0.0579071
0.0605416
0.0630431
0.065396
0.067585
0.0695951
0.0714117
0.0730207
0.0744088
0.0755631
0.0764719
0.0771242
0.07751
0.0776203
0.0774475
0.0769849
0.0762271
0.0751701
0.073811
0.0721481
0.0701811
0.0679107
0.0653387
0.0624682
0.059303
0.0558457
0.0520998
0.0480999
0.0438761
0.039036
0.033251
0.0284134
0.0222961
0.0172482
0.0129142
0.00886427
0.00512049
0.00170918
-0.00137653
-0.0041445
-0.00660072
-0.00875155
-0.0106038
-0.0121647
-0.0134414
-0.0144415
-0.0151724
-0.0156418
-0.0158575
-0.0158271
-0.0155585
-0.0150596
-0.0143383
-0.0134024
-0.0122601
-0.0109193
-0.00938846
-0.00767577
-0.00578979
-0.00373922
-0.00153301
0.000819656
0.00330928
0.00592607
0.00865986
0.0115001
0.0144359
0.0174559
0.0205483
0.0237009
0.0269008
0.0301351
0.0333899
0.0366513
0.0399048
0.0431354
0.0463278
0.0494665
0.0525355
0.0555187
0.0583999
0.0611626
0.0637904
0.0662671
0.0685766
0.0707029
0.0726306
0.0743446
0.0758307
0.0770749
0.0780645
0.0787873
0.0792324
0.0793899
0.0792508
0.0788077
0.0780543
0.0769856
0.0755981
0.0738893
0.0718584
0.0695057
0.0668327
0.0638423
0.0605385
0.0569238
0.053002
0.0488096
0.0443787
0.0392972
0.0332208
0.0273144
0.0209326
0.0156693
0.0111536
0.00693736
0.00304342
-0.000500786
-0.00370261
-0.00657052
-0.00911111
-0.0113314
-0.013239
-0.0148416
-0.0161475
-0.0171647
-0.0179015
-0.0183665
-0.0185678
-0.0185142
-0.0182138
-0.0176752
-0.0169069
-0.0159173
-0.0147148
-0.0133079
-0.0117054
-0.00991573
-0.00794782
-0.00581061
-0.00351324
-0.00106509
0.00152418
0.00424463
0.00708599
0.0100376
0.0130884
0.016227
0.0194414
0.0227192
0.0260477
0.0294134
0.0328025
0.0362007
0.0395933
0.0429649
0.0463
0.0495826
0.0527961
0.0559241
0.0589495
0.0618553
0.0646245
0.06724
0.0696846
0.0719418
0.0739949
0.0758281
0.0774257
0.0787731
0.0798562
0.0806617
0.0811776
0.0813928
0.0812975
0.0808831
0.0801422
0.0790691
0.0776593
0.0759099
0.0738193
0.0713874
0.0686155
0.0655062
0.0620636
0.0582904
0.0541906
0.0498025
0.0451603
0.0398318
0.0334564
0.0258599
0.0192109
0.0137303
0.00903205
0.00464898
0.000605035
-0.00307133
-0.00638799
-0.00935402
-0.0119766
-0.0142635
-0.0162229
-0.0178635
-0.019194
-0.0202235
-0.020961
-0.0214156
-0.0215965
-0.0215128
-0.0211736
-0.0205879
-0.0197647
-0.018713
-0.0174418
-0.0159599
-0.0142764
-0.0124002
-0.0103405
-0.00810638
-0.00570732
-0.00315287
-0.000452835
0.0023827
0.00534331
0.00841824
0.0115963
0.014866
0.0182152
0.0216315
0.0251018
0.0286126
0.0321499
0.0356991
0.0392451
0.0427725
0.0462652
0.0497066
0.05308
0.056368
0.0595532
0.0626179
0.065544
0.0683138
0.0709093
0.0733127
0.0755065
0.0774738
0.0791978
0.0806625
0.0818528
0.0827543
0.0833536
0.0836385
0.083598
0.0832223
0.0825033
0.081434
0.0800092
0.0782252
0.0760799
0.0735725
0.0707042
0.0674775
0.0638963
0.0599635
0.0556832
0.0510961
0.046238
0.0406561
0.033973
0.0240325
0.0171129
0.0114128
0.00653073
0.00198031
-0.00221355
-0.00602131
-0.00945137
-0.0125135
-0.0152154
-0.0175655
-0.0195729
-0.021247
-0.0225973
-0.0236336
-0.0243657
-0.0248037
-0.0249572
-0.0248362
-0.0244504
-0.0238095
-0.0229231
-0.0218007
-0.0204516
-0.0188853
-0.0171111
-0.0151384
-0.0129765
-0.010635
-0.00812341
-0.00545155
-0.00262939
0.000332845
0.00342461
0.00663503
0.00995282
0.0133663
0.0168633
0.0204313
0.024057
0.0277267
0.0314263
0.0351409
0.0388552
0.0425532
0.0462186
0.0498345
0.0533833
0.0568474
0.0602085
0.0634481
0.0665475
0.069488
0.0722506
0.0748166
0.0771674
0.0792847
0.0811508
0.0827483
0.0840608
0.0850726
0.085769
0.0861367
0.0861632
0.0858377
0.0851509
0.0840947
0.0826632
0.0808516
0.0786572
0.0760789
0.0731173
0.0697749
0.0660555
0.061962
0.057499
0.052709
0.04763
0.0417876
0.0347869
0.0218143
0.0146201
0.00869778
0.0036303
-0.00108822
-0.00543195
-0.00937029
-0.0129122
-0.016068
-0.0188462
-0.021256
-0.0233071
-0.0250096
-0.0263741
-0.0274112
-0.0281314
-0.0285456
-0.0286643
-0.0284981
-0.0280574
-0.0273527
-0.026394
-0.0251914
-0.0237549
-0.0220942
-0.0202192
-0.0181395
-0.0158649
-0.013405
-0.0107698
-0.00796915
-0.00501325
-0.00191246
0.00132255
0.0046808
0.00815091
0.0117211
0.0153791
0.0191121
0.0229069
0.0267497
0.0306259
0.0345205
0.0384179
0.0423019
0.0461557
0.0499618
0.0537023
0.0573588
0.0609124
0.0643439
0.0676336
0.070762
0.073709
0.0764549
0.0789798
0.0812642
0.0832891
0.0850359
0.0864867
0.0876244
0.0884331
0.0888978
0.0890049
0.0887422
0.0880991
0.0870666
0.0856374
0.0838063
0.0815695
0.0789255
0.0758744
0.0724184
0.0685615
0.0643065
0.0596582
0.0546613
0.0493558
0.0432451
0.0359161
0.0191862
0.0117127
0.00556518
0.000310529
-0.00457701
-0.00907062
-0.0131387
-0.0167906
-0.0200376
-0.0228888
-0.025354
-0.0274439
-0.0291695
-0.0305421
-0.0315732
-0.0322743
-0.0326569
-0.0327325
-0.0325125
-0.032008
-0.0312301
-0.0301895
-0.0288969
-0.0273627
-0.0255973
-0.0236107
-0.0214132
-0.0190147
-0.0164253
-0.0136549
-0.0107138
-0.00761227
-0.00436083
-0.000970256
0.00254837
0.00618358
0.00992349
0.0137558
0.0176675
0.0216453
0.0256752
0.0297426
0.0338322
0.037928
0.0420135
0.0460715
0.0500841
0.0540329
0.0578988
0.0616622
0.0653031
0.068801
0.0721352
0.0752847
0.0782286
0.0809459
0.0834156
0.0856174
0.0875312
0.0891377
0.0904183
0.0913555
0.0919329
0.0921354
0.0919494
0.0913629
0.0903658
0.0889495
0.0871078
0.0848362
0.0821325
0.0789962
0.0754295
0.0714361
0.0670188
0.0621827
0.0569746
0.0514366
0.045049
0.0373798
0.0161285
0.00837038
0.00199411
-0.00344979
-0.0085074
-0.013151
-0.0173477
-0.0211078
-0.0244431
-0.0273635
-0.0298796
-0.0320029
-0.0337454
-0.0351193
-0.036137
-0.036811
-0.0371536
-0.0371772
-0.0368941
-0.036316
-0.0354548
-0.034322
-0.0329288
-0.0312862
-0.029405
-0.0272958
-0.0249691
-0.0224352
-0.0197044
-0.0167871
-0.0136935
-0.0104342
-0.00701981
-0.00346115
0.000230581
0.00404384
0.00796669
0.0119867
0.0160909
0.0202658
0.0244973
0.0287706
0.0330701
0.0373798
0.0416827
0.0459613
0.0501971
0.0543713
0.058464
0.0624551
0.0663236
0.0700481
0.073607
0.0769781
0.0801393
0.0830681
0.0857425
0.0881404
0.0902403
0.0920213
0.0934631
0.0945467
0.0952539
0.0955681
0.0954741
0.0949585
0.0940096
0.0926179
0.0907759
0.0884781
0.0857215
0.0825053
0.0788311
0.0747025
0.0701224
0.0650959
0.0596722
0.0538954
0.0472215
0.0391993
0.0126201
0.00457154
-0.00203744
-0.00767294
-0.0129018
-0.0176954
-0.0220199
-0.025886
-0.0293064
-0.0322917
-0.0348536
-0.0370044
-0.038757
-0.0401247
-0.0411208
-0.0417589
-0.0420522
-0.0420141
-0.0416576
-0.0409955
-0.0400403
-0.0388042
-0.0372991
-0.0355365
-0.0335279
-0.0312843
-0.0288165
-0.0261353
-0.0232512
-0.0201747
-0.0169163
-0.0134868
-0.00989681
-0.00615731
-0.00227955
0.00172489
0.00584403
0.0100654
0.014376
0.0187622
0.0232098
0.0277038
0.0322287
0.0367679
0.0413044
0.0458201
0.0502963
0.0547133
0.0590509
0.0632881
0.0674031
0.0713736
0.0751769
0.0787896
0.0821882
0.0853492
0.0882487
0.0908632
0.0931696
0.0951452
0.0967681
0.0980173
0.098873
0.0993168
0.0993317
0.0989027
0.0980166
0.0966625
0.0948316
0.0925173
0.0897159
0.0864257
0.0826479
0.0783861
0.0736428
0.0684234
0.0627794
0.056757
0.049787
0.0413977
0.008639
0.000293412
-0.00655268
-0.0123824
-0.017784
-0.0227277
-0.0271786
-0.0311483
-0.0346503
-0.0376959
-0.0402978
-0.0424694
-0.0442247
-0.0455778
-0.0465434
-0.0471359
-0.0473698
-0.0472593
-0.0468184
-0.0460608
-0.0449999
-0.0436487
-0.0420196
-0.0401251
-0.0379768
-0.0355864
-0.0329651
-0.030124
-0.0270739
-0.0238257
-0.0203899
-0.0167774
-0.012999
-0.00906566
-0.00498875
-0.000779843
0.00354907
0.00798551
0.0125165
0.0171283
0.0218066
0.0265366
0.0313022
0.036087
0.0408734
0.0456432
0.0503771
0.055055
0.059656
0.0641584
0.0685395
0.072776
0.0768442
0.0807195
0.084377
0.0877916
0.0909381
0.0937912
0.096326
0.0985179
0.100343
0.101779
0.102804
0.103396
0.103539
0.103214
0.102407
0.101104
0.0992975
0.0969778
0.0941405
0.0907832
0.0869066
0.0825139
0.0776075
0.0721928
0.0663236
0.0600485
0.0527717
0.0440005
0.00416182
-0.00448805
-0.0115762
-0.017603
-0.0231787
-0.0282727
-0.0328488
-0.0369194
-0.0404989
-0.0435997
-0.0462353
-0.0484202
-0.0501697
-0.0514991
-0.0524241
-0.0529605
-0.0531237
-0.0529292
-0.0523919
-0.0515266
-0.0503474
-0.0488683
-0.0471024
-0.0450628
-0.0427618
-0.0402116
-0.0374238
-0.0344098
-0.0311808
-0.0277477
-0.0241215
-0.0203129
-0.016333
-0.0121927
-0.00790336
-0.00347654
0.00107576
0.00574112
0.0105065
0.0153584
0.0202823
0.0252633
0.0302854
0.0353318
0.0403848
0.0454258
0.0504352
0.0553924
0.0602759
0.065063
0.0697305
0.074254
0.0786085
0.0827682
0.0867071
0.0903982
0.0938147
0.0969297
0.0997163
0.102148
0.104199
0.105844
0.107059
0.107822
0.108113
0.107911
0.1072
0.105966
0.104198
0.101885
0.0990222
0.0956059
0.091636
0.0871154
0.0820462
0.0764339
0.0703347
0.0637994
0.0562045
0.0470353
-0.000836155
-0.00979835
-0.0171339
-0.023361
-0.0291126
-0.0343568
-0.0390567
-0.0432251
-0.0468776
-0.0500277
-0.0526898
-0.0548799
-0.0566143
-0.0579097
-0.0587832
-0.0592517
-0.059332
-0.0590406
-0.0583938
-0.0574073
-0.0560963
-0.0544755
-0.0525591
-0.0503606
-0.0478932
-0.0451693
-0.0422013
-0.0390008
-0.0355793
-0.0319479
-0.0281178
-0.0240998
-0.019905
-0.0155444
-0.0110291
-0.00637086
-0.00158143
0.00332676
0.00834081
0.0134472
0.0186315
0.0238788
0.029173
0.0344973
0.0398337
0.0451634
0.0504664
0.0557217
0.060907
0.0659992
0.0709739
0.0758059
0.0804691
0.0849364
0.08918
0.0931718
0.0968829
0.100285
0.103348
0.106044
0.108346
0.110225
0.111655
0.112612
0.113072
0.113014
0.11242
0.111273
0.109558
0.107267
0.10439
0.100924
0.0968671
0.0922224
0.0869914
0.0811793
0.0748451
0.0680418
0.0601169
0.0505326
-0.00638114
-0.0156645
-0.0232534
-0.0296845
-0.0356137
-0.0410083
-0.04583
-0.0500929
-0.0538134
-0.057006
-0.0596868
-0.0618727
-0.0635817
-0.0648318
-0.0656414
-0.0660291
-0.0660129
-0.0656107
-0.0648401
-0.0637178
-0.0622602
-0.0604829
-0.058401
-0.0560289
-0.0533803
-0.0504683
-0.0473056
-0.0439044
-0.0402762
-0.0364327
-0.0323849
-0.0281438
-0.0237205
-0.0191259
-0.0143711
-0.00946773
-0.0044274
0.000737594
0.00601448
0.0113898
0.0168494
0.0223783
0.0279604
0.0335789
0.0392157
0.0448517
0.0504667
0.0560391
0.0615461
0.066964
0.0722676
0.0774305
0.0824256
0.0872243
0.0917975
0.0961153
0.100147
0.103862
0.107229
0.110216
0.112795
0.114934
0.116606
0.117782
0.118437
0.118547
0.11809
0.117049
0.115407
0.113152
0.110275
0.106769
0.102634
0.0978694
0.092478
0.0864645
0.0798903
0.0728108
0.0645432
0.0545256
-0.012501
-0.0221154
-0.0299644
-0.0366032
-0.042712
-0.0482569
-0.0531985
-0.0575519
-0.0613345
-0.0645624
-0.0672528
-0.0694242
-0.071096
-0.072288
-0.0730203
-0.0733127
-0.0731851
-0.0726567
-0.0717464
-0.0704724
-0.0688522
-0.0669024
-0.0646391
-0.0620775
-0.0592321
-0.0561165
-0.052744
-0.0491271
-0.0452777
-0.0412075
-0.0369278
-0.0324496
-0.0277838
-0.0229415
-0.0179335
-0.0127712
-0.00746618
-0.00203041
0.00352349
0.00918229
0.014932
0.0207577
0.0266435
0.0325725
0.0385267
0.0444868
0.0504322
0.056341
0.0621902
0.0679549
0.0736095
0.0791265
0.0844774
0.0896326
0.0945612
0.0992316
0.103611
0.107667
0.111366
0.114674
0.117559
0.119987
0.121928
0.123351
0.124227
0.12453
0.124236
0.123323
0.121774
0.119574
0.116711
0.113178
0.108972
0.104094
0.0985443
0.0923279
0.0855088
0.0781448
0.069521
0.0590507
-0.0192254
-0.0291818
-0.0372981
-0.0441491
-0.0504395
-0.0561346
-0.0611938
-0.065633
-0.0694713
-0.072726
-0.0754157
-0.0775609
-0.0791825
-0.0803023
-0.0809419
-0.0811232
-0.0808676
-0.080196
-0.0791288
-0.0776856
-0.0758852
-0.0737455
-0.0712836
-0.0685155
-0.0654565
-0.0621211
-0.0585227
-0.0546744
-0.0505885
-0.0462767
-0.0417504
-0.0370207
-0.0320984
-0.0269943
-0.0217193
-0.0162843
-0.0107007
-0.0049803
0.000864728
0.00682136
0.0128758
0.0190135
0.0252187
0.0314746
0.0377632
0.0440651
0.0503596
0.0566245
0.0628362
0.0689695
0.0749976
0.0808924
0.0866242
0.0921618
0.0974729
0.102524
0.10728
0.111707
0.115768
0.119428
0.122649
0.125398
0.127639
0.129339
0.130466
0.13099
0.130885
0.130125
0.128691
0.126565
0.123733
0.120187
0.115922
0.110937
0.105232
0.0988116
0.0917427
0.0840855
0.0750915
0.0641477
-0.026586
-0.0368967
-0.0452885
-0.0523563
-0.0588307
-0.0646756
-0.0698496
-0.0743695
-0.078256
-0.0815277
-0.0842054
-0.086311
-0.0878678
-0.0888992
-0.0894293
-0.0894816
-0.0890795
-0.0882458
-0.0870026
-0.0853711
-0.0833715
-0.0810231
-0.0783439
-0.0753511
-0.0720607
-0.0684879
-0.0646467
-0.0605506
-0.0562122
-0.0516432
-0.0468553
-0.0418593
-0.0366661
-0.0312862
-0.0257301
-0.0200087
-0.0141328
-0.0081139
-0.0019638
0.00430487
0.0106787
0.0171433
0.0236834
0.0302823
0.0369222
0.0435836
0.0502459
0.0568866
0.0634816
0.0700054
0.0764303
0.0827273
0.0888656
0.0948125
0.100534
0.105995
0.111159
0.115988
0.120444
0.124487
0.128079
0.131182
0.133756
0.135766
0.137176
0.137952
0.138065
0.137487
0.136193
0.134163
0.131382
0.127839
0.123526
0.118442
0.112586
0.105961
0.0986381
0.0906787
0.0812997
0.0698602
-0.0346168
-0.0452952
-0.0539718
-0.0612616
-0.0679224
-0.0739168
-0.0792022
-0.0837968
-0.0877227
-0.0910006
-0.093653
-0.0957041
-0.0971793
-0.0981045
-0.0985058
-0.0984092
-0.0978401
-0.0968235
-0.0953833
-0.0935424
-0.0913227
-0.0887448
-0.0858282
-0.082591
-0.0790501
-0.0752213
-0.0711195
-0.0667583
-0.0621506
-0.0573084
-0.0522433
-0.0469661
-0.0414873
-0.0358172
-0.0299662
-0.0239446
-0.0177627
-0.0114316
-0.00496273
0.00163193
0.00833939
0.0151457
0.022036
0.0289938
0.0360016
0.0430403
0.0500889
0.057125
0.0641244
0.0710607
0.077906
0.0846302
0.0912013
0.0975854
0.103747
0.109649
0.115252
0.120516
0.125401
0.129863
0.133862
0.137354
0.140299
0.142654
0.144382
0.145445
0.145809
0.145442
0.144316
0.142409
0.1397
0.136177
0.131831
0.126658
0.120656
0.113827
0.106245
0.0979746
0.0881947
0.0762361
-0.043354
-0.0544157
-0.0633871
-0.0709049
-0.0777547
-0.0838979
-0.0892907
-0.0939529
-0.0979084
-0.10118
-0.103792
-0.105771
-0.107146
-0.107945
-0.108196
-0.107928
-0.107169
-0.105946
-0.104285
-0.102212
-0.0997493
-0.0969196
-0.0937436
-0.0902406
-0.0864287
-0.0823243
-0.0779427
-0.0732982
-0.0684038
-0.0632717
-0.0579134
-0.0523394
-0.0465603
-0.0405858
-0.0344259
-0.0280903
-0.021589
-0.0149323
-0.00813113
-0.00119686
0.00585814
0.0130205
0.0202758
0.0276082
0.0350004
0.0424335
0.0498869
0.0573382
0.0647627
0.072134
0.0794234
0.0866002
0.0936312
0.100481
0.107113
0.113488
0.119564
0.125299
0.130648
0.135568
0.140011
0.143932
0.147285
0.150026
0.152111
0.153498
0.154148
0.154026
0.1531
0.151343
0.148733
0.145251
0.140888
0.135637
0.129496
0.122465
0.114619
0.106028
0.0958306
0.0833276
-0.0528371
-0.0642993
-0.0735771
-0.0813293
-0.0883708
-0.0946619
-0.100157
-0.104879
-0.108852
-0.112103
-0.114657
-0.116545
-0.117798
-0.118447
-0.118524
-0.118059
-0.117085
-0.11563
-0.113723
-0.111392
-0.108661
-0.105554
-0.102095
-0.0983037
-0.0941985
-0.0897973
-0.085116
-0.080169
-0.0749697
-0.0695303
-0.0638622
-0.0579759
-0.0518813
-0.045588
-0.0391053
-0.0324422
-0.0256082
-0.0186129
-0.0114663
-0.00417922
0.00323678
0.0107691
0.0184038
0.0261259
0.0339184
0.041763
0.0496393
0.0575249
0.0653955
0.0732241
0.0809817
0.0886368
0.0961553
0.103501
0.110635
0.117515
0.124099
0.130342
0.136195
0.141611
0.14654
0.150932
0.154737
0.157905
0.160389
0.162141
0.163118
0.16328
0.162589
0.161014
0.158529
0.155113
0.150752
0.145438
0.139164
0.131933
0.123821
0.114899
0.104267
0.0911922
-0.0631084
-0.0749908
-0.084588
-0.0925817
-0.0998179
-0.106255
-0.111848
-0.116619
-0.120597
-0.123809
-0.126286
-0.128061
-0.129167
-0.129641
-0.129515
-0.128826
-0.127607
-0.125891
-0.123709
-0.121091
-0.118064
-0.114655
-0.110887
-0.106781
-0.102359
-0.0976389
-0.0926363
-0.0873666
-0.0818433
-0.0760787
-0.070084
-0.0638693
-0.0574442
-0.0508176
-0.0439982
-0.0369944
-0.0298148
-0.0224681
-0.0149635
-0.00731095
0.000478931
0.00839438
0.0164224
0.0245486
0.0327568
0.0410293
0.0493461
0.0576853
0.0660223
0.0743305
0.0825804
0.0907398
0.0987739
0.106645
0.114313
0.121734
0.128863
0.135652
0.142049
0.148005
0.153464
0.158372
0.162674
0.166317
0.169246
0.171409
0.172757
0.173244
0.172827
0.171471
0.169144
0.165821
0.161484
0.156122
0.149727
0.142298
0.133916
0.124655
0.113568
0.0998929
-0.0742142
-0.0865392
-0.0964703
-0.104714
-0.112148
-0.11873
-0.124413
-0.129222
-0.133188
-0.136343
-0.13872
-0.140355
-0.141287
-0.141554
-0.141196
-0.14025
-0.138754
-0.136745
-0.134256
-0.13132
-0.127967
-0.124224
-0.120119
-0.115673
-0.110909
-0.105845
-0.100498
-0.0948844
-0.0890172
-0.0829088
-0.07657
-0.0700106
-0.0632397
-0.0562655
-0.0490959
-0.0417384
-0.0342006
-0.0264904
-0.0186158
-0.0105857
-0.00240979
0.00590133
0.0143357
0.0228797
0.0315183
0.0402344
0.0490088
0.0578198
0.0666436
0.0754532
0.0842193
0.0929092
0.101487
0.109915
0.11815
0.126147
0.133859
0.141235
0.148221
0.15476
0.160796
0.166269
0.171119
0.175287
0.178711
0.181335
0.183103
0.183962
0.183865
0.182769
0.180636
0.177436
0.173149
0.167758
0.161254
0.153633
0.144978
0.135367
0.123806
0.109499
-0.0862048
-0.0989979
-0.10928
-0.117782
-0.125417
-0.132141
-0.137906
-0.142739
-0.146676
-0.14975
-0.152
-0.153466
-0.154191
-0.154219
-0.153592
-0.152353
-0.150544
-0.148205
-0.145373
-0.142084
-0.138371
-0.134264
-0.12979
-0.124974
-0.11984
-0.114407
-0.108692
-0.102712
-0.0964804
-0.0900089
-0.0833082
-0.0763877
-0.0692557
-0.0619196
-0.0543864
-0.0466626
-0.0387548
-0.0306695
-0.0224136
-0.0139948
-0.00542152
0.00329689
0.0121496
0.0211244
0.0302071
0.0393817
0.0486298
0.0579305
0.0672604
0.076593
0.0858989
0.0951452
0.104296
0.113311
0.122147
0.130758
0.139093
0.147098
0.154717
0.161889
0.168552
0.174642
0.180094
0.184841
0.188817
0.191958
0.1942
0.195484
0.195755
0.194964
0.193067
0.190027
0.185819
0.180423
0.173824
0.166017
0.157088
0.147116
0.135061
0.120087
-0.0991357
-0.112426
-0.123078
-0.131848
-0.139687
-0.14655
-0.152387
-0.157229
-0.161114
-0.164081
-0.166173
-0.167436
-0.167917
-0.167665
-0.166729
-0.165156
-0.162993
-0.160284
-0.157069
-0.153389
-0.149278
-0.14477
-0.139895
-0.134678
-0.129144
-0.123314
-0.117206
-0.110836
-0.104218
-0.0973638
-0.0902831
-0.0829848
-0.0754764
-0.0677644
-0.0598547
-0.0517527
-0.0434634
-0.0349923
-0.0263448
-0.017527
-0.00854601
0.000590257
0.00987245
0.0192896
0.0288291
0.0384759
0.0482129
0.0580201
0.0678748
0.0777512
0.0876201
0.0974485
0.1072
0.116834
0.126307
0.135568
0.144567
0.153246
0.161546
0.169401
0.176745
0.183509
0.189621
0.195008
0.199596
0.203314
0.206091
0.207859
0.208555
0.208121
0.206506
0.203668
0.199573
0.194198
0.187522
0.179538
0.170334
0.159991
0.147418
0.13174
-0.113068
-0.12689
-0.137933
-0.146983
-0.155029
-0.162026
-0.167922
-0.172753
-0.176561
-0.17939
-0.181287
-0.182306
-0.182501
-0.181925
-0.180634
-0.178681
-0.176117
-0.172991
-0.16935
-0.165235
-0.160686
-0.155739
-0.150425
-0.144773
-0.138808
-0.132552
-0.126023
-0.119239
-0.112212
-0.104954
-0.097475
-0.0897822
-0.0818824
-0.0737809
-0.0654822
-0.0569905
-0.0483094
-0.0394426
-0.030394
-0.0211682
-0.0117704
-0.00220692
0.00751447
0.0173845
0.027392
0.0375236
0.0477634
0.0580928
0.06849
0.0789301
0.0893843
0.0998201
0.110201
0.120486
0.130629
0.14058
0.150286
0.159685
0.168715
0.177308
0.18539
0.192888
0.199723
0.205815
0.211082
0.215445
0.218824
0.221141
0.222324
0.222307
0.221029
0.21844
0.214499
0.209175
0.202443
0.194293
0.184814
0.174091
0.160975
0.144552
-0.12807
-0.142462
-0.15392
-0.163263
-0.17152
-0.178644
-0.184585
-0.189381
-0.193081
-0.195734
-0.197396
-0.198125
-0.197983
-0.197032
-0.195333
-0.192946
-0.189929
-0.186336
-0.182218
-0.177621
-0.172589
-0.16716
-0.161367
-0.155243
-0.148813
-0.142099
-0.135122
-0.127897
-0.120438
-0.112756
-0.10486
-0.0967561
-0.0884501
-0.0799458
-0.0712465
-0.0623546
-0.053272
-0.0440008
-0.034543
-0.0249012
-0.0150789
-0.00508043
0.00508842
0.0154202
0.0259056
0.036533
0.0472881
0.0581538
0.0691099
0.0801323
0.0911934
0.102261
0.113299
0.124266
0.135115
0.145796
0.156251
0.166419
0.176232
0.185618
0.1945
0.202797
0.210423
0.217291
0.223311
0.228393
0.232447
0.235387
0.237129
0.237595
0.236716
0.234431
0.230689
0.225454
0.218693
0.210391
0.200639
0.189524
0.175839
0.158627
-0.144217
-0.159224
-0.171127
-0.180775
-0.189245
-0.19649
-0.202457
-0.20719
-0.210745
-0.213179
-0.214554
-0.214939
-0.214404
-0.213017
-0.21085
-0.20797
-0.204441
-0.200322
-0.195672
-0.190541
-0.184975
-0.179018
-0.172704
-0.166068
-0.159136
-0.151932
-0.144476
-0.136784
-0.128869
-0.120742
-0.11241
-0.103878
-0.0951515
-0.086232
-0.0771212
-0.0678195
-0.0583271
-0.0486439
-0.0387701
-0.0287061
-0.0184531
-0.00801336
0.00260949
0.0134102
0.0243815
0.0355139
0.0467951
0.0582099
0.0697395
0.0813616
0.0930497
0.104773
0.116494
0.128174
0.139765
0.151214
0.162464
0.173449
0.1841
0.19434
0.204086
0.213251
0.221742
0.229464
0.236317
0.2422
0.247014
0.250658
0.253039
0.254065
0.253656
0.251737
0.24825
0.243146
0.236387
0.227951
0.21793
0.206413
0.19213
0.174077
-0.161595
-0.177269
-0.189649
-0.199617
-0.208304
-0.215657
-0.221627
-0.226264
-0.22963
-0.231793
-0.232824
-0.232801
-0.231805
-0.229916
-0.227212
-0.223769
-0.21966
-0.214952
-0.209708
-0.203983
-0.19783
-0.191293
-0.184412
-0.17722
-0.169748
-0.162019
-0.154053
-0.145866
-0.137471
-0.128877
-0.12009
-0.111115
-0.101954
-0.0926077
-0.0830754
-0.0733556
-0.0634464
-0.0533454
-0.0430504
-0.0325594
-0.0218714
-0.0109861
9.53707e-05
0.0113702
0.0228335
0.0344781
0.0462942
0.0582686
0.0703848
0.0826221
0.0949557
0.107356
0.119788
0.13221
0.144577
0.156835
0.168925
0.180779
0.192325
0.203481
0.214159
0.224266
0.233702
0.242362
0.250135
0.256911
0.262577
0.267019
0.270129
0.271802
0.271943
0.270465
0.267295
0.262375
0.255655
0.247107
0.236822
0.224894
0.20998
0.191032
-0.1803
-0.196702
-0.209596
-0.219902
-0.228805
-0.236253
-0.242198
-0.246696
-0.249822
-0.251651
-0.252269
-0.251765
-0.250231
-0.247759
-0.244439
-0.240356
-0.235591
-0.230221
-0.224314
-0.217932
-0.211131
-0.20396
-0.19646
-0.188668
-0.180614
-0.172323
-0.163815
-0.155105
-0.146204
-0.137122
-0.127863
-0.118429
-0.10882
-0.0990365
-0.0890741
-0.0789295
-0.068598
-0.0580749
-0.0473554
-0.0364348
-0.0253094
-0.0139763
-0.00243376
0.00931809
0.0212772
0.0334391
0.0457965
0.0583389
0.0710523
0.0839184
0.0969143
0.110012
0.123178
0.136373
0.149551
0.162657
0.175632
0.188408
0.200906
0.213044
0.224728
0.235856
0.246323
0.256012
0.264803
0.272572
0.279192
0.284536
0.288478
0.290898
0.291683
0.290731
0.287952
0.283276
0.276641
0.268008
0.25747
0.24512
0.229541
0.209634
-0.200444
-0.217644
-0.231095
-0.241757
-0.250875
-0.2584
-0.264283
-0.268593
-0.271414
-0.272837
-0.27296
-0.271887
-0.269725
-0.266579
-0.262552
-0.25774
-0.252235
-0.246121
-0.239474
-0.232364
-0.224849
-0.216984
-0.208811
-0.20037
-0.191691
-0.1828
-0.173716
-0.164454
-0.155024
-0.145432
-0.135682
-0.125775
-0.115708
-0.105477
-0.0950779
-0.0845032
-0.073746
-0.0627985
-0.0516532
-0.0403026
-0.0287398
-0.0169589
-0.00495534
0.00727401
0.0197301
0.0324117
0.0453143
0.0584307
0.0717496
0.0852554
0.098928
0.112742
0.126665
0.14066
0.154681
0.168675
0.182582
0.196331
0.209843
0.223031
0.235796
0.248031
0.25962
0.270438
0.280353
0.289226
0.296916
0.303279
0.30817
0.311451
0.312988
0.312661
0.310362
0.306002
0.299507
0.290824
0.280045
0.267263
0.250981
0.230043
-0.222152
-0.240234
-0.25429
-0.265326
-0.274658
-0.282234
-0.288012
-0.292071
-0.294511
-0.295438
-0.29497
-0.293226
-0.290331
-0.286406
-0.281567
-0.275925
-0.269583
-0.262635
-0.255165
-0.247247
-0.238948
-0.230323
-0.221421
-0.212279
-0.20293
-0.193399
-0.183705
-0.173862
-0.163877
-0.153756
-0.143499
-0.133105
-0.122569
-0.111885
-0.101043
-0.090035
-0.0788506
-0.0674788
-0.0559089
-0.0441301
-0.0321324
-0.0199066
-0.00744464
0.00525992
0.0182115
0.0314122
0.0448611
0.0585544
0.0724841
0.0866379
0.100999
0.115544
0.130245
0.145065
0.159961
0.174882
0.189766
0.204542
0.219131
0.23344
0.247367
0.260798
0.273608
0.285663
0.296817
0.306918
0.315807
0.32332
0.329294
0.333566
0.335981
0.336395
0.334678
0.330723
0.324433
0.315743
0.304741
0.291519
0.274491
0.252442
-0.24557
-0.264631
-0.27935
-0.290781
-0.300319
-0.307915
-0.313531
-0.317262
-0.319227
-0.319554
-0.318378
-0.315844
-0.312093
-0.307266
-0.301497
-0.294911
-0.287623
-0.279739
-0.271352
-0.262542
-0.253381
-0.243928
-0.234233
-0.224337
-0.214271
-0.20406
-0.193722
-0.183268
-0.172705
-0.162036
-0.151257
-0.140365
-0.129352
-0.118208
-0.106921
-0.095479
-0.0838684
-0.0720749
-0.0600841
-0.047882
-0.0354548
-0.0227897
-0.00987498
0.00329943
0.0167418
0.030458
0.0444511
0.0587209
0.0732635
0.0880705
0.103128
0.118418
0.133914
0.149583
0.165384
0.181267
0.197173
0.213031
0.228758
0.244262
0.259434
0.274156
0.288295
0.301703
0.314225
0.32569
0.335921
0.344734
0.351941
0.357355
0.360794
0.362086
0.361075
0.357626
0.351623
0.34298
0.331779
0.318111
0.300289
0.277037
-0.270871
-0.291023
-0.306469
-0.318317
-0.328049
-0.335622
-0.341005
-0.344314
-0.345691
-0.345289
-0.34327
-0.339802
-0.335052
-0.329182
-0.322346
-0.314686
-0.306332
-0.297399
-0.287992
-0.278197
-0.268091
-0.257736
-0.247185
-0.236478
-0.225647
-0.214715
-0.203699
-0.192607
-0.181444
-0.170207
-0.158894
-0.147494
-0.135998
-0.124391
-0.112659
-0.100786
-0.0887528
-0.076543
-0.0641383
-0.0515205
-0.0386722
-0.0255766
-0.0122182
0.00141743
0.0153425
0.029567
0.0440985
0.0589411
0.0740952
0.0895567
0.105317
0.12136
0.137665
0.154203
0.170936
0.187817
0.204788
0.22178
0.23871
0.255483
0.271989
0.288102
0.303682
0.318572
0.332599
0.34558
0.357314
0.367596
0.37621
0.38294
0.387572
0.389902
0.389742
0.386926
0.381308
0.37278
0.361413
0.347293
0.328624
0.304061
-0.298253
-0.319631
-0.335878
-0.348163
-0.358071
-0.365564
-0.370624
-0.373393
-0.374044
-0.372758
-0.369731
-0.365162
-0.359246
-0.352171
-0.344112
-0.335231
-0.325674
-0.315569
-0.305029
-0.294148
-0.283008
-0.271674
-0.260199
-0.248624
-0.236979
-0.225287
-0.213559
-0.201803
-0.190018
-0.178201
-0.166342
-0.154428
-0.142446
-0.130377
-0.118203
-0.105902
-0.0934542
-0.0808369
-0.0680282
-0.0550059
-0.0417484
-0.0282347
-0.0144449
-0.00036049
0.0140354
0.0287574
0.0438177
0.0592252
0.0749852
0.0910986
0.107562
0.124364
0.141489
0.158913
0.176601
0.194512
0.212589
0.230767
0.248963
0.267083
0.285012
0.302622
0.319764
0.336271
0.351957
0.366619
0.380038
0.391978
0.402197
0.410443
0.416468
0.420026
0.420892
0.41886
0.41375
0.405421
0.393931
0.379358
0.359783
0.333785
-0.327952
-0.350715
-0.367848
-0.38059
-0.390644
-0.397982
-0.402605
-0.404688
-0.40444
-0.402084
-0.397854
-0.391986
-0.384708
-0.376239
-0.36678
-0.356513
-0.345601
-0.334187
-0.322392
-0.310318
-0.29805
-0.285655
-0.273188
-0.260687
-0.248181
-0.235688
-0.223218
-0.210774
-0.198351
-0.18594
-0.173527
-0.161097
-0.148629
-0.136102
-0.123491
-0.110773
-0.0979206
-0.0849082
-0.0717092
-0.0582972
-0.0446461
-0.0307304
-0.0165256
-0.0020086
0.0128423
0.0280468
0.043622
0.0595822
0.0759381
0.0926963
0.109859
0.127421
0.145372
0.163693
0.182357
0.201325
0.220547
0.239961
0.259486
0.279029
0.298475
0.317691
0.336523
0.354794
0.372304
0.388833
0.404136
0.417951
0.430002
0.439998
0.447647
0.452659
0.45476
0.453698
0.449246
0.441224
0.42967
0.414648
0.394099
0.366522
-0.360251
-0.384587
-0.402703
-0.415918
-0.426073
-0.433157
-0.437195
-0.438407
-0.437051
-0.433399
-0.427731
-0.42033
-0.411463
-0.401383
-0.390321
-0.378483
-0.366049
-0.353176
-0.339994
-0.326612
-0.313118
-0.29958
-0.28605
-0.272565
-0.259152
-0.245822
-0.232583
-0.219429
-0.206354
-0.193341
-0.180373
-0.167427
-0.154478
-0.1415
-0.128464
-0.115341
-0.102099
-0.0887075
-0.075136
-0.061353
-0.0473278
-0.0330303
-0.018431
-0.00350182
0.011784
0.0274514
0.0435231
0.0600191
0.0769561
0.094347
0.1122
0.130517
0.149295
0.168521
0.188175
0.208224
0.228626
0.249321
0.270236
0.291278
0.312335
0.333271
0.353928
0.37412
0.393635
0.412232
0.429644
0.445579
0.459721
0.471737
0.481285
0.48802
0.49161
0.491743
0.488136
0.480558
0.469018
0.453558
0.431961
0.402633
-0.395487
-0.421619
-0.440829
-0.454526
-0.464716
-0.471413
-0.474679
-0.474789
-0.472064
-0.466839
-0.459454
-0.450242
-0.43952
-0.427581
-0.414687
-0.40107
-0.38693
-0.372436
-0.357728
-0.342918
-0.328096
-0.31333
-0.298669
-0.284146
-0.269781
-0.255583
-0.24155
-0.227672
-0.213935
-0.200318
-0.186795
-0.173339
-0.15992
-0.146504
-0.133058
-0.119546
-0.105934
-0.0921849
-0.078263
-0.0641323
-0.049757
-0.035102
-0.020133
-0.00481661
0.0108794
0.0269855
0.0435303
0.0605401
0.078038
0.0960438
0.114573
0.133635
0.153234
0.173366
0.194018
0.215167
0.236777
0.258796
0.281157
0.303774
0.326535
0.349308
0.371931
0.394211
0.415924
0.436812
0.456584
0.474914
0.491445
0.505796
0.517566
0.526345
0.53173
0.533338
0.530811
0.523853
0.51243
0.496557
0.473828
0.442547
-0.434068
-0.462264
-0.482694
-0.496872
-0.507001
-0.513133
-0.515381
-0.514097
-0.509682
-0.502548
-0.493107
-0.481759
-0.468874
-0.454791
-0.439808
-0.424182
-0.408135
-0.391846
-0.375462
-0.359101
-0.342849
-0.326772
-0.310914
-0.295302
-0.279948
-0.264854
-0.250009
-0.235398
-0.220997
-0.206777
-0.192708
-0.178755
-0.164879
-0.151044
-0.137208
-0.123331
-0.109373
-0.0952916
-0.081046
-0.0665952
-0.0518983
-0.0369151
-0.0216059
-0.0059319
0.0101446
0.0266602
0.0436496
0.0611456
0.0791786
0.0977756
0.11696
0.13675
0.157158
0.17819
0.199842
0.222102
0.244942
0.268321
0.292181
0.316442
0.341001
0.365728
0.390461
0.415005
0.439125
0.462548
0.484957
0.505992
0.525255
0.542307
0.55668
0.567888
0.575443
0.578869
0.577719
0.571609
0.560445
0.544199
0.520245
0.486768
-0.476495
-0.507077
-0.528867
-0.543504
-0.553433
-0.558761
-0.559675
-0.556627
-0.550121
-0.540668
-0.528768
-0.514898
-0.499493
-0.482941
-0.465579
-0.447694
-0.429521
-0.411254
-0.393043
-0.375004
-0.357222
-0.339755
-0.322639
-0.305893
-0.289519
-0.273508
-0.257843
-0.242496
-0.227435
-0.212625
-0.198024
-0.183591
-0.169282
-0.155051
-0.140852
-0.126638
-0.112363
-0.0979803
-0.083443
-0.0687047
-0.0537196
-0.0384421
-0.0228271
-0.00683017
0.00959218
0.0264826
0.0438824
0.0618313
0.0803672
0.099525
0.119337
0.13983
0.161028
0.182946
0.205592
0.228964
0.253048
0.277815
0.303218
0.329189
0.355634
0.382431
0.409423
0.436413
0.463162
0.489382
0.514735
0.538828
0.561212
0.58139
0.598818
0.612919
0.623101
0.628777
0.629379
0.624412
0.613698
0.597145
0.571863
0.535901
-0.523382
-0.556739
-0.580045
-0.59509
-0.604619
-0.608821
-0.607988
-0.602704
-0.593608
-0.581333
-0.566491
-0.549646
-0.531309
-0.511922
-0.491862
-0.471441
-0.450913
-0.430476
-0.410282
-0.390443
-0.371034
-0.352105
-0.33368
-0.315764
-0.298349
-0.281413
-0.264926
-0.248851
-0.233145
-0.217762
-0.202653
-0.187767
-0.173053
-0.158457
-0.143928
-0.129411
-0.114855
-0.100207
-0.0854153
-0.0704276
-0.0551927
-0.0396599
-0.0237785
-0.00749857
0.00922951
0.0264546
0.0442248
0.0625871
0.081587
0.101268
0.121672
0.142837
0.164795
0.187575
0.211198
0.235675
0.261007
0.28718
0.314161
0.341898
0.370312
0.39929
0.428687
0.458312
0.487923
0.517224
0.545858
0.573398
0.599349
0.623148
0.644165
0.661718
0.67509
0.683553
0.686389
0.682954
0.672952
0.656196
0.629476
0.590678
-0.575496
-0.612103
-0.637094
-0.652448
-0.661287
-0.663927
-0.660803
-0.652681
-0.640372
-0.624665
-0.6063
-0.585952
-0.56421
-0.541576
-0.518466
-0.495217
-0.472092
-0.449292
-0.426963
-0.405206
-0.384085
-0.363632
-0.343857
-0.324749
-0.306283
-0.288425
-0.271128
-0.254344
-0.238018
-0.222091
-0.206506
-0.191203
-0.17612
-0.161199
-0.146379
-0.1316
-0.116805
-0.101934
-0.0869296
-0.0717355
-0.0562947
-0.0405508
-0.0244478
-0.00793002
0.00905815
0.026572
0.0446664
0.0633959
0.0828142
0.102974
0.123926
0.14572
0.168401
0.19201
0.216582
0.242145
0.268716
0.296299
0.324881
0.354428
0.38488
0.416144
0.448089
0.480535
0.513249
0.545932
0.578212
0.609635
0.63966
0.667652
0.692891
0.71457
0.731825
0.743753
0.749444
0.748053
0.739124
0.722329
0.694054
0.651991
-0.633806
-0.674239
-0.701094
-0.716581
-0.724314
-0.724794
-0.718665
-0.706933
-0.690634
-0.670747
-0.648173
-0.623705
-0.598021
-0.571684
-0.545146
-0.518759
-0.492792
-0.467438
-0.44283
-0.419051
-0.396144
-0.374123
-0.352974
-0.332668
-0.31316
-0.294396
-0.276316
-0.258855
-0.241945
-0.225515
-0.209497
-0.193821
-0.178416
-0.163216
-0.148152
-0.133159
-0.118172
-0.103126
-0.0879583
-0.0726067
-0.0570091
-0.0411038
-0.0248293
-0.00812434
0.00907263
0.0268233
0.0451894
0.0642331
0.0840166
0.104602
0.12605
0.148422
0.171776
0.196167
0.221648
0.248263
0.276049
0.305031
0.33522
0.366605
0.399151
0.43279
0.467415
0.502867
0.538928
0.575305
0.611624
0.647408
0.682076
0.714924
0.745129
0.77175
0.793744
0.809995
0.819344
0.820684
0.813329
0.796745
0.766804
0.72095
-0.699544
-0.744517
-0.773408
-0.788735
-0.794759
-0.79226
-0.782181
-0.765848
-0.744586
-0.719613
-0.692012
-0.662714
-0.632487
-0.601949
-0.571581
-0.541741
-0.51269
-0.484602
-0.457587
-0.431702
-0.40696
-0.383346
-0.360822
-0.339331
-0.318807
-0.299175
-0.280354
-0.262264
-0.24482
-0.227941
-0.211544
-0.195549
-0.179878
-0.164454
-0.149202
-0.134049
-0.118924
-0.103758
-0.0884818
-0.0730271
-0.0573273
-0.0413156
-0.0249251
-0.00808921
0.0092595
0.0271889
0.0457678
0.0650658
0.0851534
0.106102
0.127984
0.150872
0.174838
0.199954
0.226287
0.253904
0.282864
0.313215
0.344995
0.378225
0.4129
0.448984
0.486404
0.525031
0.564676
0.605067
0.645836
0.686501
0.726447
0.764909
0.800958
0.833503
0.861295
0.882957
0.897014
0.90201
0.896933
0.880946
0.849242
0.798946
-0.77431
-0.824709
-0.855778
-0.870461
-0.873898
-0.867291
-0.852004
-0.829797
-0.802362
-0.771204
-0.737619
-0.702681
-0.667246
-0.631976
-0.597365
-0.563761
-0.531399
-0.500422
-0.4709
-0.442852
-0.416254
-0.391053
-0.367178
-0.344543
-0.323052
-0.302608
-0.283109
-0.264454
-0.246543
-0.229281
-0.212572
-0.196325
-0.180452
-0.164868
-0.149491
-0.134241
-0.11904
-0.103815
-0.0884892
-0.0729915
-0.0572496
-0.0411917
-0.0247462
-0.00784107
0.00959658
0.0276407
0.0463667
0.0658516
0.0861745
0.107416
0.12966
0.152991
0.177495
0.203261
0.230375
0.258926
0.288996
0.320663
0.353996
0.38905
0.425859
0.46443
0.504731
0.546681
0.59013
0.634847
0.68049
0.726588
0.772512
0.817445
0.860362
0.900011
0.934909
0.963368
0.983512
0.993419
0.991621
0.976825
0.943308
0.887759
-0.860214
-0.917139
-0.950453
-0.963707
-0.963273
-0.950988
-0.928821
-0.899103
-0.863991
-0.825331
-0.78465
-0.743164
-0.701803
-0.661252
-0.621989
-0.584331
-0.548465
-0.514479
-0.48239
-0.452163
-0.423725
-0.396979
-0.371811
-0.3481
-0.32572
-0.304545
-0.28445
-0.265314
-0.24702
-0.229456
-0.212514
-0.196093
-0.180094
-0.164423
-0.148992
-0.133714
-0.118507
-0.103288
-0.0879797
-0.0725045
-0.0567857
-0.0407473
-0.0243129
-0.00740569
0.0100524
0.0281411
0.046942
0.0665393
0.0870203
0.108475
0.130998
0.154686
0.179641
0.205967
0.233772
0.263167
0.294261
0.327163
0.361979
0.398803
0.437716
0.478776
0.522009
0.56739
0.614834
0.664166
0.715099
0.767201
0.819854
0.872217
0.923184
0.971344
1.01496
1.05198
1.08003
1.09657
1.09948
1.0868
1.05152
0.989705
-0.960092
-1.02492
-1.06037
-1.07092
-1.06472
-1.04457
-1.01329
-0.973971
-0.92933
-0.881605
-0.832559
-0.783533
-0.735496
-0.689118
-0.644827
-0.602871
-0.563358
-0.526299
-0.491638
-0.459268
-0.429055
-0.400847
-0.374484
-0.349801
-0.326639
-0.304842
-0.284258
-0.264745
-0.246168
-0.228399
-0.211318
-0.194811
-0.178771
-0.163097
-0.147691
-0.132462
-0.117321
-0.102183
-0.0869633
-0.0715812
-0.0559561
-0.0400076
-0.0236555
-0.00681847
0.0105862
0.0286433
0.0474404
0.0670684
0.087622
0.109201
0.131909
0.155856
0.181159
0.207939
0.236325
0.266451
0.298456
0.332482
0.368674
0.407174
0.448116
0.491619
0.537777
0.586645
0.638219
0.692412
0.749022
0.807692
0.867858
0.928697
0.989055
1.04739
1.10171
1.14953
1.18789
1.21343
1.22313
1.21401
1.17722
1.10786
-1.07785
-1.15228
-1.18941
-1.19519
-1.18042
-1.14935
-1.10599
-1.05439
-0.997963
-0.939351
-0.880531
-0.822916
-0.767458
-0.71475
-0.665119
-0.618694
-0.575472
-0.535355
-0.498186
-0.463775
-0.431911
-0.402378
-0.374961
-0.349451
-0.325648
-0.303364
-0.282422
-0.262658
-0.243916
-0.226055
-0.208942
-0.19245
-0.176466
-0.160879
-0.145586
-0.130489
-0.115496
-0.100516
-0.0854615
-0.0702481
-0.0547916
-0.0390082
-0.0228141
-0.00612443
0.0111477
0.0290916
0.0478
0.0673697
0.0879026
0.109506
0.132295
0.156391
0.181925
0.209034
0.237869
0.268588
0.301359
0.336363
0.373784
0.413818
0.456657
0.502493
0.551503
0.603838
0.659601
0.718824
0.781431
0.84719
0.91565
0.986067
1.05731
1.12775
1.19516
1.25664
1.30847
1.34629
1.36583
1.36256
1.32491
1.24644
-1.21904
-1.30513
-1.34275
-1.34039
-1.31286
-1.26659
-1.2072
-1.13997
-1.06906
-0.997495
-0.927392
-0.86014
-0.796576
-0.737133
-0.681959
-0.631013
-0.584129
-0.541068
-0.50155
-0.465278
-0.431956
-0.401294
-0.373016
-0.346863
-0.322597
-0.299994
-0.278852
-0.258983
-0.240214
-0.222389
-0.205362
-0.188999
-0.173175
-0.157774
-0.142687
-0.127813
-0.113054
-0.0983151
-0.0835074
-0.0685426
-0.0533337
-0.0377946
-0.0218386
-0.00537765
0.0116782
0.029422
0.0479509
0.0673668
0.0877779
0.109299
0.132054
0.156174
0.181805
0.2091
0.23823
0.269377
0.30274
0.338534
0.376992
0.41836
0.462901
0.510884
0.562584
0.618265
0.678166
0.742475
0.811288
0.88456
0.962031
1.04313
1.12684
1.21157
1.29494
1.37363
1.44313
1.49779
1.53166
1.5379
1.50083
1.41136
-1.39183
-1.49187
-1.52735
-1.51133
-1.46477
-1.39731
-1.31673
-1.22972
-1.14118
-1.05441
-0.971507
-0.893662
-0.821456
-0.755042
-0.694298
-0.638939
-0.588587
-0.542826
-0.501226
-0.46337
-0.428861
-0.397331
-0.368439
-0.341876
-0.31736
-0.294637
-0.273476
-0.25367
-0.235029
-0.217382
-0.200574
-0.18446
-0.16891
-0.153802
-0.139023
-0.124466
-0.110031
-0.0956217
-0.0811455
-0.0665125
-0.051634
-0.0364217
-0.0207872
-0.0046403
0.0121114
0.0295637
0.0478172
0.0669778
0.0871585
0.108481
0.131075
0.155085
0.180664
0.207984
0.237232
0.268614
0.302358
0.338717
0.377966
0.420409
0.466378
0.516232
0.570351
0.629133
0.692976
0.762263
0.837316
0.918354
1.0054
1.09819
1.19599
1.29738
1.40003
1.50031
1.59294
1.67078
1.72562
1.74731
1.7138
1.61126
-1.60875
-1.72473
-1.75261
-1.71379
-1.63881
-1.5419
-1.43346
-1.32168
-1.21202
-1.10776
-1.01067
-0.921511
-0.840396
-0.767042
-0.700946
-0.641499
-0.588061
-0.539999
-0.496714
-0.457655
-0.422318
-0.39025
-0.361048
-0.334351
-0.309837
-0.287221
-0.266249
-0.246693
-0.228351
-0.211038
-0.19459
-0.178857
-0.163702
-0.149
-0.134633
-0.120493
-0.106477
-0.0924874
-0.0784308
-0.0642158
-0.0497528
-0.0349526
-0.0197258
-0.0039811
0.0123753
0.029441
0.0473186
0.0661169
0.0859528
0.106952
0.129252
0.153002
0.178367
0.205532
0.234699
0.266097
0.299978
0.336629
0.376371
0.419562
0.466606
0.51795
0.574091
0.635572
0.702977
0.776916
0.857997
0.946782
1.04371
1.14896
1.2623
1.38278
1.50838
1.63551
1.75829
1.86802
1.95374
2.00056
1.97659
1.85938
-1.89009
-2.0219
-2.03106
-1.95436
-1.83702
-1.69938
-1.55475
-1.41249
-1.27809
-1.15427
-1.04201
-0.941251
-0.851386
-0.771507
-0.700607
-0.637673
-0.581752
-0.53197
-0.487542
-0.447774
-0.412056
-0.379854
-0.350701
-0.32419
-0.299965
-0.277711
-0.257156
-0.238055
-0.220194
-0.203382
-0.187446
-0.172231
-0.157598
-0.143418
-0.129572
-0.115951
-0.102452
-0.088975
-0.0754277
-0.0617184
-0.0477578
-0.0334566
-0.0187255
-0.00347319
0.0123944
0.0289755
0.0463735
0.0646987
0.0840698
0.104616
0.126477
0.14981
0.174787
0.201601
0.230468
0.261634
0.295374
0.332006
0.371887
0.41543
0.463104
0.515446
0.573069
0.63667
0.70703
0.78502
0.871582
0.967706
1.07436
1.1924
1.32234
1.46409
1.61647
1.77646
1.93815
2.09161
2.22283
2.31063
2.30814
2.17696
-2.27059
-2.41092
-2.37888
-2.23954
-2.05945
-1.8662
-1.67545
-1.49669
-1.33433
-1.18956
-1.06189
-0.949971
-0.85214
-0.766671
-0.69193
-0.626439
-0.568896
-0.51817
-0.473291
-0.433425
-0.397863
-0.365996
-0.337304
-0.31134
-0.287719
-0.266107
-0.246214
-0.227786
-0.210602
-0.194464
-0.179196
-0.164642
-0.150661
-0.137122
-0.123909
-0.110911
-0.0980253
-0.0851552
-0.0722077
-0.0590927
-0.0457218
-0.0320072
-0.0178606
-0.00319174
0.0120925
0.0280893
0.0449018
0.0626401
0.0814229
0.10138
0.122654
0.145404
0.169806
0.19606
0.22439
0.255055
0.288347
0.324606
0.364223
0.407653
0.455424
0.508156
0.566569
0.631508
0.703959
0.785064
0.876137
0.978664
1.09428
1.22468
1.37151
1.53603
1.71859
1.91776
2.12877
2.34152
2.53956
2.69419
2.73693
2.60033
-2.81314
-2.93357
-2.81506
-2.57291
-2.3013
-2.03394
-1.7864
-1.56584
-1.37359
-1.20791
-1.06588
-0.944306
-0.840147
-0.75068
-0.673563
-0.606817
-0.548789
-0.498103
-0.453616
-0.414376
-0.379588
-0.348586
-0.320811
-0.295788
-0.273112
-0.252437
-0.233466
-0.21594
-0.199633
-0.184348
-0.16991
-0.156162
-0.142964
-0.130188
-0.117718
-0.105447
-0.0932736
-0.0811036
-0.0688463
-0.0564137
-0.0437199
-0.0306794
-0.0172061
-0.00321213
0.0113934
0.0267058
0.0428257
0.0598615
0.0779303
0.0971605
0.117694
0.139688
0.163322
0.188795
0.216337
0.246211
0.278721
0.314221
0.353122
0.395912
0.443165
0.495561
0.553917
0.619205
0.692598
0.775501
0.869603
0.97692
1.09983
1.2411
1.40379
1.59109
1.8059
2.04982
2.3213
2.61266
2.9075
3.1707
3.30596
3.19488
-3.6321
-3.65031
-3.35765
-2.95029
-2.54885
-2.18662
-1.87296
-1.60794
-1.38661
-1.20242
-1.04898
-0.920706
-0.812913
-0.721804
-0.644317
-0.578003
-0.520898
-0.471424
-0.428306
-0.390507
-0.357177
-0.327618
-0.301248
-0.27758
-0.256205
-0.236775
-0.218991
-0.202598
-0.187374
-0.173123
-0.159675
-0.146876
-0.134592
-0.122698
-0.111082
-0.0996407
-0.0882767
-0.076899
-0.0654206
-0.0537573
-0.0418265
-0.0295462
-0.0168338
-0.00360492
0.0102278
0.024756
0.0400769
0.0562949
0.0735235
0.0918873
0.111524
0.132589
0.155256
0.179722
0.206216
0.234998
0.266375
0.300702
0.338403
0.379977
0.426023
0.477263
0.534574
0.599024
0.67193
0.754918
0.850009
0.959723
1.0872
1.23633
1.4119
1.61959
1.86589
2.15742
2.4991
2.8907
3.32214
3.75841
4.07681
4.07838
-4.93393
-4.64064
-4.01644
-3.35562
-2.77797
-2.30082
-1.9162
-1.60908
-1.36375
-1.16669
-1.0071
-0.876634
-0.768955
-0.679245
-0.603837
-0.53992
-0.485318
-0.438332
-0.397618
-0.362106
-0.330932
-0.303391
-0.278907
-0.256999
-0.237268
-0.219374
-0.203029
-0.187986
-0.174033
-0.160982
-0.148671
-0.136955
-0.125703
-0.114799
-0.104136
-0.0936155
-0.0831469
-0.0726437
-0.0620234
-0.0512065
-0.0401152
-0.0286719
-0.0167986
-0.00441569
0.00855951
0.0222136
0.0366387
0.0519337
0.0682065
0.0855754
0.104172
0.124144
0.145657
0.168902
0.194098
0.221498
0.251399
0.284149
0.320164
0.359939
0.404073
0.453297
0.508508
0.570818
0.641622
0.722684
0.816259
0.925258
1.05347
1.20585
1.38894
1.61129
1.88397
2.2208
2.63782
3.15049
3.76664
4.46679
5.12954
5.46079
-7.17813
-6.00421
-4.75336
-3.73052
-2.93577
-2.3356
-1.88772
-1.55092
-1.29372
-1.09405
-0.93645
-0.810101
-0.707345
-0.6227
-0.552176
-0.492819
-0.442402
-0.399225
-0.361964
-0.329579
-0.301238
-0.276271
-0.254131
-0.234364
-0.216595
-0.200507
-0.185831
-0.172337
-0.159826
-0.148126
-0.137084
-0.126565
-0.116451
-0.106632
-0.0970085
-0.0874906
-0.077993
-0.0684358
-0.0587426
-0.0488396
-0.0386546
-0.0281156
-0.0171502
-0.00568449
0.00635822
0.0190583
0.0325013
0.0467791
0.0619918
0.0782493
0.0956739
0.114403
0.134591
0.156416
0.180082
0.205826
0.233926
0.264711
0.298571
0.335978
0.377502
0.423844
0.475874
0.53468
0.601644
0.678546
0.767708
0.872207
0.99619
1.14534
1.32757
1.55405
1.84067
2.21011
2.69467
3.33687
4.18015
5.25642
6.56567
7.80736
-11.5602
-7.80268
-5.29307
-3.82
-2.84177
-2.17229
-1.71135
-1.38442
-1.14418
-0.962309
-0.821123
-0.709151
-0.618731
-0.544603
-0.483046
-0.431363
-0.38755
-0.35009
-0.31781
-0.289794
-0.265309
-0.243767
-0.224686
-0.207669
-0.192386
-0.178557
-0.165946
-0.154349
-0.143591
-0.133519
-0.123997
-0.114907
-0.10614
-0.0976007
-0.0892001
-0.0808565
-0.072494
-0.0640406
-0.0554279
-0.0465893
-0.0374599
-0.0279749
-0.0180691
-0.00767605
0.00327325
0.014851
0.0271339
0.0402044
0.0541521
0.0690751
0.0850827
0.102297
0.120856
0.140918
0.162664
0.186303
0.212082
0.240293
0.27128
0.305461
0.343341
0.385541
0.432832
0.486185
0.546837
0.616389
0.696955
0.791372
0.903543
1.03896
1.20561
1.41537
1.68653
2.04825
2.54905
3.26602
4.30365
5.85008
8.4499
12.3182
-18.9699
-9.55627
-5.06815
-3.24739
-2.28439
-1.70023
-1.32934
-1.07808
-0.896653
-0.759569
-0.652641
-0.567224
-0.497726
-0.440353
-0.392426
-0.351988
-0.317572
-0.288057
-0.262565
-0.240404
-0.221015
-0.203944
-0.188815
-0.175318
-0.16319
-0.152208
-0.142182
-0.132947
-0.124359
-0.116293
-0.108638
-0.101293
-0.0941689
-0.0871848
-0.0802658
-0.0733426
-0.0663507
-0.0592286
-0.0519178
-0.0443614
-0.0365035
-0.0282886
-0.0196609
-0.0105633
-0.000936785
0.00928018
0.0201529
0.0317514
0.0441511
0.057435
0.0716944
0.0870312
0.10356
0.121411
0.140733
0.161697
0.184503
0.209385
0.236621
0.266541
0.299546
0.336121
0.376867
0.422531
0.474059
0.532665
0.599936
0.677986
0.769706
0.879165
1.01232
1.17831
1.39196
1.67956
2.09194
2.72597
3.75692
5.67366
10.2794
19.8164
)
;

boundaryField
{
    movingWall
    {
        type            zeroGradient;
    }
    fixedWalls
    {
        type            zeroGradient;
    }
    frontAndBack
    {
        type            empty;
    }
}


// ************************************************************************* //
