/*--------------------------------*- C++ -*----------------------------------*\
  =========                 |
  \\      /  F ield         | OpenFOAM: The Open Source CFD Toolbox
   \\    /   O peration     | Website:  https://openfoam.org
    \\  /    A nd           | Version:  7
     \\/     M anipulation  |
\*---------------------------------------------------------------------------*/
FoamFile
{
    version     2.0;
    format      ascii;
    class       volScalarField;
    location    "0.05";
    object      p;
}
// * * * * * * * * * * * * * * * * * * * * * * * * * * * * * * * * * * * * * //

dimensions      [0 2 -2 0 0 0 0];

internalField   nonuniform List<scalar> 
6400
(
-2.31494e-08
1.94962e-06
-0.00047979
-0.00147165
-0.00284643
-0.00448465
-0.00628835
-0.0081726
-0.010067
-0.0119131
-0.0136625
-0.0152753
-0.0167185
-0.0179643
-0.0189908
-0.019782
-0.0203244
-0.0206082
-0.0206267
-0.0203759
-0.019854
-0.0190613
-0.0180007
-0.0166765
-0.0150943
-0.0132615
-0.0111877
-0.00888396
-0.00636184
-0.00363392
-0.000713959
0.00238324
0.00564211
0.00904638
0.0125792
0.0162229
0.0199589
0.0237689
0.0276338
0.0315339
0.0354495
0.0393607
0.0432484
0.0470932
0.050875
0.0545738
0.05817
0.0616448
0.0649796
0.0681563
0.071157
0.0739649
0.0765643
0.0789411
0.081082
0.0829744
0.0846072
0.0859721
0.0870628
0.0878748
0.0884056
0.0886553
0.0886266
0.0883252
0.0877598
0.0869432
0.0858919
0.0846263
0.0831716
0.0815582
0.0798232
0.0780102
0.0761696
0.0743601
0.0726504
0.0711202
0.0698577
0.0689589
0.0685247
0.0685484
2.3733e-06
-5.06288e-05
-0.000512191
-0.0013732
-0.00253341
-0.00390927
-0.00542956
-0.0070279
-0.0086443
-0.0102269
-0.0117322
-0.0131237
-0.0143697
-0.0154435
-0.016324
-0.0169939
-0.0174401
-0.0176526
-0.017624
-0.0173492
-0.0168253
-0.0160517
-0.0150305
-0.0137651
-0.0122602
-0.0105228
-0.00856132
-0.00638522
-0.0040052
-0.00143292
0.00131902
0.00423696
0.00730641
0.0105121
0.0138381
0.0172676
0.0207839
0.0243695
0.0280063
0.0316758
0.0353594
0.0390385
0.0426954
0.0463121
0.0498692
0.0533479
0.0567305
0.0599993
0.0631366
0.0661258
0.0689504
0.0715949
0.0740449
0.0762877
0.0783112
0.0801038
0.0816555
0.0829594
0.0840104
0.084805
0.0853412
0.0856199
0.0856446
0.0854215
0.0849599
0.0842723
0.0833751
0.0822881
0.0810352
0.0796456
0.0781541
0.0766006
0.0750302
0.0734942
0.0720507
0.0707645
0.0697027
0.0689346
0.0685468
0.0685722
0.00044663
0.000313502
-0.000166533
-0.000969399
-0.00201404
-0.00323516
-0.00457728
-0.00598724
-0.0074138
-0.00881243
-0.0101438
-0.0113737
-0.0124736
-0.0134191
-0.0141891
-0.0147668
-0.0151393
-0.0152965
-0.015231
-0.0149374
-0.0144119
-0.0136536
-0.0126638
-0.011445
-0.0100016
-0.00833983
-0.00646744
-0.00439295
-0.0021261
0.000321987
0.00293957
0.0057142
0.00863217
0.0116789
0.0148392
0.0180974
0.0214378
0.0248442
0.0282987
0.0317835
0.0352815
0.0387754
0.0422484
0.0456832
0.0490615
0.0523653
0.0555781
0.0586833
0.0616644
0.0645052
0.0671906
0.0697063
0.072039
0.0741766
0.0761078
0.077822
0.0793104
0.0805668
0.0815871
0.082368
0.0829081
0.0832084
0.0832731
0.083109
0.0827253
0.0821343
0.0813515
0.0803957
0.0792897
0.078061
0.0767416
0.0753678
0.0739798
0.0726223
0.0713455
0.0702034
0.0692504
0.0685421
0.0681554
0.0681388
0.00130638
0.00103207
0.000485743
-0.000315991
-0.00131501
-0.00245743
-0.00369728
-0.00498882
-0.00629064
-0.00756377
-0.00877263
-0.00988662
-0.0108794
-0.0117284
-0.0124146
-0.0129221
-0.013238
-0.0133525
-0.0132581
-0.0129493
-0.0124229
-0.0116775
-0.0107135
-0.00953307
-0.00814028
-0.006541
-0.00474198
-0.00275108
-0.000577619
0.0017679
0.00427447
0.00693062
0.00972336
0.0126383
0.0156611
0.0187774
0.0219725
0.0252304
0.0285339
0.031866
0.0352106
0.0385516
0.0418731
0.045158
0.048389
0.0515493
0.0546229
0.0575942
0.0604471
0.0631667
0.0657388
0.0681499
0.0703873
0.0724396
0.0742961
0.075947
0.0773842
0.0786023
0.0795977
0.0803672
0.0809092
0.0812254
0.0813201
0.0812005
0.0808754
0.0803564
0.0796579
0.0787978
0.0777976
0.0766825
0.0754818
0.074228
0.0729568
0.0717078
0.0705241
0.0694517
0.0685367
0.0678266
0.0673808
0.0672386
0.00250073
0.0020296
0.00137339
0.000532634
-0.000463972
-0.00157257
-0.00275277
-0.00396714
-0.00518093
-0.00636104
-0.00747687
-0.00850068
-0.00940853
-0.0101798
-0.0107972
-0.0112467
-0.0115158
-0.0115948
-0.0114764
-0.0111555
-0.0106291
-0.00989564
-0.00895508
-0.0078095
-0.00646273
-0.00491986
-0.00318701
-0.00127164
0.000817197
0.00306984
0.00547634
0.00802554
0.0107046
0.0134999
0.0163983
0.0193864
0.02245
0.0255734
0.0287401
0.0319341
0.0351404
0.0383435
0.0415282
0.0446781
0.0477766
0.0508077
0.0537564
0.0566075
0.0593456
0.0619566
0.0644275
0.0667453
0.0688979
0.0708741
0.072664
0.0742584
0.0756501
0.0768342
0.0778069
0.0785651
0.0791075
0.0794358
0.0795549
0.0794715
0.0791938
0.0787326
0.0781014
0.0773168
0.0763989
0.0753706
0.074258
0.0730902
0.0718988
0.070718
0.069585
0.0685381
0.0676169
0.0668612
0.0663053
0.0659679
0.00395843
0.00325271
0.00245187
0.00153709
0.000505644
-0.000605702
-0.0017632
-0.00293643
-0.00409541
-0.00521243
-0.00626163
-0.00721878
-0.00806253
-0.00877428
-0.00933813
-0.0097413
-0.00997291
-0.0100236
-0.00988652
-0.00955694
-0.00903186
-0.00830962
-0.00739045
-0.00627648
-0.00497098
-0.00347839
-0.00180467
4.29425e-05
0.00205623
0.00422619
0.00654326
0.00899666
0.011574
0.0142624
0.0170497
0.0199232
0.0228693
0.0258726
0.0289169
0.0319878
0.0350709
0.0381515
0.0412143
0.044244
0.0472248
0.0501414
0.0529794
0.055724
0.0583605
0.0608758
0.0632576
0.0654935
0.0675713
0.0694805
0.0712116
0.0727563
0.074108
0.0752618
0.0762138
0.0769609
0.0775019
0.077839
0.0779767
0.0779213
0.0776802
0.0772632
0.076683
0.0759551
0.0750976
0.0741312
0.0730793
0.0719673
0.0708229
0.0696756
0.0685566
0.067498
0.0665337
0.0656967
0.0649926
0.0644159
0.00560575
0.00464367
0.0036734
0.00265532
0.00155916
0.000413633
-0.000753239
-0.00191603
-0.00304988
-0.00413144
-0.00513856
-0.00605092
-0.00684982
-0.00751895
-0.00804398
-0.00841294
-0.00861626
-0.00864559
-0.00849474
-0.00815959
-0.00763704
-0.00692573
-0.00602619
-0.00494034
-0.00367125
-0.00222303
-0.000601241
0.00118704
0.00313401
0.00523147
0.00747025
0.00983951
0.0123272
0.0149217
0.0176119
0.0203853
0.0232281
0.0261256
0.029063
0.0320264
0.035002
0.0379753
0.0409317
0.0438567
0.0467351
0.0495521
0.0522939
0.054946
0.0574947
0.0599274
0.0622326
0.0643977
0.066411
0.0682623
0.0699428
0.0714447
0.0727617
0.0738888
0.0748221
0.0755584
0.0760968
0.0764392
0.0765899
0.0765544
0.0763394
0.0759537
0.0754091
0.0747199
0.0739025
0.0729753
0.0719588
0.0708753
0.0697486
0.0686038
0.0674672
0.0663653
0.0653274
0.064381
0.0635026
0.062662
0.00737622
0.00614603
0.00499012
0.00384881
0.00266317
0.00145735
0.00025571
-0.000921636
-0.00205512
-0.00312491
-0.0041118
-0.00499853
-0.00576963
-0.00641087
-0.00690982
-0.00725551
-0.00743907
-0.00745354
-0.00729371
-0.00695571
-0.00643672
-0.00573595
-0.00485441
-0.00379365
-0.00255617
-0.00114638
0.000429941
0.00216652
0.00405643
0.00609142
0.00826203
0.0105579
0.012968
0.0154816
0.0180877
0.0207741
0.0235274
0.0263335
0.0291786
0.0320492
0.0349321
0.0378129
0.0406778
0.0435128
0.0463033
0.049035
0.0516944
0.0542675
0.0567414
0.0591041
0.0613442
0.0634493
0.0654078
0.0672099
0.0688474
0.0703131
0.0716003
0.0727041
0.0736206
0.0743468
0.0748813
0.075226
0.0753845
0.0753616
0.0751631
0.0747972
0.0742747
0.0736086
0.0728134
0.0719056
0.0709029
0.0698245
0.0686906
0.0675228
0.0663427
0.0651724
0.0640375
0.0629611
0.0618915
0.0607752
0.00921296
0.00771034
0.00635935
0.00507947
0.00378604
0.00249992
0.00124264
2.954e-05
-0.00112386
-0.00220115
-0.00318642
-0.00406473
-0.00482317
-0.00544972
-0.00593345
-0.00626495
-0.00643651
-0.0064423
-0.00627749
-0.00593867
-0.00542443
-0.00473436
-0.0038688
-0.00282947
-0.00161953
-0.000243198
0.00129437
0.00298724
0.00482847
0.00680985
0.00892214
0.0111555
0.0134996
0.0159443
0.0184788
0.0210909
0.0237678
0.0264963
0.0292631
0.0320552
0.0348594
0.0376619
0.0404494
0.0432085
0.0459251
0.048585
0.0511752
0.0536823
0.0560939
0.0583985
0.0605846
0.0626399
0.0645528
0.0663141
0.0679162
0.0693516
0.0706139
0.071698
0.0725998
0.0733163
0.073846
0.0741902
0.074352
0.0743353
0.0741452
0.0737891
0.0732768
0.0726202
0.0718322
0.0709268
0.0699192
0.0688257
0.0676639
0.0664519
0.065208
0.0639499
0.0627004
0.0614792
0.0602082
0.0588127
0.0110692
0.00929401
0.00774156
0.00631273
0.00489835
0.00351637
0.00218632
0.000920165
-0.000269806
-0.00137084
-0.00237002
-0.00325477
-0.00401375
-0.00463702
-0.00511533
-0.00544096
-0.0056072
-0.00560894
-0.00544259
-0.00510565
-0.00459697
-0.0039166
-0.00306522
-0.00204455
-0.00085788
0.000490441
0.00199558
0.00365199
0.00545272
0.00738931
0.00945273
0.0116339
0.0139233
0.0163109
0.0187856
0.0213357
0.023949
0.0266132
0.0293153
0.0320425
0.0347817
0.0375195
0.0402434
0.0429404
0.0455964
0.0481977
0.0507315
0.0531853
0.0555468
0.0578047
0.0599474
0.0619627
0.0638392
0.065568
0.0671417
0.068553
0.0697953
0.0708632
0.0717526
0.0724602
0.0729845
0.0733261
0.0734873
0.0734714
0.0732827
0.0729278
0.0724157
0.0717571
0.0709631
0.0700454
0.0690167
0.0678911
0.066684
0.0654111
0.0640871
0.0627262
0.0613488
0.0599724
0.0584945
0.0568212
0.0129053
0.0108598
0.00910236
0.00751752
0.00597212
0.00448238
0.00306635
0.00173322
0.000492321
-0.000646308
-0.00167222
-0.00257533
-0.00334617
-0.0039762
-0.00445761
-0.00478417
-0.00495087
-0.00495309
-0.00478796
-0.00445455
-0.00395227
-0.00328082
-0.00244127
-0.00143615
-0.000268923
0.00105656
0.00253578
0.00416296
0.0059308
0.00783092
0.00985491
0.0119944
0.0142399
0.0165813
0.0190077
0.0215078
0.0240702
0.0266832
0.0293337
0.032009
0.0346962
0.0373829
0.0400567
0.0427049
0.0453134
0.0478689
0.050359
0.0527717
0.0550949
0.0573172
0.059427
0.0614119
0.063261
0.0649656
0.0665183
0.0679118
0.069139
0.0701944
0.0710738
0.0717738
0.0722925
0.07263
0.0727877
0.0727682
0.072575
0.0722143
0.0716942
0.0710238
0.0702122
0.0692693
0.0682057
0.0670341
0.0657678
0.0644202
0.0630032
0.0615274
0.0600122
0.0584735
0.0567863
0.0548393
0.0146868
0.0123744
0.010412
0.00866585
0.00698194
0.00537545
0.00386305
0.00245151
0.00114791
-3.96276e-05
-0.00110339
-0.00203512
-0.00282682
-0.00347151
-0.00396352
-0.00429741
-0.00446877
-0.00447476
-0.00431393
-0.00398563
-0.00348938
-0.00282552
-0.00199591
-0.00100347
0.000148601
0.00145677
0.00291633
0.00452098
0.00626327
0.00813536
0.0101294
0.0122372
0.0144492
0.016755
0.0191442
0.0216062
0.0241303
0.0267045
0.029316
0.031952
0.0346004
0.0372491
0.039886
0.0424984
0.0450723
0.0475945
0.0500534
0.0524371
0.0547336
0.0569313
0.0590182
0.0609823
0.062813
0.0645018
0.0660412
0.0674232
0.0686405
0.0696874
0.0705597
0.0712539
0.0717676
0.0721001
0.0722522
0.0722256
0.0720236
0.0716516
0.0711164
0.0704256
0.0695866
0.0686074
0.0674977
0.0662686
0.0649318
0.0634984
0.0619777
0.0603777
0.0587171
0.0570112
0.0551145
0.0528991
0.0163844
0.0138101
0.0116428
0.00973259
0.00790481
0.00617413
0.00455728
0.00305873
0.00168299
0.000436474
-0.000674047
-0.00164235
-0.0024627
-0.00312942
-0.00363759
-0.00398329
-0.00416346
-0.00417653
-0.00402193
-0.00369922
-0.00320843
-0.00255097
-0.00172933
-0.000746232
0.000395395
0.00169174
0.00313749
0.00472606
0.00645035
0.00830303
0.0102765
0.0123622
0.0145505
0.0168311
0.0191942
0.02163
0.0241278
0.0266753
0.0292599
0.0318692
0.0344915
0.0371153
0.0397283
0.0423174
0.044869
0.0473705
0.0498105
0.0521772
0.0544584
0.056642
0.0587161
0.0606693
0.062491
0.0641726
0.0657061
0.067083
0.0682957
0.0693387
0.0702076
0.0708985
0.0714084
0.0717357
0.0718807
0.0718447
0.0716307
0.0712429
0.0706868
0.0699683
0.0690934
0.0680691
0.066904
0.0656082
0.0641915
0.062663
0.0610298
0.0592983
0.0574867
0.0556107
0.0535052
0.0510269
0.0179737
0.0151418
0.0127702
0.010694
0.0087187
0.00685889
0.00513082
0.00353763
0.00208268
0.000770136
-0.000394663
-0.00140683
-0.00226196
-0.00295607
-0.00348515
-0.00384653
-0.0040389
-0.00406156
-0.00391413
-0.00359685
-0.00311095
-0.0024586
-0.00164229
-0.00066457
0.000471371
0.00176108
0.00319877
0.00477797
0.00649204
0.00833393
0.0102957
0.0123686
0.0145427
0.0168085
0.0191569
0.0215781
0.024061
0.0265934
0.0291629
0.031758
0.0343672
0.0369787
0.0395801
0.0421583
0.0447
0.0471931
0.0496265
0.051988
0.0542647
0.0564447
0.0585164
0.0604685
0.0622907
0.0639737
0.0655088
0.0668872
0.0681014
0.0691455
0.0700151
0.0707057
0.0712134
0.0715361
0.0716737
0.0716271
0.0713987
0.0709914
0.0704095
0.0696574
0.0687399
0.0676634
0.0664356
0.0650654
0.0635609
0.0619295
0.0601767
0.0583077
0.056341
0.0542931
0.0519799
0.0492434
0.0194339
0.0163471
0.0137722
0.0115289
0.00940325
0.00740983
0.00556579
0.00387264
0.00233234
0.000948031
-0.000276681
-0.00133827
-0.00223332
-0.00295889
-0.00351259
-0.00389316
-0.00410023
-0.00413363
-0.00399362
-0.00368155
-0.00319969
-0.00255045
-0.00173612
-0.000759502
0.000375434
0.00166358
0.00309915
0.00467609
0.00638802
0.00822756
0.0101863
0.0122551
0.0144249
0.0166866
0.0190314
0.021449
0.0239281
0.0264568
0.0290234
0.0316166
0.034225
0.0368364
0.0394382
0.0420176
0.0445619
0.0470593
0.049498
0.0518654
0.0541485
0.0563355
0.0584152
0.0603766
0.0622087
0.0639016
0.0654459
0.0668329
0.0680549
0.0691061
0.0699811
0.0706747
0.0711825
0.071502
0.0716327
0.0715752
0.0713307
0.0709013
0.0702897
0.0694993
0.0685342
0.0673999
0.0661033
0.0646521
0.0630531
0.0613122
0.0594339
0.0574226
0.0552978
0.0530764
0.0505564
0.0475656
0.0207448
0.0174072
0.0146293
0.0122174
0.00993929
0.00780946
0.00584537
0.00404797
0.00241788
0.000957141
-0.000332116
-0.00144717
-0.00238587
-0.00314633
-0.00372775
-0.00413
-0.00435312
-0.00439755
-0.00426483
-0.00395754
-0.00347826
-0.0028292
-0.00201294
-0.00103319
0.00010524
0.00139715
0.00283716
0.0044194
0.00613711
0.00798231
0.00994628
0.0120204
0.014196
0.0164644
0.0188162
0.0212407
0.023727
0.0262637
0.0288395
0.0314432
0.0340628
0.0366858
0.0392999
0.0418928
0.0444522
0.0469658
0.0494214
0.0518059
0.0541063
0.0563114
0.0584101
0.0603908
0.062242
0.0639532
0.0655148
0.066918
0.0681551
0.0692196
0.0701051
0.0708058
0.0713168
0.0716353
0.0717606
0.0716926
0.0714314
0.0709779
0.0703339
0.0695019
0.0684853
0.0672889
0.0659185
0.0643806
0.0626812
0.0608253
0.0588167
0.0566592
0.0543735
0.0519774
0.0492509
0.0460084
0.0218888
0.0183026
0.0153231
0.0127416
0.010309
0.00804042
0.00595354
0.00404848
0.00232508
0.000784173
-0.000572989
-0.00174463
-0.00272968
-0.00352787
-0.00413937
-0.00456449
-0.00480392
-0.0048594
-0.0047338
-0.00443011
-0.00395077
-0.0032983
-0.00247629
-0.0014894
-0.000342641
0.000959134
0.00241069
0.00400571
0.00573673
0.00759545
0.00957347
0.0116626
0.0138544
0.0161397
0.0185087
0.0209509
0.0234557
0.0260124
0.0286095
0.0312353
0.0338775
0.0365239
0.0391626
0.0417816
0.0443683
0.0469099
0.0493937
0.0518064
0.0541357
0.0563702
0.0584986
0.0605087
0.0623884
0.0641268
0.0657142
0.067142
0.0684018
0.0694861
0.0703879
0.0711004
0.0716185
0.0719392
0.0720614
0.071984
0.0717063
0.071228
0.0705499
0.0696741
0.0686032
0.0673411
0.0658926
0.0642634
0.0624588
0.0604832
0.05834
0.0560329
0.0535838
0.0510112
0.0480784
0.0445854
0.0228494
0.0190161
0.0158354
0.0130841
0.0104954
0.00808601
0.00587437
0.00385917
0.00203953
0.000415674
-0.0010116
-0.00224217
-0.00327607
-0.00411398
-0.00475651
-0.00520465
-0.00546045
-0.00552694
-0.00540748
-0.00510498
-0.00462221
-0.00396283
-0.00313145
-0.00213303
-0.000972256
0.000346101
0.00181627
0.00343115
0.00518293
0.00706354
0.00906498
0.0111791
0.0133971
0.0157093
0.0181059
0.0205768
0.0231119
0.0257003
0.0283303
0.0309897
0.0336663
0.0363481
0.0390238
0.0416812
0.0443071
0.0468882
0.0494117
0.0518645
0.0542343
0.0565096
0.0586786
0.0607282
0.062646
0.0644211
0.0660437
0.0675047
0.0687951
0.0699064
0.0708306
0.0715604
0.0720905
0.0724175
0.0725395
0.0724548
0.0721615
0.0716585
0.0709458
0.0700248
0.0688974
0.0675668
0.066037
0.0643127
0.0623989
0.0602998
0.0580183
0.0555584
0.0529431
0.0501924
0.0470523
0.0433088
0.0236118
0.0195319
0.0161496
0.0132279
0.0104824
0.00793061
0.00559202
0.00346465
0.00154688
-0.00016155
-0.00166103
-0.00295249
-0.00403688
-0.00491522
-0.0055888
-0.00605998
-0.00633211
-0.00640873
-0.00629316
-0.00598867
-0.00549922
-0.00482962
-0.00398482
-0.00296952
-0.00178839
-0.000446787
0.00104869
0.0026905
0.00447101
0.0063825
0.00841695
0.0105658
0.0128196
0.0151688
0.0176038
0.0201148
0.0226918
0.0253235
0.0279979
0.0307025
0.0334254
0.0361552
0.0388803
0.0415881
0.0442649
0.0468973
0.0494724
0.0519774
0.0543997
0.0567273
0.0589476
0.0610471
0.0630132
0.0648351
0.0665026
0.0680061
0.0693354
0.0704811
0.0714345
0.0721879
0.0727356
0.0730737
0.0731996
0.0731103
0.0728031
0.0722764
0.0715293
0.0705626
0.0693775
0.0679765
0.0663628
0.0645407
0.0625145
0.0602884
0.0578655
0.0552497
0.0524655
0.0495344
0.046185
0.0421897
0.0241627
0.0198352
0.0162505
0.0131575
0.0102541
0.0075583
0.00509098
0.00285005
0.000832824
-0.000961715
-0.00253515
-0.00388873
-0.00502399
-0.00594266
-0.00664728
-0.00714142
-0.00742893
-0.00751346
-0.00739875
-0.00708923
-0.00659004
-0.00590639
-0.00504309
-0.00400487
-0.00279704
-0.00142584
0.000101652
0.001778
0.00359586
0.00554746
0.0076243
0.00981719
0.0121166
0.0145132
0.0169978
0.0195605
0.0221909
0.0248773
0.0276075
0.0303692
0.033151
0.0359412
0.038728
0.0414982
0.0442378
0.0469335
0.0495725
0.052142
0.0546289
0.0570204
0.0593031
0.0614634
0.0634887
0.065368
0.0670907
0.068646
0.070023
0.0712111
0.0722012
0.0729854
0.0735573
0.0739124
0.0740467
0.0739564
0.073638
0.0730892
0.0723088
0.0712967
0.0700536
0.0685812
0.0668823
0.0649602
0.062819
0.060463
0.0578957
0.0551211
0.0521652
0.0490507
0.0454891
0.0412392
0.0244884
0.0199118
0.0161231
0.0128572
0.00979435
0.00695323
0.00435602
0.00200022
-0.000117759
-0.00199992
-0.0036481
-0.00506401
-0.00624993
-0.00720876
-0.00794418
-0.00846022
-0.00876089
-0.00885036
-0.00873352
-0.008416
-0.00790341
-0.00720086
-0.00631323
-0.00524597
-0.00400535
-0.00259812
-0.00103132
0.000687849
0.00255195
0.00455274
0.00668108
0.00892752
0.0112827
0.0137376
0.016283
0.0189088
0.0216038
0.0243563
0.0271541
0.0299854
0.0328386
0.0357017
0.0385624
0.0414071
0.0442218
0.0469934
0.049709
0.0523555
0.0549191
0.0573862
0.059743
0.0619757
0.0640718
0.0660197
0.0678081
0.0694251
0.0708589
0.0720983
0.0731336
0.0739565
0.07456
0.0749385
0.0750868
0.075
0.0746738
0.0741056
0.0732938
0.0722377
0.0709373
0.0693934
0.0676082
0.0655845
0.0633264
0.0608384
0.0581241
0.0551876
0.0520567
0.0487551
0.0449776
0.0404687
0.0245744
0.0197469
0.015752
0.0123111
0.00908723
0.00609965
0.00337139
0.000899252
-0.00132071
-0.00329115
-0.00501405
-0.00649204
-0.00772832
-0.00872685
-0.00949182
-0.0100275
-0.0103384
-0.0104298
-0.0103078
-0.00997871
-0.00944795
-0.00872081
-0.00780289
-0.00670065
-0.00542099
-0.00397067
-0.00235653
-0.000585902
0.00133328
0.00339212
0.00558116
0.00789103
0.0103127
0.012837
0.0154543
0.0181542
0.0209251
0.0237554
0.0266332
0.0295466
0.0324837
0.0354322
0.0383791
0.0413107
0.0442133
0.0470738
0.0498791
0.0526152
0.0552678
0.0578226
0.0602658
0.0625834
0.0647624
0.0667905
0.0686555
0.0703444
0.0718449
0.0731452
0.0742352
0.0751057
0.075749
0.076158
0.0763263
0.0762481
0.0759187
0.0753348
0.0744945
0.0733965
0.0720401
0.0704253
0.0685533
0.0664271
0.0640506
0.0614287
0.0585649
0.0554636
0.0521537
0.048661
0.0446628
0.0398894
0.024406
0.0193247
0.0151215
0.0115037
0.00811693
0.00498134
0.00212046
-0.000469139
-0.0027918
-0.00485039
-0.00664775
-0.00818741
-0.00947342
-0.0105102
-0.0113023
-0.0118545
-0.0121726
-0.012263
-0.0121324
-0.0117869
-0.0112323
-0.0104747
-0.00952058
-0.00837722
-0.00705157
-0.00555027
-0.00388032
-0.00204959
-6.66424e-05
0.00205927
0.00431867
0.00670237
0.00920127
0.011806
0.0145063
0.0172912
0.0201496
0.0230698
0.0260401
0.0290483
0.0320819
0.0351282
0.038174
0.0412055
0.0442093
0.047172
0.05008
0.0529186
0.0556728
0.0583283
0.0608708
0.0632862
0.0655608
0.0676812
0.069634
0.0714059
0.0729836
0.0743553
0.0755101
0.0764379
0.0771294
0.0775766
0.0777717
0.0777083
0.077381
0.076786
0.075921
0.074784
0.0733734
0.0716883
0.0697298
0.0675006
0.0650049
0.0622474
0.0592317
0.055962
0.0524692
0.0487808
0.0445566
0.039512
0.0239685
0.0186298
0.0142157
0.0104187
0.00686684
0.00358129
0.000586398
-0.00212135
-0.00454681
-0.00669329
-0.00856474
-0.0101652
-0.0114994
-0.0125719
-0.0133881
-0.0139538
-0.014276
-0.0143616
-0.0142175
-0.01385
-0.0132657
-0.0124717
-0.0114753
-0.0102839
-0.00890445
-0.00734375
-0.00560943
-0.00371001
-0.00165444
0.00054803
0.00288802
0.00535625
0.00794326
0.0106391
0.0134333
0.0163147
0.0192723
0.0222948
0.0253701
0.0284856
0.0316283
0.0347851
0.0379428
0.0410878
0.0442063
0.0472848
0.0503088
0.0532631
0.0561324
0.058902
0.0615575
0.0640841
0.0664671
0.0686923
0.0707451
0.0726116
0.0742782
0.0757325
0.0769629
0.0779579
0.0787071
0.0792007
0.0794304
0.0793887
0.0790698
0.0784694
0.0775843
0.0764116
0.074949
0.073195
0.0711506
0.0688185
0.066203
0.0633084
0.0601382
0.0566967
0.0530167
0.0491277
0.0446711
0.0393476
0.0232473
0.0176465
0.0130179
0.00903896
0.00531956
0.00188211
-0.0012477
-0.00407403
-0.00660224
-0.00883639
-0.010781
-0.0124407
-0.0138204
-0.0149256
-0.0157627
-0.0163387
-0.0166611
-0.0167372
-0.0165739
-0.0161785
-0.0155585
-0.0147218
-0.0136762
-0.012429
-0.0109873
-0.00935862
-0.00755137
-0.00557448
-0.00343692
-0.00114782
0.00128333
0.0038468
0.0065326
0.0093304
0.0122295
0.0152191
0.0182881
0.0214252
0.0246179
0.0278531
0.0311175
0.0343979
0.0376812
0.0409535
0.0442007
0.0474085
0.0505621
0.0536458
0.0566442
0.0595422
0.0623249
0.0649765
0.0674815
0.0698244
0.0719902
0.073964
0.0757321
0.0772812
0.0785985
0.0796714
0.0804881
0.0810376
0.0813104
0.0812987
0.0809957
0.0803964
0.0794964
0.078292
0.0767801
0.0749593
0.0728304
0.0703962
0.0676604
0.0646272
0.0612999
0.0576829
0.0538113
0.0497165
0.0450207
0.0394091
0.0222268
0.0163579
0.0115106
0.00734663
0.00345733
-0.000133646
-0.0033993
-0.00634461
-0.0089755
-0.0112967
-0.0133128
-0.0150291
-0.0164513
-0.0175861
-0.0184409
-0.0190233
-0.019341
-0.0194017
-0.0192132
-0.0187837
-0.0181217
-0.0172355
-0.0161327
-0.0148211
-0.0133086
-0.0116034
-0.00971451
-0.00765083
-0.00542129
-0.0030351
-0.000502173
0.00216715
0.0049624
0.00787314
0.0108888
0.0139985
0.0171912
0.0204551
0.0237775
0.0271449
0.0305439
0.0339614
0.0373841
0.0407977
0.0441875
0.0475387
0.0508359
0.0540634
0.0572055
0.0602467
0.0631712
0.0659623
0.0686033
0.0710779
0.0733704
0.0754656
0.0773487
0.0790054
0.0804218
0.081584
0.082479
0.0830947
0.0834209
0.0834484
0.0831698
0.0825788
0.0816698
0.0804384
0.0788812
0.0769967
0.0747855
0.0722501
0.0693937
0.0662204
0.0627333
0.0589373
0.0548694
0.0505629
0.0456205
0.0397106
0.0208902
0.0147466
0.00967571
0.00532352
0.00126201
-0.00248405
-0.00588673
-0.00895138
-0.0116845
-0.0140912
-0.0161766
-0.0179467
-0.0194085
-0.0205696
-0.0214379
-0.0220216
-0.0223288
-0.022368
-0.022148
-0.0216781
-0.0209671
-0.0200232
-0.0188547
-0.0174701
-0.0158781
-0.0140877
-0.0121077
-0.00994731
-0.00761538
-0.00512155
-0.0024763
0.000309485
0.00322513
0.00626021
0.00940419
0.0126461
0.0159746
0.0193775
0.0228419
0.0263543
0.0299013
0.0334696
0.0370456
0.0406146
0.0441612
0.0476701
0.0511256
0.0545118
0.0578128
0.0610124
0.0640938
0.0670393
0.0698312
0.0724525
0.0748869
0.0771182
0.0791307
0.0809089
0.0824375
0.0837014
0.0846867
0.0853804
0.085771
0.0858483
0.0856034
0.0850286
0.0841176
0.082865
0.0812674
0.0793231
0.0770323
0.0743968
0.0714197
0.0681049
0.0644556
0.060477
0.0562077
0.0516833
0.046486
0.0402666
0.0192193
0.0127942
0.00749477
0.00295099
-0.0012853
-0.00518837
-0.00872913
-0.0119132
-0.0147476
-0.0172378
-0.01939
-0.0212112
-0.0227093
-0.0238925
-0.0247694
-0.0253484
-0.0256388
-0.0256501
-0.0253923
-0.0248747
-0.0241064
-0.0230963
-0.0218532
-0.0203868
-0.0187064
-0.0168213
-0.0147404
-0.0124728
-0.0100279
-0.0074159
-0.00464777
-0.00173462
0.00131279
0.00448402
0.00776838
0.0111546
0.0146309
0.018185
0.021804
0.0254744
0.0291829
0.032916
0.0366594
0.0403978
0.0441156
0.0477969
0.051426
0.0549866
0.0584622
0.0618358
0.0650896
0.0682051
0.0711639
0.073948
0.0765403
0.0789235
0.0810808
0.0829952
0.0846502
0.0860298
0.0871188
0.0879034
0.0883708
0.0885092
0.0883081
0.0877588
0.0868538
0.0855872
0.0839553
0.0819558
0.0795885
0.0768545
0.0737569
0.0702996
0.0664857
0.0623203
0.0578444
0.0530956
0.0476339
0.0410929
0.0171958
0.0104817
0.0049485
0.000209221
-0.00420471
-0.00826679
-0.0119464
-0.0152494
-0.0181838
-0.0207556
-0.0229722
-0.0248415
-0.0263718
-0.027572
-0.0284514
-0.0290195
-0.0292867
-0.0292636
-0.0289604
-0.0283868
-0.0275525
-0.026467
-0.0251404
-0.0235831
-0.0218048
-0.0198148
-0.0176223
-0.0152368
-0.0126684
-0.00992766
-0.00702579
-0.00397397
-0.000782996
0.00253643
0.00597323
0.0095158
0.0131522
0.0168699
0.0206564
0.0244983
0.0283821
0.0322938
0.0362187
0.040141
0.0440446
0.0479138
0.0517322
0.0554831
0.0591493
0.062713
0.0661555
0.0694576
0.0726001
0.0755642
0.0783315
0.0808835
0.0832019
0.0852686
0.0870657
0.0885761
0.0897838
0.0906736
0.0912312
0.0914432
0.0912974
0.090784
0.0898945
0.0886225
0.0869633
0.084914
0.0824739
0.0796438
0.0764265
0.0728258
0.0688446
0.0644884
0.0598002
0.0548197
0.0490838
0.0422079
0.0147999
0.00778918
0.00201624
-0.00292283
-0.0075175
-0.0117402
-0.0155591
-0.0189808
-0.0220138
-0.0246655
-0.0269437
-0.0288569
-0.0304144
-0.0316258
-0.0325014
-0.0330521
-0.0332893
-0.0332241
-0.032867
-0.0322284
-0.0313186
-0.0301486
-0.0287292
-0.0270711
-0.0251844
-0.0230787
-0.0207638
-0.0182497
-0.015547
-0.0126665
-0.00961947
-0.00641718
-0.00307061
0.000409126
0.0040105
0.00772161
0.0115305
0.0154249
0.0193923
0.0234193
0.0274922
0.0315966
0.0357173
0.0398382
0.043943
0.0480156
0.0520394
0.055997
0.0598704
0.0636409
0.0672891
0.0707951
0.0741391
0.0773012
0.0802615
0.0830001
0.0854972
0.0877333
0.0896896
0.0913478
0.0926906
0.0937012
0.0943636
0.0946628
0.0945853
0.0941198
0.0932568
0.091989
0.0903105
0.0882179
0.0857097
0.0827865
0.0794507
0.075706
0.0715552
0.0670039
0.0620975
0.0568773
0.0508568
0.0436313
0.0120104
0.00469456
-0.00132425
-0.0064673
-0.0112457
-0.0156307
-0.0195894
-0.0231294
-0.02626
-0.0289891
-0.0313252
-0.0332776
-0.0348565
-0.0360727
-0.036938
-0.0374644
-0.0376637
-0.0375475
-0.0371272
-0.0364138
-0.0354191
-0.0341549
-0.0326324
-0.0308627
-0.0288565
-0.0266239
-0.0241754
-0.0215217
-0.0186734
-0.0156416
-0.0124375
-0.00907258
-0.00555825
-0.00190604
0.00187217
0.00576441
0.00975881
0.0138434
0.0180054
0.0222314
0.0265073
0.0308185
0.0351495
0.0394841
0.0438057
0.0480979
0.0523435
0.0565244
0.0606218
0.0646163
0.0684879
0.0722161
0.0757801
0.0791588
0.082331
0.0852749
0.0879695
0.0903938
0.0925279
0.0943521
0.0958475
0.0969958
0.0977791
0.0981808
0.098186
0.0977818
0.0969577
0.0957048
0.0940163
0.0918877
0.0893172
0.0863047
0.0828522
0.0789631
0.0746403
0.0698897
0.0647588
0.0592908
0.0529742
0.0453837
0.00880492
0.00117479
-0.00509631
-0.0104476
-0.0154128
-0.019962
-0.0240615
-0.0277194
-0.0309457
-0.0337488
-0.0361382
-0.0381244
-0.0397186
-0.0409332
-0.0417811
-0.0422748
-0.0424271
-0.0422502
-0.0417566
-0.0409586
-0.0398688
-0.0384996
-0.0368628
-0.03497
-0.0328325
-0.0304614
-0.0278679
-0.025063
-0.0220574
-0.018862
-0.0154884
-0.0119486
-0.00825425
-0.00441722
-0.00044955
0.00363683
0.00783019
0.0121185
0.0164891
0.020928
0.0254211
0.0299534
0.0345097
0.0390734
0.043628
0.0481562
0.0526402
0.0570613
0.0614
0.0656364
0.0697499
0.0737191
0.0775223
0.0811371
0.0845407
0.0877099
0.0906219
0.0932546
0.0955864
0.0975962
0.0992634
0.100568
0.10149
0.102011
0.102115
0.101787
0.101015
0.0997891
0.098101
0.0959454
0.0933193
0.0902221
0.086655
0.0826216
0.0781248
0.0731707
0.0678089
0.0620846
0.0554596
0.047488
0.00515962
-0.00279437
-0.00932444
-0.0148888
-0.0200441
-0.0247598
-0.0290006
-0.0327752
-0.0360946
-0.0389678
-0.0414055
-0.0434195
-0.0450227
-0.0462284
-0.0470504
-0.0475021
-0.0475971
-0.0473491
-0.0467718
-0.0458785
-0.0446825
-0.0431966
-0.0414334
-0.0394051
-0.0371243
-0.0346028
-0.0318522
-0.0288838
-0.0257083
-0.0223368
-0.0187812
-0.015054
-0.0111672
-0.00713277
-0.0029626
0.00133139
0.00573742
0.0102434
0.0148364
0.0195024
0.024227
0.0289953
0.0337921
0.0386008
0.0434045
0.0481853
0.0529248
0.0576034
0.0622015
0.0666983
0.0710728
0.0753028
0.0793652
0.0832364
0.086892
0.0903074
0.0934583
0.0963209
0.0988719
0.101088
0.102948
0.104428
0.105508
0.106168
0.106388
0.106153
0.105449
0.104264
0.102588
0.100416
0.0977419
0.0945652
0.0908867
0.0867097
0.0820373
0.0768754
0.0712758
0.0652862
0.0583401
0.0499699
0.00104949
-0.00723879
-0.0140353
-0.0198177
-0.0251669
-0.0300508
-0.0344329
-0.0383225
-0.0417316
-0.0446705
-0.0471512
-0.049187
-0.0507918
-0.0519799
-0.0527662
-0.0531653
-0.0531923
-0.0528622
-0.0521899
-0.0511895
-0.0498749
-0.0482595
-0.0463569
-0.0441806
-0.041744
-0.0390595
-0.0361391
-0.0329941
-0.0296356
-0.0260751
-0.0223249
-0.0183978
-0.0143059
-0.0100609
-0.00567487
-0.00115958
0.00347298
0.00821049
0.0130398
0.0179471
0.0229178
0.0279374
0.0329904
0.0380601
0.0431294
0.0481797
0.053192
0.0581463
0.0630223
0.0677989
0.0724542
0.0769652
0.0813077
0.0854566
0.089386
0.09307
0.0964825
0.099598
0.102391
0.104837
0.106912
0.108591
0.10985
0.110668
0.111025
0.110901
0.110282
0.109153
0.107503
0.105325
0.102613
0.099363
0.095577
0.0912581
0.0864087
0.0810349
0.0751908
0.0689261
0.0616457
0.0528582
-0.00355267
-0.0121864
-0.0192575
-0.0252632
-0.0308095
-0.0358629
-0.0403857
-0.0443882
-0.0478835
-0.0508835
-0.0534014
-0.0554516
-0.0570491
-0.0582097
-0.0589493
-0.0592846
-0.059232
-0.0588079
-0.058028
-0.0569072
-0.0554603
-0.0537018
-0.0516465
-0.0493091
-0.0467034
-0.0438424
-0.0407384
-0.0374032
-0.0338483
-0.0300858
-0.0261282
-0.0219882
-0.0176781
-0.0132093
-0.00859379
-0.00384352
0.00102931
0.00601217
0.0110919
0.0162548
0.0214866
0.0267728
0.0320978
0.0374448
0.0427962
0.0481331
0.053436
0.0586846
0.0638579
0.0689342
0.0738909
0.078704
0.0833483
0.0877972
0.0920235
0.0959996
0.0996978
0.103091
0.106151
0.108851
0.111165
0.113066
0.114529
0.115529
0.116043
0.116051
0.115536
0.11448
0.112872
0.110701
0.10796
0.104645
0.100757
0.0962988
0.0912718
0.0856821
0.0795866
0.0730371
0.0654084
0.056184
-0.00867605
-0.0176671
-0.025021
-0.0312552
-0.0370015
-0.0422255
-0.0468883
-0.0510014
-0.0545793
-0.057635
-0.0601829
-0.0622387
-0.0638188
-0.0649406
-0.0656219
-0.0658811
-0.0657361
-0.0652044
-0.0643028
-0.063047
-0.0614533
-0.0595374
-0.0573154
-0.0548025
-0.0520133
-0.0489614
-0.0456595
-0.0421201
-0.0383552
-0.0343772
-0.0301989
-0.0258327
-0.0212907
-0.0165845
-0.011726
-0.00672724
-0.00160057
0.00364142
0.00898566
0.0144187
0.0199265
0.0254947
0.0311075
0.0367481
0.0423983
0.0480392
0.0536509
0.0592128
0.0647033
0.0701
0.0753794
0.0805165
0.0854851
0.0902575
0.094805
0.0990981
0.103108
0.106804
0.110157
0.113139
0.115719
0.117869
0.11956
0.120766
0.121462
0.121625
0.121234
0.120272
0.118722
0.116573
0.113816
0.110446
0.106462
0.101867
0.0966622
0.0908532
0.0844995
0.0776554
0.0696633
0.059982
-0.0143514
-0.0237122
-0.0313572
-0.0378251
-0.0437746
-0.0491705
-0.0539727
-0.0581939
-0.0618498
-0.0649546
-0.067524
-0.0695752
-0.0711265
-0.0721974
-0.0728076
-0.072977
-0.072725
-0.0720704
-0.0710312
-0.0696248
-0.0678688
-0.0657803
-0.0633762
-0.0606723
-0.0576841
-0.0544258
-0.0509111
-0.0471529
-0.0431639
-0.0389566
-0.0345436
-0.0299373
-0.0251496
-0.0201923
-0.0150772
-0.00981657
-0.0044226
0.00109229
0.00671523
0.012433
0.0182317
0.0240971
0.0300135
0.0359637
0.0419297
0.0478923
0.0538313
0.0597259
0.065554
0.0712923
0.0769164
0.0824003
0.0877169
0.0928373
0.0977314
0.102368
0.106716
0.110744
0.114419
0.11771
0.120584
0.123011
0.12496
0.1264
0.127304
0.127647
0.127404
0.126556
0.125084
0.122973
0.120214
0.1168
0.112729
0.108002
0.10262
0.0965884
0.0899697
0.0828209
0.0744501
0.0642902
-0.0206112
-0.0303548
-0.0383
-0.0450073
-0.0511638
-0.0567329
-0.0616736
-0.0659994
-0.0697274
-0.0728732
-0.0754541
-0.0774894
-0.0789997
-0.0800062
-0.0805308
-0.0805947
-0.0802192
-0.0794247
-0.078231
-0.0766571
-0.0747221
-0.0724442
-0.0698409
-0.0669292
-0.0637253
-0.0602444
-0.0565012
-0.0525091
-0.0482811
-0.0438298
-0.0391675
-0.0343067
-0.0292593
-0.024037
-0.0186519
-0.013116
-0.0074412
-0.00163963
0.00427619
0.0102932
0.0163976
0.0225752
0.0288105
0.0350865
0.0413852
0.0476874
0.0539727
0.0602198
0.0664061
0.0725077
0.078499
0.0843534
0.0900427
0.0955368
0.100804
0.105812
0.110528
0.114916
0.118943
0.122574
0.125774
0.128508
0.130744
0.132448
0.13359
0.13414
0.134073
0.133362
0.131989
0.129936
0.127191
0.123746
0.119597
0.114744
0.109186
0.10293
0.0960405
0.0885765
0.0798113
0.0691493
-0.0274902
-0.037631
-0.0458864
-0.0528396
-0.0592067
-0.0649502
-0.0700273
-0.0744532
-0.0782461
-0.0814236
-0.0840051
-0.0860121
-0.0874673
-0.0883941
-0.0888161
-0.0887569
-0.0882396
-0.0872867
-0.0859201
-0.0841604
-0.0820278
-0.0795418
-0.0767208
-0.0735829
-0.0701456
-0.0664252
-0.0624371
-0.0581951
-0.0537123
-0.0490012
-0.0440744
-0.0389444
-0.033623
-0.028122
-0.0224533
-0.0166284
-0.0106591
-0.00455702
0.0016657
0.00799613
0.0144208
0.0209254
0.0274949
0.0341126
0.0407609
0.0474205
0.054071
0.0606905
0.067256
0.0737427
0.0801244
0.0863737
0.0924613
0.098356
0.104025
0.109434
0.114546
0.119327
0.123737
0.127741
0.131299
0.134375
0.136932
0.138933
0.140344
0.141132
0.141267
0.140721
0.139472
0.137499
0.134787
0.131326
0.127109
0.122137
0.116407
0.109925
0.102758
0.0949681
0.085792
0.0746039
-0.0350264
-0.0455803
-0.0541567
-0.0613625
-0.0679439
-0.0738619
-0.0790728
-0.0835928
-0.0874426
-0.0906414
-0.0932111
-0.0951755
-0.0965595
-0.0973887
-0.0976893
-0.0974872
-0.096808
-0.0956766
-0.0941167
-0.0921506
-0.0897997
-0.0870849
-0.084026
-0.0806425
-0.0769532
-0.0729753
-0.0687246
-0.0642155
-0.059461
-0.0544738
-0.0492668
-0.0438525
-0.0382428
-0.0324491
-0.0264828
-0.0203553
-0.0140776
-0.00766118
-0.00111782
0.0055399
0.0122988
0.0191449
0.0260636
0.033039
0.0400535
0.0470883
0.0541227
0.0611344
0.0680999
0.0749939
0.0817896
0.0884588
0.0949712
0.101295
0.107394
0.113234
0.118776
0.123981
0.12881
0.133221
0.137174
0.140627
0.14354
0.145874
0.147589
0.148648
0.149018
0.148667
0.147569
0.1457
0.143043
0.139583
0.135313
0.130231
0.124333
0.117623
0.110173
0.102047
0.0924426
0.0807034
-0.0432607
-0.0542449
-0.0631541
-0.0706191
-0.077418
-0.0835104
-0.0888514
-0.0934592
-0.0973564
-0.100565
-0.103108
-0.105013
-0.106307
-0.107019
-0.107177
-0.10681
-0.105947
-0.104614
-0.102838
-0.100643
-0.0980507
-0.0950846
-0.0917662
-0.0881164
-0.0841551
-0.0799002
-0.075368
-0.0705733
-0.0655293
-0.0602491
-0.0547458
-0.0490319
-0.0431192
-0.0370185
-0.0307408
-0.0242966
-0.0176968
-0.0109524
-0.00407493
0.00292349
0.0100302
0.0172321
0.024515
0.0318635
0.0392607
0.0466879
0.0541245
0.061548
0.0689345
0.0762582
0.0834918
0.0906064
0.097571
0.104352
0.110913
0.117216
0.123221
0.128886
0.134168
0.139024
0.14341
0.14728
0.15059
0.153294
0.155351
0.156719
0.157359
0.157237
0.156321
0.154584
0.152005
0.148567
0.14426
0.139078
0.133017
0.126081
0.118342
0.10987
0.0998192
0.0875016
-0.0522366
-0.0636699
-0.0729242
-0.0806555
-0.0876749
-0.0939413
-0.0994083
-0.104096
-0.10803
-0.111234
-0.113734
-0.115561
-0.116743
-0.117315
-0.117306
-0.116751
-0.115679
-0.114119
-0.112101
-0.109651
-0.106792
-0.103551
-0.0999499
-0.0960115
-0.0917565
-0.0872034
-0.0823694
-0.0772695
-0.0719176
-0.0663271
-0.0605111
-0.0544821
-0.0482512
-0.0418289
-0.0352254
-0.0284508
-0.0215153
-0.0144297
-0.00720506
0.000147185
0.00761519
0.0151866
0.0228481
0.030585
0.0383808
0.0462173
0.0540739
0.0619283
0.0697565
0.0775324
0.0852281
0.0928143
0.100259
0.107527
0.114581
0.121381
0.127884
0.134046
0.139821
0.145162
0.150022
0.15435
0.158099
0.161217
0.163658
0.165375
0.166326
0.16647
0.165771
0.164198
0.161725
0.158332
0.154006
0.148737
0.142521
0.135359
0.127328
0.118499
0.107983
0.0950579
-0.0620005
-0.0739035
-0.0835165
-0.0915217
-0.0987652
-0.105205
-0.110793
-0.115552
-0.119509
-0.122692
-0.125129
-0.126855
-0.127902
-0.128308
-0.128107
-0.127334
-0.126025
-0.12421
-0.121921
-0.119187
-0.116036
-0.112493
-0.108584
-0.104332
-0.0997598
-0.0948859
-0.0897283
-0.0843029
-0.0786241
-0.0727055
-0.06656
-0.0601996
-0.0536351
-0.0468764
-0.0399329
-0.0328141
-0.02553
-0.0180904
-0.0105059
-0.00278702
0.00505529
0.0130097
0.0210637
0.0292035
0.0374133
0.0456751
0.0539691
0.0622732
0.0705635
0.0788138
0.0869961
0.0950803
0.103034
0.11082
0.1184
0.125731
0.132769
0.139466
0.145775
0.151645
0.157023
0.161855
0.166088
0.169667
0.172538
0.17465
0.175955
0.176407
0.175964
0.174591
0.172256
0.168936
0.164611
0.159272
0.152909
0.145524
0.137197
0.128
0.116999
0.103437
-0.0726025
-0.0849983
-0.0949851
-0.103273
-0.110744
-0.117355
-0.123058
-0.127877
-0.131842
-0.134984
-0.137336
-0.138935
-0.13982
-0.14003
-0.139606
-0.138585
-0.137006
-0.134903
-0.132312
-0.129264
-0.125789
-0.121916
-0.117672
-0.11308
-0.108164
-0.102945
-0.0974414
-0.0916693
-0.0856439
-0.0793786
-0.0728861
-0.0661779
-0.059264
-0.0521539
-0.0448564
-0.0373805
-0.029735
-0.0219293
-0.0139727
-0.00587485
0.00235434
0.0107045
0.0191643
0.0277207
0.0363589
0.0450616
0.0538096
0.0625816
0.0713541
0.0801009
0.088794
0.0974026
0.105893
0.114228
0.122367
0.130266
0.137877
0.145152
0.152039
0.158482
0.164425
0.169811
0.174578
0.178668
0.18202
0.184578
0.186286
0.187093
0.186951
0.185819
0.183658
0.18044
0.176142
0.170751
0.164255
0.156651
0.148024
0.138449
0.126943
0.11271
-0.0840976
-0.0970121
-0.10739
-0.115969
-0.123672
-0.130452
-0.136261
-0.141125
-0.14508
-0.148158
-0.150399
-0.151843
-0.152534
-0.152516
-0.151832
-0.150527
-0.148641
-0.146215
-0.143287
-0.139891
-0.13606
-0.131824
-0.127213
-0.122252
-0.116966
-0.111376
-0.105502
-0.0993611
-0.0929683
-0.086337
-0.0794794
-0.0724063
-0.0651274
-0.0576514
-0.0499864
-0.0421406
-0.0341218
-0.0259382
-0.0175979
-0.00910939
-0.000481457
0.00827659
0.0171544
0.0261403
0.0352204
0.0443786
0.0535968
0.0628543
0.0721284
0.0813934
0.0906209
0.0997801
0.108837
0.117752
0.126485
0.134988
0.143213
0.151109
0.158618
0.165684
0.172244
0.178234
0.183591
0.188246
0.192136
0.195195
0.197361
0.198576
0.198785
0.197938
0.195993
0.192914
0.188672
0.183251
0.176635
0.16882
0.15989
0.149927
0.137892
0.122954
-0.0965462
-0.110009
-0.120796
-0.129677
-0.137614
-0.144559
-0.150464
-0.155358
-0.15928
-0.162269
-0.164367
-0.165622
-0.166082
-0.165796
-0.164814
-0.163183
-0.16095
-0.158161
-0.154856
-0.151074
-0.14685
-0.142216
-0.137205
-0.131843
-0.126156
-0.120169
-0.1139
-0.107367
-0.100585
-0.0935672
-0.0863258
-0.0788709
-0.0712115
-0.0633555
-0.0553101
-0.0470822
-0.0386786
-0.0301059
-0.021371
-0.0124811
-0.0034436
0.00573328
0.0150405
0.0244676
0.0340022
0.0436297
0.0533331
0.0630932
0.0728878
0.0826917
0.0924769
0.102212
0.111864
0.121391
0.130752
0.139899
0.14878
0.15734
0.165521
0.17326
0.18049
0.187143
0.193147
0.198429
0.202917
0.206539
0.209223
0.210905
0.211521
0.211013
0.20933
0.206431
0.20228
0.196855
0.190137
0.182118
0.172885
0.162522
0.149936
0.134253
-0.110015
-0.124058
-0.135277
-0.14447
-0.152643
-0.159749
-0.165737
-0.170641
-0.174505
-0.177373
-0.179293
-0.180319
-0.180505
-0.179907
-0.178579
-0.176577
-0.173952
-0.170754
-0.167028
-0.162817
-0.158159
-0.153089
-0.14764
-0.141844
-0.135726
-0.129311
-0.12262
-0.11567
-0.108476
-0.101052
-0.0934074
-0.0855537
-0.0774986
-0.069249
-0.0608109
-0.0521895
-0.0433902
-0.0344181
-0.0252788
-0.0159778
-0.00652136
0.00308394
0.0128305
0.0227095
0.0327102
0.0428197
0.0530226
0.063301
0.0736337
0.0839966
0.094362
0.104699
0.114973
0.125145
0.135169
0.144998
0.154578
0.16385
0.172753
0.181219
0.189177
0.196553
0.203268
0.209243
0.214397
0.218649
0.22192
0.224135
0.225221
0.22511
0.223745
0.221072
0.217053
0.211656
0.204857
0.196644
0.187109
0.176335
0.163172
0.146703
-0.124575
-0.139239
-0.150912
-0.160428
-0.16884
-0.176099
-0.182155
-0.187046
-0.190821
-0.193531
-0.195232
-0.195982
-0.195844
-0.194882
-0.193158
-0.190732
-0.187662
-0.184005
-0.179809
-0.175121
-0.169983
-0.164434
-0.158509
-0.152241
-0.145658
-0.138785
-0.131643
-0.124251
-0.116621
-0.108768
-0.100702
-0.092433
-0.0839673
-0.075311
-0.0664683
-0.0574427
-0.0482378
-0.0388572
-0.0293049
-0.0195848
-0.00970144
0.000340317
0.0105348
0.020875
0.0313521
0.041955
0.0526702
0.0634813
0.0743687
0.0853092
0.0962762
0.107239
0.118164
0.129011
0.139735
0.150286
0.160608
0.170641
0.180318
0.189568
0.198316
0.20648
0.213976
0.220715
0.226609
0.231566
0.2355
0.238321
0.239949
0.240304
0.239317
0.236928
0.233086
0.227753
0.2209
0.212508
0.202671
0.191476
0.177709
0.160409
-0.140309
-0.155635
-0.16779
-0.177642
-0.186295
-0.1937
-0.199804
-0.204653
-0.208302
-0.21081
-0.21224
-0.212661
-0.212144
-0.210759
-0.208578
-0.205669
-0.202097
-0.197922
-0.1932
-0.187983
-0.182315
-0.17624
-0.169796
-0.163017
-0.155933
-0.148569
-0.140946
-0.133083
-0.124993
-0.11669
-0.108184
-0.0994825
-0.0905918
-0.0815159
-0.0722572
-0.0628176
-0.0531985
-0.0434017
-0.0334294
-0.0232838
-0.0129673
-0.00248268
0.00816657
0.0189757
0.0299378
0.0410439
0.0522824
0.0636391
0.0750961
0.0866316
0.0982204
0.109833
0.121436
0.13299
0.144449
0.155762
0.166871
0.177714
0.18822
0.198315
0.207918
0.21694
0.22529
0.232872
0.239587
0.245334
0.250013
0.253525
0.255775
0.256673
0.256137
0.254094
0.250484
0.245261
0.238384
0.229831
0.219696
0.208069
0.193668
0.175486
-0.157306
-0.173345
-0.186013
-0.196215
-0.20511
-0.212648
-0.218776
-0.223548
-0.227028
-0.229281
-0.230383
-0.230412
-0.229448
-0.227574
-0.224868
-0.221408
-0.217265
-0.212508
-0.207199
-0.201393
-0.195142
-0.188491
-0.181481
-0.174149
-0.166524
-0.158633
-0.150497
-0.142135
-0.133561
-0.124787
-0.115821
-0.106671
-0.097341
-0.0878331
-0.0781481
-0.0682856
-0.058245
-0.0480261
-0.0376288
-0.0270531
-0.0162989
-0.00536673
0.00574233
0.0170259
0.0284797
0.0400967
0.0518679
0.0637812
0.0758209
0.0879672
0.100197
0.112481
0.124789
0.13708
0.149309
0.161424
0.173366
0.185069
0.196462
0.207465
0.217991
0.227947
0.237232
0.245742
0.253367
0.259995
0.265513
0.269809
0.272774
0.274303
0.2743
0.272678
0.269365
0.264301
0.257439
0.248747
0.23832
0.226251
0.211186
0.192065
-0.175668
-0.192479
-0.205695
-0.216262
-0.225398
-0.233053
-0.239177
-0.24383
-0.247086
-0.249023
-0.249728
-0.249291
-0.247805
-0.245362
-0.242053
-0.237963
-0.233174
-0.227763
-0.221798
-0.21534
-0.208445
-0.201163
-0.193537
-0.185604
-0.177397
-0.168942
-0.160261
-0.151372
-0.142288
-0.13302
-0.123576
-0.113962
-0.104179
-0.0942276
-0.0841069
-0.0738141
-0.0633465
-0.0527013
-0.0418758
-0.0308672
-0.0196728
-0.00829053
0.00328129
0.0150429
0.0269924
0.0391258
0.0514365
0.0639152
0.0765486
0.0893196
0.102207
0.115184
0.128221
0.141278
0.154312
0.167268
0.180089
0.192707
0.205045
0.217022
0.228545
0.239513
0.24982
0.25935
0.267983
0.275594
0.282055
0.287241
0.291024
0.293285
0.29391
0.292795
0.289854
0.285012
0.27821
0.269407
0.258698
0.246177
0.230412
0.210291
-0.19551
-0.21316
-0.226964
-0.237912
-0.247287
-0.255039
-0.261122
-0.265604
-0.268573
-0.270121
-0.270348
-0.269359
-0.26726
-0.264157
-0.260153
-0.255346
-0.249826
-0.24368
-0.236982
-0.229801
-0.222198
-0.214224
-0.205927
-0.197345
-0.188512
-0.179454
-0.170194
-0.160748
-0.151129
-0.141347
-0.131407
-0.121312
-0.111064
-0.100659
-0.0900953
-0.0793668
-0.0684685
-0.0573947
-0.0461397
-0.0346977
-0.0230629
-0.0112302
0.000804749
0.0130452
0.0254921
0.0381446
0.0509991
0.0640493
0.0772852
0.0906923
0.104252
0.117941
0.13173
0.145582
0.159453
0.173291
0.187036
0.200621
0.213966
0.226985
0.239582
0.251649
0.26307
0.273721
0.283468
0.292174
0.299696
0.305889
0.31061
0.313718
0.31508
0.314574
0.312092
0.307547
0.30086
0.291982
0.281004
0.268022
0.25152
0.230328
-0.216961
-0.23553
-0.249969
-0.261315
-0.270924
-0.278748
-0.284743
-0.288992
-0.291598
-0.292668
-0.292319
-0.290675
-0.287858
-0.28399
-0.279188
-0.273562
-0.267216
-0.260244
-0.252729
-0.244747
-0.236363
-0.227633
-0.218607
-0.209324
-0.199819
-0.190119
-0.180245
-0.170214
-0.160035
-0.149717
-0.139263
-0.128674
-0.117949
-0.107084
-0.096071
-0.0849034
-0.0735727
-0.06207
-0.0503864
-0.0385126
-0.0264396
-0.0141591
-0.00166341
0.0110538
0.0239969
0.0371683
0.050568
0.0641932
0.0780372
0.0920893
0.106334
0.12075
0.135312
0.149984
0.164725
0.179483
0.194199
0.208804
0.223218
0.237352
0.251103
0.264359
0.276995
0.288875
0.299855
0.30978
0.318492
0.325827
0.331619
0.335707
0.337933
0.338153
0.336237
0.332075
0.325572
0.316662
0.305434
0.291983
0.274701
0.252358
-0.240172
-0.259752
-0.274879
-0.286642
-0.296477
-0.304338
-0.310189
-0.314128
-0.316276
-0.316762
-0.315723
-0.313303
-0.309645
-0.304889
-0.29917
-0.292612
-0.285331
-0.277432
-0.269007
-0.260139
-0.250896
-0.24134
-0.231522
-0.221484
-0.21126
-0.200877
-0.190356
-0.179709
-0.168946
-0.158073
-0.147089
-0.135994
-0.124784
-0.113451
-0.101986
-0.0903788
-0.0786163
-0.0666869
-0.0545778
-0.0422764
-0.0297702
-0.0170473
-0.00409641
0.00909234
0.0225271
0.0362141
0.0501573
0.0643576
0.0788125
0.093515
0.108453
0.12361
0.138963
0.154479
0.170119
0.185834
0.201566
0.217245
0.232792
0.248114
0.263105
0.277645
0.291603
0.304831
0.317171
0.328454
0.338501
0.347128
0.354145
0.359365
0.362603
0.363687
0.36246
0.358787
0.35255
0.343663
0.332211
0.318285
0.300178
0.276592
-0.265317
-0.286019
-0.301895
-0.314093
-0.32414
-0.331996
-0.33763
-0.341163
-0.342739
-0.342511
-0.340644
-0.337305
-0.332664
-0.32688
-0.320107
-0.312487
-0.30415
-0.295211
-0.285773
-0.275924
-0.265739
-0.255283
-0.244609
-0.233759
-0.222769
-0.211662
-0.200458
-0.189168
-0.177798
-0.16635
-0.154823
-0.143213
-0.131511
-0.119707
-0.10779
-0.0957434
-0.0835525
-0.071201
-0.0586726
-0.0459507
-0.0330193
-0.0198626
-0.00646526
0.00718657
0.0211052
0.035301
0.0497822
0.0645543
0.0796191
0.0949739
0.110611
0.126519
0.142676
0.159056
0.175623
0.19233
0.209121
0.225928
0.242672
0.259258
0.275576
0.291503
0.306896
0.321599
0.33544
0.348232
0.359778
0.369867
0.378284
0.384811
0.389233
0.391344
0.390954
0.387897
0.382026
0.373232
0.361589
0.347186
0.328201
0.303267
-0.2926
-0.314552
-0.331249
-0.3439
-0.354139
-0.36193
-0.367256
-0.370264
-0.371127
-0.370031
-0.367172
-0.362748
-0.356955
-0.34998
-0.341998
-0.333169
-0.323639
-0.313536
-0.302971
-0.292041
-0.280825
-0.26939
-0.257792
-0.246073
-0.234266
-0.222395
-0.210475
-0.198514
-0.186516
-0.174478
-0.162397
-0.150264
-0.138067
-0.125793
-0.113425
-0.100944
-0.0883311
-0.0755655
-0.0626271
-0.0494955
-0.0361503
-0.0225717
-0.00874002
0.00536297
0.019754
0.0344481
0.0494582
0.0647946
0.0804642
0.0964691
0.112807
0.12947
0.146443
0.163704
0.181221
0.198951
0.216843
0.234831
0.252836
0.270762
0.288499
0.305917
0.322868
0.339184
0.354679
0.369149
0.382373
0.394117
0.404134
0.412171
0.417978
0.421307
0.421931
0.419644
0.414262
0.405648
0.393861
0.37898
0.35906
0.332656
-0.32226
-0.345616
-0.363215
-0.376336
-0.386733
-0.394382
-0.399284
-0.401619
-0.401598
-0.399447
-0.3954
-0.389692
-0.382553
-0.374198
-0.364828
-0.354625
-0.34375
-0.332345
-0.320531
-0.308411
-0.296069
-0.283575
-0.270983
-0.258337
-0.245665
-0.232989
-0.22032
-0.207664
-0.195019
-0.18238
-0.169737
-0.157078
-0.144387
-0.131646
-0.118833
-0.105925
-0.0928996
-0.0797314
-0.0663962
-0.0528691
-0.0391254
-0.0251404
-0.0108902
0.00364823
0.0184964
0.0336743
0.0491999
0.065089
0.0813536
0.0980017
0.115036
0.132456
0.150251
0.168404
0.186891
0.205674
0.224706
0.243924
0.263252
0.282597
0.301846
0.320866
0.339502
0.357578
0.374895
0.391228
0.406334
0.419949
0.431794
0.441577
0.449003
0.453778
0.455628
0.454297
0.449559
0.441234
0.429363
0.414011
0.393091
0.365074
-0.35458
-0.379523
-0.398116
-0.41172
-0.422229
-0.429634
-0.433963
-0.43544
-0.434324
-0.430891
-0.425421
-0.418195
-0.409482
-0.39953
-0.38857
-0.376806
-0.364417
-0.35156
-0.338365
-0.324941
-0.311375
-0.297737
-0.284081
-0.270448
-0.256863
-0.243345
-0.2299
-0.216527
-0.203221
-0.189972
-0.176764
-0.16358
-0.150399
-0.137198
-0.12395
-0.110628
-0.0972038
-0.083649
-0.069934
-0.0560296
-0.0419061
-0.0275344
-0.0128854
0.00206875
0.0173546
0.0329975
0.0490208
0.0654461
0.0822913
0.0995706
0.117293
0.135464
0.154082
0.173136
0.192608
0.212467
0.232673
0.253168
0.273881
0.29472
0.315575
0.336311
0.356769
0.376764
0.396082
0.414482
0.431696
0.447429
0.461363
0.473164
0.482484
0.488977
0.492307
0.492162
0.488257
0.480362
0.468487
0.452678
0.430686
0.400887
-0.3899
-0.416647
-0.436342
-0.450434
-0.460985
-0.468012
-0.471578
-0.471964
-0.469494
-0.464502
-0.457329
-0.448307
-0.437753
-0.425955
-0.413175
-0.399642
-0.385556
-0.371085
-0.356368
-0.341518
-0.326625
-0.311758
-0.296968
-0.282292
-0.267751
-0.253356
-0.239109
-0.225004
-0.211029
-0.197166
-0.183395
-0.169692
-0.15603
-0.14238
-0.128712
-0.114992
-0.101189
-0.0872674
-0.0731943
-0.0589349
-0.0444548
-0.0297198
-0.0146961
0.000649606
0.0163492
0.0324335
0.0489319
0.0658718
0.0832779
0.101171
0.119567
0.13848
0.157915
0.177871
0.198337
0.219291
0.240699
0.262513
0.284668
0.307077
0.329633
0.352202
0.374622
0.396703
0.418217
0.438908
0.458481
0.476609
0.492933
0.507067
0.518607
0.52714
0.532261
0.533583
0.530749
0.523462
0.51169
0.495451
0.472305
0.440525
-0.428629
-0.457442
-0.478358
-0.492933
-0.503428
-0.509896
-0.512454
-0.511457
-0.507309
-0.500422
-0.491207
-0.480063
-0.467358
-0.453429
-0.43857
-0.423039
-0.407054
-0.390794
-0.374406
-0.358006
-0.341683
-0.325503
-0.309512
-0.29374
-0.278203
-0.262905
-0.247838
-0.23299
-0.218342
-0.203868
-0.189541
-0.17533
-0.161202
-0.147122
-0.133053
-0.118958
-0.104799
-0.0905365
-0.0761313
-0.0615439
-0.0467349
-0.0316648
-0.0162949
-0.0005864
0.0154982
0.0319954
0.0489409
0.0663686
0.0843099
0.102793
0.121843
0.141482
0.161723
0.182575
0.204036
0.226096
0.248729
0.271899
0.295547
0.319597
0.343946
0.368465
0.392994
0.417336
0.441257
0.464482
0.486693
0.507527
0.526583
0.543418
0.557562
0.568524
0.575811
0.578949
0.577484
0.571036
0.559511
0.542884
0.518495
0.484495
-0.471266
-0.50246
-0.524733
-0.539768
-0.550064
-0.555734
-0.556965
-0.554213
-0.547985
-0.538791
-0.52713
-0.513477
-0.498266
-0.48188
-0.464654
-0.446872
-0.428769
-0.410536
-0.392323
-0.374246
-0.35639
-0.338816
-0.321563
-0.30465
-0.288085
-0.271863
-0.255966
-0.240373
-0.225056
-0.209981
-0.195112
-0.180411
-0.165838
-0.151351
-0.136909
-0.122466
-0.107981
-0.0934071
-0.0787009
-0.0638174
-0.0487118
-0.0333399
-0.0176571
-0.00161958
0.0148162
0.0316927
0.0490519
0.0669346
0.0853797
0.104424
0.124101
0.144441
0.165469
0.187203
0.209654
0.232822
0.256695
0.281248
0.306434
0.332189
0.358421
0.385007
0.411792
0.438579
0.465128
0.491151
0.516306
0.540199
0.562378
0.582342
0.599542
0.613398
0.623313
0.628698
0.628983
0.623672
0.612588
0.595644
0.569911
0.533406
-0.518425
-0.552383
-0.576165
-0.591604
-0.601499
-0.606045
-0.605535
-0.600555
-0.591748
-0.579744
-0.565153
-0.548538
-0.530406
-0.511197
-0.491283
-0.470974
-0.450522
-0.430123
-0.409928
-0.39005
-0.370565
-0.351524
-0.332954
-0.314865
-0.297251
-0.280093
-0.263366
-0.247035
-0.231062
-0.215404
-0.200016
-0.184851
-0.169861
-0.154999
-0.140215
-0.125459
-0.110682
-0.095833
-0.0808621
-0.0657194
-0.050355
-0.0347193
-0.0187623
-0.00243454
0.0143132
0.0315297
0.0492634
0.0675624
0.0864737
0.106042
0.126312
0.147322
0.169109
0.191703
0.215128
0.239397
0.264514
0.290467
0.317227
0.344744
0.372939
0.401704
0.430891
0.46031
0.489721
0.518825
0.547262
0.574605
0.600354
0.623942
0.644735
0.662046
0.675154
0.683328
0.685846
0.682063
0.671686
0.654531
0.627348
0.587989
-0.570872
-0.608061
-0.633516
-0.649257
-0.658459
-0.661443
-0.658646
-0.650835
-0.638824
-0.623398
-0.605297
-0.585191
-0.563666
-0.54122
-0.518266
-0.495135
-0.47209
-0.449329
-0.426999
-0.405201
-0.383999
-0.36343
-0.343504
-0.324215
-0.305542
-0.287452
-0.269905
-0.252854
-0.236249
-0.220036
-0.204161
-0.188566
-0.173197
-0.157998
-0.142913
-0.127883
-0.112855
-0.0977721
-0.0825785
-0.067219
-0.0516388
-0.0357826
-0.0195952
-0.00302141
0.0139936
0.0315049
0.049568
0.0682385
0.0875716
0.107622
0.128441
0.150081
0.17259
0.196011
0.220382
0.245733
0.272085
0.299444
0.3278
0.357122
0.387352
0.418399
0.450131
0.48237
0.514882
0.547367
0.579452
0.610679
0.640505
0.668291
0.69331
0.714753
0.731749
0.743392
0.748768
0.747029
0.737723
0.720524
0.691778
0.649142
-0.629571
-0.670562
-0.697864
-0.713728
-0.721818
-0.722641
-0.716841
-0.705426
-0.689433
-0.669838
-0.647538
-0.623323
-0.597867
-0.571727
-0.54535
-0.519087
-0.493202
-0.467888
-0.443277
-0.419453
-0.396463
-0.374319
-0.353012
-0.332516
-0.312791
-0.293786
-0.275445
-0.257706
-0.240505
-0.223778
-0.207457
-0.191478
-0.175776
-0.160286
-0.144945
-0.12969
-0.114458
-0.099188
-0.0838195
-0.0682914
-0.0525436
-0.0365155
-0.0201468
-0.00337692
0.0138549
0.0316103
0.0499516
0.0689423
0.0886458
0.109125
0.130443
0.152663
0.175846
0.200049
0.225327
0.251728
0.279291
0.308045
0.338003
0.369159
0.401479
0.434896
0.469304
0.504546
0.540402
0.57658
0.612703
0.648294
0.682766
0.715412
0.745405
0.771796
0.793538
0.809511
0.818551
0.819547
0.811816
0.794827
0.76441
0.717975
-0.69575
-0.741252
-0.770567
-0.786257
-0.79263
-0.790471
-0.780722
-0.764712
-0.743763
-0.719091
-0.691774
-0.662738
-0.632748
-0.602414
-0.572212
-0.542499
-0.51353
-0.485482
-0.458462
-0.432528
-0.407696
-0.383954
-0.361265
-0.339576
-0.318824
-0.29894
-0.279847
-0.261467
-0.243722
-0.226532
-0.209822
-0.193513
-0.177532
-0.161806
-0.146264
-0.130836
-0.115455
-0.100052
-0.0845624
-0.0689193
-0.0530575
-0.0369116
-0.0204164
-0.00350572
0.0138871
0.03183
0.0503924
0.0696449
0.0896593
0.110508
0.132265
0.155004
0.178801
0.203729
0.22986
0.25726
0.285994
0.316114
0.34766
0.380656
0.415099
0.450956
0.488154
0.526567
0.566003
0.606192
0.646765
0.687237
0.72699
0.765255
0.801098
0.833422
0.860971
0.882364
0.89612
0.900779
0.895331
0.878941
0.846761
0.795881
-0.771005
-0.821894
-0.853363
-0.868393
-0.872169
-0.865897
-0.850941
-0.82906
-0.801945
-0.771095
-0.737802
-0.703134
-0.667942
-0.632881
-0.598439
-0.564962
-0.532683
-0.501743
-0.472213
-0.444112
-0.417418
-0.392082
-0.368033
-0.345191
-0.323463
-0.302757
-0.282974
-0.264018
-0.245794
-0.22821
-0.211176
-0.194603
-0.178408
-0.16251
-0.14683
-0.131292
-0.115821
-0.100346
-0.0847939
-0.0690947
-0.053178
-0.0369739
-0.020412
-0.00342112
0.0140714
0.0321395
0.050859
0.0703079
0.0905658
0.111715
0.13384
0.157027
0.181367
0.206947
0.233859
0.262193
0.292036
0.323469
0.356564
0.391379
0.427951
0.466289
0.506363
0.548092
0.591328
0.635839
0.681283
0.727187
0.77292
0.81766
0.860378
0.899814
0.934481
0.962681
0.982534
0.992115
0.989954
0.974762
0.940773
0.884644
-0.857437
-0.914808
-0.948493
-0.962076
-0.961969
-0.950014
-0.928176
-0.898788
-0.864
-0.825655
-0.785272
-0.744062
-0.702948
-0.662608
-0.623517
-0.585986
-0.550201
-0.516249
-0.484149
-0.453863
-0.425323
-0.398433
-0.373083
-0.349156
-0.32653
-0.305082
-0.284693
-0.265246
-0.246627
-0.228731
-0.211452
-0.194693
-0.178359
-0.162361
-0.146614
-0.131034
-0.115541
-0.100059
-0.0845106
-0.0688198
-0.0529127
-0.0367148
-0.0201512
-0.00314552
0.01438
0.0325049
0.051311
0.0708832
0.0913094
0.112681
0.135093
0.158645
0.183441
0.209586
0.237192
0.266371
0.297238
0.329905
0.364479
0.40106
0.439731
0.480552
0.523549
0.568702
0.615926
0.665046
0.715776
0.767682
0.820144
0.872318
0.92309
0.971047
1.01445
1.05122
1.07899
1.09521
1.09778
1.08471
1.04897
0.986579
-0.957874
-1.0231
-1.05889
-1.06975
-1.06386
-1.04404
-1.01309
-0.974093
-0.92978
-0.882373
-0.833631
-0.784884
-0.737098
-0.690933
-0.646814
-0.604983
-0.565549
-0.528521
-0.493843
-0.461408
-0.431086
-0.402727
-0.376174
-0.351267
-0.327849
-0.30577
-0.284882
-0.265047
-0.246135
-0.228023
-0.210594
-0.193737
-0.177349
-0.161334
-0.145598
-0.130052
-0.114612
-0.0991953
-0.0837202
-0.0681076
-0.0522793
-0.0361568
-0.0196608
-0.00271088
0.0147755
0.0328827
0.0516984
0.071314
0.0918252
0.113332
0.13594
0.15976
0.184911
0.211517
0.239708
0.269622
0.301401
0.335192
0.371141
0.409393
0.450087
0.493344
0.539259
0.587891
0.639236
0.693209
0.74961
0.808079
0.868052
0.928702
0.988872
1.04701
1.10112
1.14871
1.1868
1.21204
1.22141
1.21192
1.17468
1.10477
-1.07621
-1.15099
-1.18842
-1.19449
-1.18002
-1.14926
-1.10622
-1.05496
-0.99886
-0.94057
-0.882056
-0.824724
-0.769517
-0.717023
-0.667562
-0.621262
-0.578116
-0.538025
-0.500834
-0.466352
-0.434372
-0.404681
-0.377067
-0.351324
-0.327258
-0.304684
-0.283429
-0.263333
-0.244246
-0.226031
-0.208557
-0.191703
-0.175358
-0.159416
-0.143778
-0.12835
-0.113042
-0.097768
-0.0824423
-0.0669823
-0.0513064
-0.0353326
-0.0189782
-0.0021593
0.0152105
0.0332202
0.0519624
0.0715347
0.0920393
0.113584
0.136286
0.160266
0.185657
0.212601
0.241248
0.27176
0.30431
0.339078
0.376256
0.416039
0.458625
0.504208
0.552967
0.605056
0.66058
0.719575
0.781964
0.847515
0.915778
0.986004
1.05706
1.12731
1.19452
1.25577
1.30736
1.3449
1.36412
1.3605
1.32242
1.24342
-1.218
-1.30438
-1.34225
-1.34017
-1.31292
-1.26695
-1.20788
-1.14098
-1.0704
-0.999163
-0.929367
-0.862399
-0.799087
-0.739857
-0.684852
-0.634029
-0.587217
-0.544179
-0.504633
-0.468285
-0.434842
-0.404016
-0.375534
-0.349143
-0.324606
-0.301705
-0.280241
-0.26003
-0.240907
-0.222717
-0.205317
-0.188579
-0.17238
-0.156611
-0.141165
-0.125944
-0.110854
-0.0958044
-0.0807081
-0.0654791
-0.0500328
-0.034285
-0.0181504
-0.00154215
0.0156292
0.0334565
0.0520366
0.071472
0.0918708
0.113349
0.13603
0.160048
0.185549
0.21269
0.241641
0.272589
0.305735
0.341298
0.379512
0.420628
0.464911
0.512635
0.564075
0.619501
0.679154
0.743223
0.811807
0.884863
0.962129
1.04303
1.12656
1.2111
1.29427
1.37275
1.44202
1.49642
1.52999
1.53589
1.49842
1.40845
-1.39137
-1.49165
-1.52735
-1.51157
-1.46527
-1.39811
-1.31785
-1.23117
-1.14296
-1.05652
-0.973921
-0.89636
-0.824406
-0.758204
-0.697628
-0.642388
-0.592107
-0.546365
-0.504734
-0.466798
-0.432164
-0.400466
-0.371366
-0.344558
-0.319765
-0.296736
-0.275246
-0.25509
-0.236083
-0.21806
-0.200868
-0.184366
-0.168429
-0.152938
-0.137784
-0.122864
-0.108081
-0.0933431
-0.0785598
-0.0636433
-0.0485075
-0.0330664
-0.0172332
-0.000918973
0.0159682
0.0335238
0.051848
0.0710468
0.0912336
0.11253
0.135068
0.15899
0.184455
0.211633
0.240714
0.271906
0.305441
0.341573
0.38058
0.422771
0.468481
0.518069
0.571922
0.630439
0.694023
0.763058
0.837871
0.91868
1.00551
1.0981
1.1957
1.2969
1.39936
1.49944
1.59185
1.66945
1.72402
1.7454
1.71151
1.60851
-1.60887
-1.72502
-1.75309
-1.71448
-1.63975
-1.54313
-1.435
-1.32355
-1.21423
-1.11029
-1.01351
-0.924631
-0.843766
-0.770623
-0.704694
-0.645366
-0.591997
-0.543952
-0.500636
-0.461495
-0.426031
-0.393793
-0.36438
-0.337434
-0.312638
-0.28971
-0.2684
-0.248485
-0.229767
-0.212066
-0.195222
-0.179089
-0.163533
-0.148432
-0.133674
-0.119154
-0.104772
-0.0904346
-0.0760505
-0.0615309
-0.0467889
-0.031738
-0.0162904
-0.000356125
0.0161579
0.0333489
0.0513188
0.0701765
0.0900387
0.111032
0.133293
0.156975
0.182242
0.20928
0.238294
0.269513
0.303194
0.339625
0.37913
0.42207
0.468852
0.519928
0.575796
0.637004
0.704139
0.777814
0.858641
0.947184
1.04388
1.14891
1.26205
1.38233
1.50774
1.63467
1.75725
1.86675
1.95222
1.99877
1.97446
1.85682
-1.89075
-2.02267
-2.03198
-1.95547
-1.83837
-1.70101
-1.55668
-1.41475
-1.28069
-1.1572
-1.04524
-0.944767
-0.855153
-0.775487
-0.704753
-0.64194
-0.586089
-0.536325
-0.491866
-0.452018
-0.416174
-0.383801
-0.354436
-0.327673
-0.303161
-0.28059
-0.259689
-0.24022
-0.221973
-0.204762
-0.188417
-0.172789
-0.157739
-0.143145
-0.128891
-0.114871
-0.100985
-0.0871394
-0.0732425
-0.0592058
-0.0449427
-0.030367
-0.0153908
7.55408e-05
0.0161253
0.0328558
0.05037
0.0687778
0.0881979
0.108759
0.130604
0.153888
0.178785
0.205489
0.234218
0.265219
0.29877
0.33519
0.374841
0.418136
0.465549
0.517621
0.574967
0.638286
0.708367
0.78608
0.872374
0.96824
1.07465
1.19245
1.32218
1.46372
1.61589
1.77569
1.93718
2.09043
2.22143
2.30898
2.30618
2.17464
-2.27174
-2.41213
-2.3802
-2.24103
-2.06117
-1.8682
-1.67775
-1.49931
-1.33729
-1.19285
-1.06549
-0.953855
-0.856278
-0.771025
-0.696455
-0.631089
-0.57362
-0.522918
-0.478012
-0.43807
-0.402384
-0.370347
-0.341443
-0.315225
-0.291314
-0.269378
-0.249132
-0.230328
-0.212747
-0.196198
-0.180509
-0.165526
-0.151111
-0.137141
-0.1235
-0.110082
-0.0967885
-0.0835265
-0.0702055
-0.0567383
-0.0430397
-0.0290245
-0.0146063
0.000303224
0.0157962
0.031969
0.0489238
0.0667701
0.0856267
0.105623
0.126904
0.149626
0.173968
0.200131
0.22834
0.258854
0.291969
0.328027
0.367421
0.410609
0.458123
0.510583
0.568716
0.633368
0.70553
0.786347
0.877137
0.979388
1.09473
1.22489
1.37148
1.53577
1.71812
1.91709
2.1279
2.34045
2.53828
2.6927
2.73517
2.59826
-2.81471
-2.93515
-2.81673
-2.57474
-2.30334
-2.03625
-1.78901
-1.56879
-1.37687
-1.21152
-1.06981
-0.948529
-0.844631
-0.755388
-0.678451
-0.611838
-0.553893
-0.503239
-0.458732
-0.419422
-0.384514
-0.353347
-0.32536
-0.300082
-0.277113
-0.256109
-0.236778
-0.218865
-0.202151
-0.186442
-0.171567
-0.157373
-0.143723
-0.130495
-0.117576
-0.104862
-0.0922571
-0.0796701
-0.0670133
-0.0542018
-0.0411528
-0.0277833
-0.0140098
0.000253845
0.0150972
0.0306142
0.0469046
0.0640759
0.0822451
0.10154
0.122104
0.144094
0.167688
0.19309
0.220528
0.250268
0.282615
0.317925
0.356614
0.399169
0.446167
0.498294
0.556367
0.621364
0.694459
0.777063
0.870868
0.977893
1.10052
1.24151
1.40394
1.591
1.80558
2.04928
2.32055
2.61172
2.90636
3.16937
3.30441
3.19308
-3.63402
-3.65219
-3.35959
-2.95238
-2.55116
-2.18919
-1.87584
-1.61116
-1.39018
-1.20632
-1.05322
-0.925242
-0.817725
-0.726853
-0.649559
-0.583391
-0.526382
-0.476951
-0.433824
-0.395963
-0.362521
-0.3328
-0.30622
-0.282298
-0.260627
-0.240862
-0.22271
-0.205921
-0.190275
-0.175585
-0.161683
-0.148419
-0.135662
-0.123293
-0.111203
-0.0992932
-0.0874707
-0.0756484
-0.0637421
-0.0516706
-0.0393545
-0.0267145
-0.0136706
-0.000140746
0.0139608
0.0287245
0.0442462
0.0606291
0.0779862
0.096442
0.116134
0.137218
0.159868
0.184283
0.210691
0.239357
0.270585
0.304736
0.342233
0.383579
0.429377
0.48035
0.537377
0.601532
0.674134
0.756812
0.851592
0.960996
1.08817
1.237
1.41228
1.61971
1.86576
2.15704
2.49851
2.8899
3.32116
3.75725
4.07548
4.07686
-4.93609
-4.64274
-4.01859
-3.35791
-2.78047
-2.30359
-1.91929
-1.61251
-1.36755
-1.17084
-1.0116
-0.881464
-0.774081
-0.684628
-0.609433
-0.545679
-0.49119
-0.444262
-0.403552
-0.367989
-0.336709
-0.309012
-0.28432
-0.262158
-0.242127
-0.223892
-0.20717
-0.191719
-0.17733
-0.163822
-0.151037
-0.138832
-0.127083
-0.115678
-0.104514
-0.0934967
-0.0825401
-0.0715619
-0.0604827
-0.0492258
-0.0377164
-0.0258803
-0.0136423
-0.000925
0.0123522
0.0262742
0.0409316
0.0564224
0.0728529
0.0903412
0.109019
0.129034
0.150553
0.173768
0.198897
0.226197
0.255964
0.28855
0.324371
0.363927
0.407818
0.456777
0.511704
0.573715
0.644208
0.72495
0.818201
0.926873
1.05476
1.20682
1.3896
1.61166
1.88406
2.22062
2.6374
3.14986
3.76581
4.4658
5.12841
5.45953
-7.18042
-6.00645
-4.75563
-3.73293
-2.9384
-2.33852
-1.89097
-1.55453
-1.29772
-1.09843
-0.941209
-0.815214
-0.712782
-0.628421
-0.558135
-0.498964
-0.44868
-0.405579
-0.368336
-0.335911
-0.307474
-0.282356
-0.26001
-0.239987
-0.221914
-0.205477
-0.190413
-0.176495
-0.163531
-0.151353
-0.139813
-0.128782
-0.118143
-0.107793
-0.0976381
-0.0875915
-0.0775735
-0.0675079
-0.0573216
-0.0469439
-0.0363058
-0.0253384
-0.0139727
-0.0021377
0.0102415
0.0232435
0.0369515
0.0514562
0.0668565
0.0832615
0.100794
0.11959
0.139807
0.161621
0.185239
0.210898
0.238879
0.269511
0.303188
0.340382
0.381667
0.427747
0.479492
0.537994
0.60464
0.681212
0.770036
0.874193
0.997833
1.14664
1.32854
1.55469
1.841
2.21015
2.69444
3.3364
4.17949
5.25559
6.56472
7.80632
-11.5625
-7.80494
-5.29538
-3.82245
-2.84446
-2.17528
-1.71471
-1.38818
-1.14837
-0.96692
-0.826153
-0.714578
-0.624523
-0.550717
-0.489433
-0.437968
-0.394314
-0.356952
-0.324708
-0.296665
-0.272093
-0.250403
-0.231117
-0.213839
-0.198243
-0.184053
-0.171037
-0.158996
-0.147761
-0.137185
-0.127136
-0.117499
-0.108174
-0.0990675
-0.0900972
-0.0811857
-0.0722625
-0.0632602
-0.054113
-0.0447577
-0.0351333
-0.0251785
-0.0148312
-0.00402828
0.00729682
0.0192144
0.0317992
0.0451313
0.0592992
0.0744004
0.0905439
0.107852
0.126463
0.146536
0.168251
0.191823
0.217496
0.245565
0.276377
0.310351
0.347994
0.389931
0.436934
0.489977
0.550301
0.619511
0.699723
0.793779
0.905585
1.04064
1.20692
1.41633
1.68714
2.04853
2.54903
3.26573
4.30313
5.84937
8.44907
12.3173
-18.9721
-9.55848
-5.0704
-3.24979
-2.28704
-1.70323
-1.33275
-1.08196
-0.901023
-0.764434
-0.65799
-0.573032
-0.503956
-0.446958
-0.39935
-0.359171
-0.324948
-0.295559
-0.270125
-0.247952
-0.228484
-0.211268
-0.195932
-0.182165
-0.16971
-0.158348
-0.147894
-0.138187
-0.12909
-0.120484
-0.112261
-0.104328
-0.0966005
-0.0890025
-0.081465
-0.0739242
-0.0663208
-0.0585979
-0.0507005
-0.0425755
-0.0341709
-0.0254352
-0.0163163
-0.00676039
0.00328897
0.0138909
0.0251083
0.0370091
0.0496672
0.0631645
0.0775924
0.0930524
0.10966
0.127545
0.146857
0.167769
0.190483
0.215234
0.242302
0.272019
0.304787
0.341095
0.381546
0.426891
0.478078
0.536324
0.603221
0.680886
0.772212
0.881274
1.01403
1.17962
1.39289
1.68012
2.09214
2.72584
3.75651
5.67303
10.2786
19.8156
)
;

boundaryField
{
    movingWall
    {
        type            zeroGradient;
    }
    fixedWalls
    {
        type            zeroGradient;
    }
    frontAndBack
    {
        type            empty;
    }
}


// ************************************************************************* //
