/*--------------------------------*- C++ -*----------------------------------*\
  =========                 |
  \\      /  F ield         | OpenFOAM: The Open Source CFD Toolbox
   \\    /   O peration     | Website:  https://openfoam.org
    \\  /    A nd           | Version:  7
     \\/     M anipulation  |
\*---------------------------------------------------------------------------*/
FoamFile
{
    version     2.0;
    format      ascii;
    class       volScalarField;
    location    "0.2";
    object      p;
}
// * * * * * * * * * * * * * * * * * * * * * * * * * * * * * * * * * * * * * //

dimensions      [0 2 -2 0 0 0 0];

internalField   nonuniform List<scalar> 
6400
(
3.64385e-08
1.14079e-05
-0.000496117
-0.00152913
-0.00297105
-0.00471176
-0.00665113
-0.00869971
-0.0107803
-0.0128277
-0.0147867
-0.0166111
-0.0182627
-0.0197098
-0.0209265
-0.0218921
-0.0225906
-0.0230096
-0.0231407
-0.0229784
-0.0225205
-0.0217668
-0.0207199
-0.0193843
-0.0177665
-0.0158746
-0.0137186
-0.0113098
-0.00866068
-0.00578527
-0.00269853
0.000583512
0.00404384
0.0076646
0.0114272
0.0153121
0.0192996
0.0233688
0.0274988
0.0316681
0.0358549
0.0400372
0.0441925
0.0482988
0.0523337
0.0562751
0.0601014
0.063791
0.0673231
0.0706774
0.0738345
0.0767759
0.0794844
0.0819436
0.0841391
0.0860578
0.0876885
0.0890221
0.0900514
0.090772
0.091182
0.0912822
0.0910766
0.0905727
0.0897815
0.088718
0.0874015
0.0858561
0.0841112
0.082202
0.0801703
0.078065
0.0759438
0.0738735
0.0719317
0.0702067
0.0687955
0.0678024
0.067334
0.0673708
-1.07266e-05
1.48816e-06
-0.000452753
-0.00133618
-0.00254966
-0.00401403
-0.00565347
-0.00739577
-0.00917572
-0.0109361
-0.0126274
-0.014207
-0.0156388
-0.0168927
-0.0179435
-0.0187709
-0.0193587
-0.0196944
-0.0197689
-0.0195761
-0.0191128
-0.0183782
-0.0173736
-0.0161027
-0.0145709
-0.0127853
-0.0107545
-0.00848879
-0.00599961
-0.00329966
-0.000402733
0.00267632
0.00592173
0.00931689
0.0128444
0.0164863
0.0202237
0.0240375
0.0279079
0.0318147
0.0357376
0.0396558
0.0435486
0.0473951
0.0511745
0.0548664
0.0584503
0.0619063
0.0652151
0.068358
0.0713169
0.0740751
0.0766166
0.0789266
0.0809921
0.0828013
0.0843443
0.0856133
0.0866023
0.0873078
0.0877289
0.0878672
0.0877274
0.0873174
0.0866484
0.0857354
0.0845973
0.0832575
0.0817441
0.0800903
0.0783349
0.0765229
0.0747057
0.0729418
0.0712964
0.0698408
0.0686482
0.0677933
0.0673695
0.0674074
0.00049624
0.000457326
3.08291e-06
-0.000812827
-0.0019032
-0.00320467
-0.00465614
-0.00619761
-0.00777352
-0.00933392
-0.0108345
-0.0122366
-0.0135069
-0.0146172
-0.0155435
-0.0162664
-0.01677
-0.0170419
-0.0170729
-0.0168567
-0.0163896
-0.0156702
-0.0146995
-0.0134801
-0.0120167
-0.0103157
-0.00838486
-0.00623351
-0.00387221
-0.00131268
0.00143223
0.00434863
0.00742176
0.010636
0.0139751
0.017422
0.020959
0.0245679
0.0282301
0.0319267
0.0356383
0.0393453
0.0430281
0.0466671
0.0502426
0.0537354
0.0571262
0.0603963
0.0635277
0.0665027
0.0693046
0.0719176
0.074327
0.0765192
0.078482
0.0802049
0.0816789
0.0828969
0.083854
0.0845472
0.0849763
0.0851433
0.0850532
0.0847141
0.084137
0.0833365
0.082331
0.0811427
0.0797981
0.0783282
0.0767688
0.0751606
0.0735495
0.0719865
0.0705274
0.0692315
0.068158
0.0673671
0.0669443
0.0669407
0.00152949
0.00134367
0.000819722
5.24053e-07
-0.00104724
-0.00226996
-0.00361591
-0.00503443
-0.00647801
-0.00790307
-0.00927048
-0.0105455
-0.0116979
-0.0127016
-0.0135344
-0.0141779
-0.0146171
-0.0148401
-0.0148378
-0.0146041
-0.0141351
-0.0134291
-0.0124866
-0.0113101
-0.00990343
-0.00827247
-0.00642439
-0.00436779
-0.00211249
0.000330544
0.00294924
0.00573055
0.00866055
0.0117245
0.014907
0.0181919
0.0215623
0.0250012
0.0284907
0.0320129
0.0355493
0.0390813
0.0425904
0.0460578
0.049465
0.0527935
0.0560252
0.0591424
0.0621279
0.0649652
0.0676384
0.0701326
0.072434
0.0745299
0.0764091
0.0780616
0.0794792
0.0806554
0.0815859
0.0822682
0.0827023
0.0828905
0.0828379
0.0825523
0.0820444
0.0813282
0.080421
0.0793438
0.0781213
0.076782
0.0753585
0.0738874
0.0724096
0.0709696
0.0696156
0.0683978
0.0673667
0.0665739
0.0660874
0.0659509
0.00297809
0.0025659
0.00191414
0.00104214
-1.302e-05
-0.00120641
-0.0024942
-0.00383414
-0.00518602
-0.00651239
-0.0077791
-0.00895545
-0.0100144
-0.0109322
-0.0116888
-0.0122671
-0.0126531
-0.0128357
-0.0128063
-0.0125589
-0.0120896
-0.0113969
-0.0104809
-0.00934369
-0.00798891
-0.00642182
-0.00464909
-0.00267868
-0.000519779
0.00181728
0.00432116
0.00697954
0.00977933
0.0127066
0.0157466
0.0188841
0.0221031
0.0253874
0.02872
0.0320838
0.0354612
0.0388346
0.0421862
0.0454983
0.0487532
0.0519333
0.0550214
0.0580007
0.0608549
0.0635682
0.0661257
0.0685133
0.0707178
0.0727275
0.0745315
0.0761207
0.0774875
0.0786259
0.0795319
0.0802032
0.0806401
0.080845
0.0808227
0.0805806
0.0801292
0.0794814
0.0786534
0.0776648
0.0765381
0.0752992
0.0739777
0.072606
0.0712201
0.0698587
0.0685627
0.0673745
0.0663374
0.065495
0.0648885
0.0645399
0.00473976
0.00405092
0.00322828
0.00226322
0.00115936
-4.61428e-05
-0.00131616
-0.00261596
-0.00391204
-0.00517258
-0.00636818
-0.00747211
-0.00846046
-0.00931224
-0.0100092
-0.0105361
-0.0108799
-0.0110306
-0.0109801
-0.010723
-0.0102555
-0.0095761
-0.00868489
-0.00758375
-0.00627607
-0.00476674
-0.00306198
-0.00116925
0.000902816
0.00314446
0.00554499
0.00809278
0.0107754
0.0135796
0.0164914
0.0194964
0.0225794
0.0257247
0.0289164
0.032138
0.0353729
0.0386042
0.0418149
0.0449881
0.0481069
0.0511545
0.0541147
0.0569712
0.0597085
0.0623118
0.0647665
0.0670595
0.0691782
0.0711114
0.0728489
0.074382
0.0757035
0.0768078
0.0776911
0.0783514
0.0787889
0.0790059
0.0790068
0.0787989
0.0783915
0.077797
0.0770301
0.0761087
0.0750532
0.0738872
0.0726366
0.0713305
0.0699999
0.0686781
0.0673998
0.0662003
0.0651165
0.064185
0.0634157
0.0628043
0.00672371
0.00573015
0.00470695
0.00361728
0.00243088
0.00117831
-0.000108719
-0.00140217
-0.00267452
-0.00389906
-0.00505079
-0.00610678
-0.00704624
-0.00785075
-0.0085042
-0.0089929
-0.00930545
-0.00943258
-0.00936722
-0.00910425
-0.00864048
-0.00797444
-0.00710635
-0.006038
-0.00477261
-0.0033148
-0.00167048
0.000153318
0.00214838
0.00430549
0.00661449
0.00906436
0.0116432
0.0143386
0.0171371
0.0200249
0.0229876
0.0260103
0.0290776
0.0321739
0.0352832
0.0383893
0.0414761
0.0445273
0.0475267
0.0504584
0.0533065
0.0560558
0.0586913
0.0611985
0.0635639
0.0657747
0.0678189
0.0696856
0.0713653
0.0728495
0.0741313
0.0752054
0.0760681
0.0767174
0.0771534
0.0773781
0.0773956
0.0772125
0.0768375
0.0762816
0.0755584
0.074684
0.0736768
0.0725577
0.0713498
0.0700782
0.0687701
0.0674537
0.066158
0.0649121
0.0637479
0.0626961
0.061734
0.0608305
0.00885085
0.00753924
0.00629652
0.00505915
0.00376416
0.00243684
0.00110457
-0.000210472
-0.00148603
-0.00269998
-0.00383142
-0.00486083
-0.00577048
-0.00654445
-0.00716877
-0.00763146
-0.00792249
-0.00803378
-0.00795911
-0.007694
-0.00723573
-0.00658314
-0.00573659
-0.00469793
-0.00347031
-0.00205818
-0.00046718
0.00129593
0.00322332
0.0053062
0.00753489
0.00989889
0.0123869
0.0149868
0.017686
0.0204713
0.0233288
0.0262443
0.029203
0.03219
0.0351898
0.0381871
0.0411662
0.0441115
0.0470075
0.0498388
0.0525902
0.0552469
0.0577946
0.0602194
0.0625081
0.0646484
0.0666287
0.0684386
0.0700687
0.071511
0.0727586
0.0738063
0.0746504
0.0752889
0.0757216
0.0759502
0.0759783
0.0758118
0.0754584
0.0749282
0.0742333
0.073388
0.0724089
0.0713142
0.0701242
0.0688609
0.0675474
0.0662078
0.064866
0.0635457
0.0622749
0.0610792
0.0599047
0.0586947
0.0110544
0.00942088
0.0079476
0.00654637
0.00512337
0.00369985
0.00229978
0.000940395
-0.000360665
-0.00158544
-0.00271659
-0.00373786
-0.0046343
-0.00539239
-0.0060003
-0.00644769
-0.00672598
-0.0068283
-0.00674933
-0.00648534
-0.00603413
-0.00539493
-0.00456837
-0.00355642
-0.00236225
-0.000990194
0.000554243
0.0022645
0.00413309
0.00615158
0.00831065
0.0106002
0.0130095
0.0155269
0.0181403
0.020837
0.0236037
0.0264268
0.0292919
0.0321848
0.0350906
0.0379945
0.0408813
0.0437361
0.0465438
0.0492896
0.0519588
0.0545371
0.0570105
0.0593657
0.0615898
0.0636709
0.0655976
0.0673599
0.0689485
0.0703555
0.0715742
0.0725993
0.0734271
0.0740552
0.0744833
0.0747126
0.0747461
0.0745889
0.0742479
0.073732
0.0730518
0.0722201
0.0712514
0.0701617
0.0689687
0.0676913
0.0663493
0.0649629
0.0635518
0.0621351
0.0607375
0.0593812
0.0579826
0.0564612
0.0132787
0.0113251
0.00961582
0.00803991
0.00647476
0.00493859
0.00345292
0.00203082
0.000685859
-0.000567594
-0.00171539
-0.00274424
-0.00364178
-0.0043968
-0.00499935
-0.00544084
-0.00571413
-0.00581349
-0.0057346
-0.00547449
-0.00503156
-0.00440552
-0.00359731
-0.00260907
-0.00144408
-0.000106687
0.00139771
0.00306272
0.00488108
0.00684462
0.00894437
0.0111706
0.0135129
0.0159602
0.0185007
0.0211223
0.0238121
0.0265568
0.029343
0.0321565
0.0349831
0.0378085
0.040618
0.0433971
0.0461311
0.0488058
0.0514068
0.0539202
0.0563325
0.0586304
0.0608017
0.0628344
0.0647175
0.0664411
0.0679961
0.0693745
0.0705696
0.071576
0.0723899
0.0730085
0.0734312
0.0736587
0.0736933
0.0735393
0.0732027
0.0726911
0.0720139
0.0711823
0.0702088
0.0691076
0.0678937
0.0665834
0.0651936
0.0637412
0.0622422
0.0607118
0.0591726
0.0576441
0.0560152
0.0541831
0.015477
0.0132086
0.0112616
0.00950418
0.00778683
0.00612572
0.00454062
0.00304107
0.00163723
0.000340408
-0.000838214
-0.00188794
-0.00279876
-0.00356161
-0.00416835
-0.00461206
-0.00488698
-0.00498853
-0.00491338
-0.00465939
-0.00422558
-0.00361218
-0.0028205
-0.00185292
-0.000712879
0.000595224
0.002066
0.00369317
0.00546961
0.00738739
0.0094378
0.0116114
0.0138982
0.0162872
0.0187674
0.0213268
0.0239531
0.0266334
0.0293545
0.0321029
0.0348647
0.037626
0.0403726
0.0430902
0.0457649
0.0483823
0.0509287
0.0533904
0.0557542
0.0580071
0.0601368
0.0621318
0.0639812
0.0656749
0.0672041
0.0685605
0.0697375
0.0707295
0.0715322
0.0721427
0.0725598
0.0727836
0.0728159
0.07266
0.072321
0.0718053
0.0711212
0.0702782
0.0692872
0.0681602
0.0669105
0.0655517
0.0640981
0.062564
0.0609623
0.0593049
0.0576133
0.0559049
0.054043
0.0519047
0.0176098
0.0150335
0.0128497
0.0109069
0.00903046
0.00723538
0.00554026
0.00395167
0.00247694
0.00112472
-9.6412e-05
-0.00117806
-0.00211239
-0.00289224
-0.00351124
-0.003964
-0.0042461
-0.00435409
-0.00428564
-0.00403942
-0.00361512
-0.00301351
-0.0022363
-0.00128618
-0.000166786
0.00111736
0.00256085
0.00415744
0.00590012
0.00778112
0.00979193
0.0119233
0.0141655
0.0165081
0.0189401
0.02145
0.0240257
0.0266549
0.0293246
0.0320216
0.0347326
0.0374438
0.0401415
0.0428117
0.0454406
0.0480144
0.0505195
0.0529424
0.05527
0.0574896
0.0595891
0.0615569
0.0633821
0.0650549
0.066566
0.0679073
0.0690719
0.0700538
0.0708485
0.0714527
0.0718646
0.0720838
0.0721112
0.0719495
0.0716026
0.071076
0.0703766
0.0695125
0.0684932
0.0673288
0.0660307
0.0646105
0.0630802
0.0614518
0.0597356
0.0579412
0.0560891
0.0541959
0.0521009
0.0496623
0.0196439
0.0167673
0.0143489
0.0122187
0.0101788
0.00824328
0.00643014
0.00474357
0.00318845
0.0017711
0.000497974
-0.000624653
-0.00159091
-0.00239535
-0.00303327
-0.0035007
-0.00379447
-0.00391228
-0.00385274
-0.00361534
-0.00320046
-0.00260939
-0.00184433
-0.000908269
0.000194901
0.00146047
0.002883
0.00445622
0.00617318
0.0080262
0.0100069
0.0121063
0.0143148
0.0166223
0.0190179
0.0214906
0.0240284
0.0266194
0.029251
0.0319102
0.0345839
0.0372587
0.0399211
0.0425575
0.0451542
0.0476976
0.0501743
0.0525709
0.0548746
0.0570726
0.0591529
0.061104
0.0629148
0.0645754
0.0660765
0.0674096
0.0685676
0.0695443
0.0703347
0.070935
0.0713428
0.0715571
0.0715781
0.0714076
0.0710486
0.0705056
0.0697841
0.0688912
0.0678345
0.0666231
0.0652663
0.063774
0.0621565
0.0604237
0.058584
0.0566449
0.0546267
0.0525458
0.0502188
0.0474864
0.0215505
0.0183812
0.0157312
0.0134133
0.0112072
0.00912666
0.00718959
0.00539818
0.00375523
0.0022651
0.000932379
-0.000238542
-0.00124348
-0.00207866
-0.00274085
-0.00322739
-0.00353634
-0.00366648
-0.00361732
-0.00338917
-0.00298309
-0.00240094
-0.00164537
-0.000719748
0.000371768
0.00162428
0.0030322
0.00458925
0.00628845
0.00812218
0.0100822
0.0121596
0.014345
0.0166285
0.0189994
0.0214468
0.0239593
0.0265248
0.0291311
0.0317657
0.0344154
0.0370672
0.0397078
0.0423236
0.0449014
0.0474274
0.0498885
0.0522714
0.0545632
0.0567512
0.0588234
0.0607681
0.0625743
0.0642317
0.0657308
0.0670631
0.0682208
0.0691975
0.0699877
0.070587
0.0709926
0.0712026
0.0712166
0.0710354
0.0706613
0.0700976
0.0693488
0.0684206
0.0673196
0.0660531
0.0646293
0.0630564
0.0613432
0.0594981
0.0575277
0.0554381
0.0532499
0.0509796
0.0484225
0.0454024
0.0233049
0.0198498
0.0169717
0.0144665
0.0120926
0.00986408
0.00779881
0.00589741
0.00416093
0.00259209
0.00119382
-3.11333e-05
-0.0010801
-0.00195083
-0.00264141
-0.00315043
-0.0034771
-0.00362123
-0.0035832
-0.0033641
-0.00296569
-0.00239038
-0.00164129
-0.000722203
0.000362433
0.00160751
0.00300728
0.00455537
0.00624477
0.00806786
0.0100165
0.0120818
0.0142546
0.016525
0.0188826
0.0213166
0.0238158
0.0263684
0.0289623
0.0315851
0.0342239
0.0368659
0.0394978
0.0421063
0.0446781
0.0471997
0.0496579
0.0520394
0.0543313
0.0565209
0.0585961
0.0605449
0.0623563
0.0640197
0.0655252
0.0668641
0.0680282
0.0690106
0.0698053
0.0704073
0.0708132
0.0710203
0.0710276
0.0708351
0.0704439
0.0698565
0.0690764
0.0681081
0.0669571
0.0656294
0.0641318
0.0624716
0.060656
0.0586922
0.0565856
0.0543412
0.0519802
0.0495194
0.0467342
0.0434321
0.0248849
0.0211505
0.0180476
0.015356
0.0128137
0.0104352
0.00823874
0.00622359
0.00438934
0.00273731
0.00126895
-1.43709e-05
-0.00111145
-0.00202131
-0.00274328
-0.00327715
-0.0036232
-0.00378215
-0.00375527
-0.00354441
-0.00315199
-0.00258099
-0.00183501
-0.000918242
0.000164544
0.00140799
0.00280617
0.00435261
0.00604019
0.00786128
0.00980773
0.0118708
0.0140413
0.0163095
0.0186651
0.0210974
0.0235954
0.0261473
0.0287413
0.0313651
0.034006
0.0366511
0.0392874
0.0419016
0.0444804
0.0470103
0.0494782
0.0518706
0.0541747
0.0563775
0.0584668
0.0604304
0.0622571
0.0639358
0.0654566
0.06681
0.0679877
0.0689819
0.0697863
0.0703954
0.0708048
0.0710114
0.0710133
0.0708095
0.0704005
0.0697876
0.0689735
0.0679616
0.0667562
0.0653625
0.0637861
0.0620332
0.0601098
0.0580224
0.0557754
0.0533729
0.0508368
0.0481851
0.0451735
0.041594
0.0262707
0.0222625
0.0189379
0.0160611
0.0133504
0.0108207
0.00849104
0.00635949
0.00442443
0.00268593
0.00114419
-0.000200688
-0.00134878
-0.00230025
-0.00305562
-0.00361579
-0.00398195
-0.00415579
-0.00413941
-0.00393536
-0.00354671
-0.00297702
-0.00223039
-0.00131142
-0.000225202
0.00102265
0.00242598
0.00397816
0.00567197
0.00749975
0.0094533
0.0115239
0.0137024
0.0159791
0.0183439
0.0207861
0.0232947
0.0258582
0.0284648
0.0311022
0.0337579
0.0364191
0.0390727
0.0417055
0.0443041
0.0468552
0.0493453
0.0517611
0.0540894
0.0563172
0.0584319
0.0604213
0.0622735
0.0639774
0.0655224
0.0668987
0.0680974
0.0691104
0.0699305
0.0705516
0.0709686
0.0711778
0.0711763
0.0709625
0.0705359
0.0698969
0.0690472
0.0679893
0.0667267
0.0652635
0.0636044
0.0617546
0.0597195
0.0575046
0.0551137
0.0525504
0.0498376
0.0469945
0.0437578
0.0399045
0.0274442
0.0231668
0.0196233
0.0165624
0.0136834
0.0110021
0.00853796
0.00628827
0.00425031
0.00242309
0.000805717
-0.000602862
-0.00180381
-0.00279842
-0.0035883
-0.00417529
-0.00456154
-0.0047496
-0.00474236
-0.00454307
-0.00415546
-0.00358364
-0.00283219
-0.00190613
-0.000810905
0.000447602
0.001863
0.00342846
0.00513668
0.00697988
0.00894982
0.0110378
0.0132346
0.0155305
0.0179156
0.0203791
0.0229102
0.0254974
0.0281289
0.0307925
0.0334758
0.0361658
0.0388496
0.041514
0.0441454
0.0467304
0.0492554
0.051707
0.0540717
0.0563364
0.0584882
0.0605143
0.0624028
0.0641419
0.0657207
0.0671288
0.0683567
0.0693957
0.0702381
0.0708769
0.0713065
0.0715222
0.0715204
0.0712987
0.0708556
0.0701909
0.0693052
0.0682002
0.0668785
0.0653435
0.0635989
0.0616492
0.0594993
0.0571539
0.0546165
0.0518901
0.0489992
0.0459641
0.042503
0.0383781
0.0283885
0.0238455
0.0200852
0.0168414
0.0137947
0.0109615
0.00836221
0.00599333
0.00385118
0.00193385
0.000239495
-0.001234
-0.00248877
-0.00352718
-0.00435178
-0.00496533
-0.00537088
-0.00557179
-0.0055717
-0.00537457
-0.00498472
-0.00440686
-0.00364601
-0.00270762
-0.00159749
-0.000321808
0.00111279
0.00269925
0.00443016
0.00629762
0.0082933
0.0104084
0.0126338
0.0149598
0.0173762
0.0198726
0.022438
0.0250609
0.0277296
0.030432
0.0331555
0.0358873
0.0386142
0.041323
0.0440001
0.0466319
0.0492046
0.0517046
0.0541182
0.056432
0.0586326
0.060707
0.0626427
0.0644276
0.0660501
0.0674994
0.0687652
0.0698383
0.0707101
0.0713732
0.071821
0.072048
0.0720499
0.0718234
0.0713661
0.070677
0.0697559
0.0686038
0.0672223
0.065614
0.0637821
0.0617305
0.0594633
0.0569852
0.054299
0.0514077
0.0483372
0.0451092
0.0414238
0.0370283
0.0290874
0.0242815
0.0203062
0.0168805
0.0136665
0.0106815
0.00794685
0.00545827
0.00321128
0.0012032
-0.000568746
-0.00210755
-0.00341634
-0.0044984
-0.00535715
-0.00599625
-0.0064196
-0.00663131
-0.00663578
-0.00643761
-0.00604175
-0.00545344
-0.0046782
-0.00372187
-0.00259062
-0.00129097
0.000170187
0.0017856
0.00354766
0.00544834
0.00747922
0.00963146
0.0118958
0.0142625
0.0167215
0.0192622
0.0218736
0.0245444
0.0272627
0.0300163
0.0327928
0.0355791
0.0383621
0.0411284
0.0438642
0.0465558
0.0491892
0.0517505
0.0542256
0.0566008
0.0588624
0.0609969
0.0629913
0.0648329
0.0665096
0.06801
0.0693231
0.070439
0.0713484
0.0720429
0.0725154
0.0727594
0.0727698
0.0725425
0.0720742
0.0713631
0.0704083
0.0692098
0.0677687
0.0660868
0.0641668
0.0620118
0.0596258
0.0570131
0.0541762
0.0511183
0.0478667
0.0444446
0.040534
0.0358675
0.0295255
0.0244583
0.0202693
0.0166624
0.0132817
0.0101451
0.00727505
0.0046667
0.00231479
0.000215909
-0.00163355
-0.0032374
-0.00459967
-0.00572448
-0.0066161
-0.00727904
-0.00771801
-0.00793786
-0.00794367
-0.00774072
-0.00733455
-0.00673093
-0.00593583
-0.00495556
-0.00379664
-0.00246593
-0.000970586
0.000681922
0.00248379
0.00442683
0.00650249
0.00870185
0.0110155
0.0134338
0.0159465
0.0185431
0.0212124
0.0239432
0.0267234
0.0295409
0.0323831
0.0352369
0.0380891
0.040926
0.0437337
0.0464983
0.0492055
0.051841
0.0543906
0.05684
0.0591751
0.0613819
0.0634468
0.0653567
0.0670988
0.0686608
0.0700312
0.0711993
0.0721549
0.072889
0.0733935
0.0736611
0.0736858
0.0734626
0.0729876
0.0722579
0.0712719
0.0700289
0.0685292
0.0667741
0.0647657
0.0625067
0.0600008
0.0572521
0.054263
0.0510368
0.0476022
0.0439845
0.0398471
0.034908
0.0296873
0.0243599
0.0199578
0.0161703
0.0126231
0.00933525
0.00633009
0.00360222
0.00114575
-0.00104349
-0.00296981
-0.00463781
-0.00605235
-0.00721833
-0.00814088
-0.00882532
-0.00927708
-0.00950177
-0.00950514
-0.00929312
-0.00887181
-0.00824751
-0.00742669
-0.00641606
-0.00522256
-0.00385337
-0.00231592
-0.00061792
0.0012326
0.00322731
0.00535749
0.00761411
0.00998773
0.0124685
0.0150462
0.0177102
0.0204494
0.0232523
0.0261069
0.029001
0.0319217
0.0348561
0.0377905
0.0407113
0.0436043
0.0464552
0.0492496
0.0519728
0.0546101
0.0571468
0.0595683
0.0618601
0.064008
0.0659982
0.0678172
0.0694522
0.0708907
0.0721211
0.0731326
0.0739152
0.0744598
0.0747585
0.0748042
0.0745911
0.0741143
0.0733704
0.0723567
0.0710719
0.0695156
0.0676885
0.0655922
0.0632291
0.0606027
0.0577169
0.0545742
0.0511779
0.0475585
0.0437429
0.0393763
0.0341617
0.0295578
0.0239702
0.0193551
0.0153872
0.0116738
0.008235
0.00509513
0.0022483
-0.000312061
-0.00259074
-0.00459272
-0.00632343
-0.00778841
-0.0089934
-0.00994433
-0.0106473
-0.0111084
-0.011334
-0.0113306
-0.0111047
-0.0106629
-0.010012
-0.00915918
-0.0081114
-0.00687604
-0.00546061
-0.00387283
-0.00212068
-0.000212405
0.00184347
0.00403809
0.00636229
0.00880651
0.0113608
0.0140149
0.0167581
0.0195791
0.0224663
0.0254079
0.0283912
0.0314035
0.0344316
0.0374616
0.0404798
0.0434716
0.0464226
0.0493178
0.0521423
0.0548809
0.0575184
0.0600397
0.0624297
0.0646736
0.0667568
0.0686651
0.0703849
0.0719029
0.0732067
0.0742845
0.0751253
0.0757193
0.0760574
0.0761319
0.0759357
0.0754634
0.0747103
0.0736733
0.0723502
0.07074
0.0688429
0.0666599
0.0641933
0.0614462
0.0584226
0.055125
0.0515567
0.0477503
0.0437342
0.0391352
0.0336409
0.0291217
0.0232732
0.0184447
0.0142962
0.0104167
0.00682726
0.00355318
0.000588134
-0.00207511
-0.0044419
-0.00651792
-0.00830932
-0.00982237
-0.0110636
-0.0120398
-0.0127577
-0.0132242
-0.0134463
-0.0134311
-0.0131858
-0.0127177
-0.012034
-0.0111423
-0.0100502
-0.00876529
-0.00729551
-0.00564888
-0.00383365
-0.00185828
0.000268508
0.00253769
0.00493995
0.00746562
0.0101047
0.0128466
0.0156807
0.0185956
0.0215797
0.0246208
0.0277063
0.0308233
0.0339584
0.0370976
0.0402267
0.0433312
0.0463961
0.0494061
0.0523459
0.0551998
0.0579521
0.0605871
0.0630891
0.0654425
0.0676321
0.0696428
0.0714601
0.0730699
0.0744589
0.0756142
0.0765241
0.0771775
0.0775645
0.0776763
0.077505
0.0770441
0.0762881
0.0752331
0.0738762
0.0722157
0.0702511
0.0679833
0.0654142
0.0625466
0.0593847
0.0559308
0.0521887
0.0481926
0.0439729
0.0391374
0.0333581
0.0283632
0.0222524
0.0172097
0.0128802
0.00883449
0.00509463
0.00168695
-0.00139539
-0.0041602
-0.00661342
-0.00876143
-0.010611
-0.0121693
-0.0134436
-0.0144412
-0.0151698
-0.015637
-0.0158506
-0.0158182
-0.0155476
-0.0150467
-0.0143234
-0.0133857
-0.0122415
-0.010899
-0.00936643
-0.00765209
-0.00576454
-0.00371246
-0.00150479
0.000849296
0.00334031
0.00595844
0.00869353
0.011535
0.014472
0.0174931
0.0205864
0.0237399
0.0269406
0.0301756
0.0334312
0.0366932
0.0399473
0.0431785
0.0463714
0.0495106
0.0525801
0.0555638
0.0584454
0.0612085
0.0638367
0.0663139
0.0686239
0.0707508
0.0726792
0.074394
0.0758808
0.077126
0.0781165
0.0788405
0.0792868
0.0794455
0.0793079
0.0788665
0.0781148
0.0770481
0.0756626
0.0739561
0.0719277
0.0695775
0.0669073
0.0639199
0.0606193
0.057008
0.0530899
0.0489013
0.0444744
0.0393975
0.0333267
0.0272665
0.0208911
0.0156329
0.0111216
0.00690944
0.00301932
-0.000521323
-0.00371984
-0.00658464
-0.00912228
-0.0113398
-0.0132447
-0.0148448
-0.0161482
-0.0171631
-0.0178977
-0.0183604
-0.0185597
-0.018504
-0.0182017
-0.0176611
-0.0168909
-0.0158994
-0.0146951
-0.0132865
-0.0116822
-0.00989098
-0.00792151
-0.00578281
-0.00348399
-0.00103443
0.00155622
0.00427801
0.00712065
0.0100735
0.0131254
0.016265
0.0194804
0.0227591
0.0260883
0.0294547
0.0328445
0.0362433
0.0396365
0.0430087
0.0463443
0.0496273
0.0528413
0.0559697
0.0589955
0.0619017
0.0646713
0.0672871
0.0697323
0.0719899
0.0740437
0.0758775
0.0774759
0.0788241
0.0799081
0.0807147
0.0812317
0.0814482
0.0813543
0.0809414
0.0802022
0.0791309
0.0777232
0.0759759
0.0738877
0.0714583
0.0686891
0.0655827
0.0621433
0.0583734
0.0542771
0.0498928
0.0452546
0.0399306
0.0335607
0.0258147
0.019172
0.0136964
0.00900241
0.00462332
0.00058308
-0.00308983
-0.00640326
-0.00936625
-0.011986
-0.0142701
-0.0162269
-0.017865
-0.0191932
-0.0202204
-0.0209556
-0.0214081
-0.021587
-0.0215013
-0.0211601
-0.0205725
-0.0197474
-0.0186939
-0.0174209
-0.0159373
-0.0142521
-0.0123743
-0.010313
-0.00807747
-0.00567698
-0.00312112
-0.00041971
0.00241714
0.00537902
0.00845514
0.0116343
0.014905
0.0182552
0.0216723
0.0251433
0.0286548
0.0321927
0.0357425
0.0392891
0.042817
0.0463101
0.049752
0.0531258
0.0564142
0.0595997
0.0626647
0.0655912
0.0683613
0.0709572
0.0733611
0.0755555
0.0775233
0.079248
0.0807135
0.0819046
0.082807
0.0834074
0.0836935
0.0836543
0.0832801
0.0825627
0.0814951
0.0800723
0.0782904
0.0761473
0.0736424
0.0707767
0.0675528
0.0639747
0.060045
0.0557683
0.0511848
0.0463306
0.0407531
0.0340753
0.0239908
0.0170771
0.0113818
0.00650386
0.00195728
-0.00223299
-0.00603742
-0.00946437
-0.0125235
-0.0152227
-0.0175702
-0.0195751
-0.0212468
-0.0225947
-0.0236288
-0.0243588
-0.0247947
-0.0249462
-0.0248232
-0.0244355
-0.0237928
-0.0229045
-0.0217802
-0.0204294
-0.0188614
-0.0170855
-0.0151112
-0.0129479
-0.0106049
-0.0080919
-0.00541865
-0.00259513
0.000368396
0.0034614
0.00667298
0.00999186
0.0134063
0.0169043
0.020473
0.0240994
0.0277698
0.0314699
0.0351851
0.0388999
0.0425984
0.0462643
0.0498805
0.0534298
0.0568941
0.0602555
0.0634954
0.0665951
0.0695359
0.0722989
0.0748653
0.0772165
0.0793343
0.081201
0.0827992
0.0841124
0.0851251
0.0858225
0.0861912
0.086219
0.0858949
0.0852095
0.0841551
0.0827253
0.0809158
0.0787236
0.0761477
0.0731886
0.0698488
0.0661323
0.062042
0.0575823
0.0527959
0.0477205
0.0418824
0.0348869
0.0217764
0.0145878
0.00867014
0.0036066
-0.00110824
-0.00544854
-0.00938371
-0.0129226
-0.0160757
-0.0188512
-0.0212585
-0.0233072
-0.0250074
-0.0263697
-0.0274046
-0.0281228
-0.0285349
-0.0286516
-0.0284835
-0.028041
-0.0273344
-0.0263739
-0.0251695
-0.0237313
-0.022069
-0.0201923
-0.0181111
-0.015835
-0.0133737
-0.010737
-0.00793504
-0.00497782
-0.00187577
0.00136046
0.00471985
0.00819102
0.0117622
0.015421
0.0191549
0.0229503
0.0267937
0.0306704
0.0345655
0.0384635
0.0423479
0.0462021
0.0500085
0.0537494
0.0574061
0.0609599
0.0643916
0.0676816
0.0708102
0.0737576
0.0765037
0.079029
0.0813139
0.0833393
0.0850867
0.0865381
0.0876766
0.0884862
0.0889519
0.0890601
0.0887986
0.0881569
0.087126
0.0856986
0.0838694
0.0816347
0.0789929
0.0759442
0.0724908
0.0686366
0.0643846
0.0597395
0.054746
0.0494441
0.0433374
0.0360134
0.0191527
0.0116845
0.00554133
0.000290393
-0.00459365
-0.00908405
-0.0131491
-0.0167983
-0.0200426
-0.0228913
-0.0253541
-0.0274417
-0.0291651
-0.0305356
-0.0315646
-0.0322637
-0.0326444
-0.0327181
-0.0324962
-0.0319899
-0.0312102
-0.0301678
-0.0288735
-0.0273376
-0.0255706
-0.0235825
-0.0213834
-0.0189835
-0.0163926
-0.0136208
-0.0106784
-0.00757561
-0.00432293
-0.000931172
0.00258857
0.00622481
0.00996566
0.0137988
0.0177113
0.0216897
0.0257202
0.0297881
0.0338781
0.0379744
0.0420603
0.0461187
0.0501317
0.0540807
0.0579468
0.0617103
0.0653514
0.0688494
0.0721838
0.0753336
0.0782777
0.0809952
0.0834653
0.0856675
0.0875818
0.0891889
0.0904702
0.0914082
0.0919865
0.09219
0.0920052
0.09142
0.0904243
0.0890097
0.0871698
0.0849001
0.0821985
0.0790645
0.0755001
0.0715093
0.0670949
0.0622618
0.0570569
0.0515223
0.0451385
0.037474
0.0160997
0.00834665
0.00197442
-0.00346604
-0.00852042
-0.013161
-0.0173549
-0.0211124
-0.0244452
-0.0273633
-0.0298771
-0.0319983
-0.0337387
-0.0351106
-0.0361263
-0.0367983
-0.0371391
-0.0371609
-0.0368759
-0.0362961
-0.0354332
-0.0342987
-0.0329038
-0.0312595
-0.0293768
-0.027266
-0.0249378
-0.0224025
-0.0196704
-0.0167517
-0.0136569
-0.0103963
-0.00698066
-0.00342084
0.000271976
0.00408624
0.00801
0.0120308
0.0161357
0.0203113
0.0245433
0.028817
0.0331171
0.0374272
0.0417304
0.0460093
0.0502454
0.0544197
0.0585126
0.0625038
0.0663724
0.070097
0.073656
0.0770273
0.0801886
0.0831176
0.0857923
0.0881905
0.0902908
0.0920722
0.0935146
0.0945988
0.0953069
0.095622
0.095529
0.0950146
0.0940671
0.0926769
0.0908365
0.0885406
0.085786
0.0825718
0.0788999
0.0747738
0.0701963
0.0651726
0.0597519
0.0539783
0.047308
0.0392902
0.0125965
0.00455258
-0.00205268
-0.00768502
-0.012911
-0.0177018
-0.0220237
-0.0258873
-0.0293054
-0.0322886
-0.0348484
-0.0369971
-0.0387478
-0.0401136
-0.0411078
-0.041744
-0.0420356
-0.0419957
-0.0416375
-0.0409737
-0.0400168
-0.0387791
-0.0372724
-0.0355083
-0.0334982
-0.0312531
-0.0287838
-0.0261012
-0.0232157
-0.0201379
-0.0168783
-0.0134475
-0.00985637
-0.00611575
-0.00223693
0.00176848
0.00588847
0.0101106
0.0144218
0.0188086
0.0232567
0.0277513
0.0322766
0.0368162
0.041353
0.045869
0.0503453
0.0547625
0.0591002
0.0633374
0.0674524
0.0714229
0.0752262
0.078839
0.0822377
0.0853988
0.0882984
0.0909132
0.0932199
0.0951959
0.0968192
0.098069
0.0989254
0.0993699
0.0993858
0.0989578
0.098073
0.0967203
0.0948908
0.0925782
0.0897786
0.0864903
0.0827146
0.0784551
0.0737143
0.0684975
0.0628562
0.0568368
0.0498701
0.041485
0.00862093
0.000279514
-0.00656321
-0.0123901
-0.0177889
-0.0227301
-0.0271788
-0.0311463
-0.0346461
-0.0376898
-0.0402897
-0.0424594
-0.0442128
-0.0455642
-0.046528
-0.0471188
-0.047351
-0.0472388
-0.0467963
-0.0460371
-0.0449746
-0.0436218
-0.0419912
-0.0400951
-0.0379454
-0.0355535
-0.0329308
-0.0300884
-0.027037
-0.0237875
-0.0203505
-0.0167368
-0.0129572
-0.00902283
-0.00494492
-0.000735098
0.00359463
0.00803178
0.0125633
0.0171757
0.0218546
0.026585
0.031351
0.0361362
0.0409229
0.0456928
0.0504268
0.0551048
0.0597059
0.0642082
0.0685892
0.0728258
0.0768939
0.0807691
0.0844266
0.0878413
0.0909878
0.093841
0.096376
0.0985682
0.100394
0.10183
0.102855
0.103449
0.103592
0.103268
0.102462
0.101161
0.0993552
0.097037
0.0942013
0.0908458
0.0869711
0.0825805
0.0776763
0.072264
0.0663974
0.060125
0.0528512
0.0440838
0.00414958
-0.00449662
-0.0115817
-0.017606
-0.0231794
-0.0282711
-0.0328451
-0.0369138
-0.0404913
-0.0435903
-0.0462241
-0.0484073
-0.0501551
-0.0514828
-0.0524063
-0.052941
-0.0531026
-0.0529065
-0.0523677
-0.0515008
-0.0503202
-0.0488396
-0.0470722
-0.0450312
-0.0427288
-0.0401771
-0.037388
-0.0343727
-0.0311424
-0.0277081
-0.0240807
-0.020271
-0.01629
-0.0121486
-0.00785834
-0.00343067
0.00112241
0.00578844
0.0105545
0.0154068
0.0203313
0.0253127
0.0303351
0.0353818
0.040435
0.0454762
0.0504857
0.0554429
0.0603263
0.0651133
0.0697807
0.0743041
0.0786584
0.0828181
0.0867568
0.0904479
0.0938644
0.0969794
0.099766
0.102198
0.104249
0.105894
0.10711
0.107874
0.108165
0.107964
0.107254
0.106021
0.104254
0.101943
0.0990811
0.0956663
0.0916981
0.0871794
0.0821123
0.0765021
0.0704052
0.0638723
0.0562802
0.0471144
-0.000842277
-0.00980131
-0.0171342
-0.0233592
-0.0291087
-0.034351
-0.039049
-0.0432157
-0.0468665
-0.0500149
-0.0526755
-0.054864
-0.0565968
-0.0578908
-0.0587628
-0.0592298
-0.0593086
-0.0590158
-0.0583675
-0.0573796
-0.0560671
-0.0544449
-0.0525271
-0.0503272
-0.0478584
-0.0451333
-0.0421639
-0.0389622
-0.0355395
-0.031907
-0.0280757
-0.0240566
-0.0198607
-0.0154991
-0.010983
-0.00632388
-0.00153374
0.00337511
0.00838975
0.0134966
0.0186814
0.023929
0.0292236
0.0345481
0.0398847
0.0452145
0.0505175
0.0557727
0.0609579
0.06605
0.0710245
0.0758564
0.0805193
0.0849864
0.0892299
0.0932214
0.0969324
0.100334
0.103397
0.106094
0.108395
0.110274
0.111705
0.112662
0.113123
0.113066
0.112473
0.111326
0.109613
0.107322
0.104447
0.100982
0.0969268
0.0922837
0.0870546
0.0812445
0.0749123
0.068111
0.0601886
0.0506073
-0.0063809
-0.0156616
-0.0232484
-0.0296776
-0.0356051
-0.040998
-0.0458182
-0.0500796
-0.0537986
-0.0569898
-0.0596692
-0.0618537
-0.0635612
-0.06481
-0.0656183
-0.0660046
-0.0659871
-0.0655835
-0.0648115
-0.0636879
-0.062229
-0.0604504
-0.0583672
-0.0559937
-0.0533438
-0.0504306
-0.0472668
-0.0438643
-0.0402351
-0.0363904
-0.0323415
-0.0280993
-0.023675
-0.0190794
-0.0143239
-0.00941968
-0.00437868
0.000786939
0.00606438
0.0114402
0.0169002
0.0224294
0.0280118
0.0336304
0.0392674
0.0449034
0.0505183
0.0560906
0.0615975
0.0670152
0.0723185
0.0774812
0.082476
0.0872744
0.0918474
0.0961648
0.100196
0.103911
0.107278
0.110265
0.112844
0.114984
0.116655
0.117831
0.118487
0.118597
0.118141
0.117101
0.11546
0.113206
0.11033
0.106825
0.102691
0.097928
0.0925381
0.0865263
0.0799538
0.0728762
0.0646106
0.0545956
-0.0124942
-0.0221065
-0.0299538
-0.0365912
-0.0426985
-0.048242
-0.0531824
-0.0575345
-0.0613159
-0.0645426
-0.0672317
-0.0694019
-0.0710725
-0.0722634
-0.0729944
-0.0732857
-0.0731568
-0.0726272
-0.0717157
-0.0704404
-0.0688189
-0.0668679
-0.0646034
-0.0620406
-0.059194
-0.0560773
-0.0527037
-0.0490856
-0.0452351
-0.0411639
-0.0368831
-0.0324039
-0.0277371
-0.0228939
-0.0178851
-0.0127221
-0.00741644
-0.0019801
0.00357431
0.00923355
0.0149836
0.0208095
0.0266956
0.0326247
0.038579
0.044539
0.0504843
0.056393
0.0622419
0.0680064
0.0736607
0.0791773
0.0845279
0.0896828
0.094611
0.0992811
0.10366
0.107716
0.111414
0.114723
0.117607
0.120036
0.121977
0.1234
0.124276
0.124579
0.124286
0.123374
0.121825
0.119625
0.116763
0.113231
0.109026
0.10415
0.0986012
0.0923862
0.0855685
0.078206
0.0695841
0.0591158
-0.0192118
-0.0291667
-0.0372818
-0.0441316
-0.050421
-0.056115
-0.0611732
-0.0656115
-0.0694488
-0.0727025
-0.0753912
-0.0775354
-0.079156
-0.0802747
-0.0809133
-0.0810935
-0.0808367
-0.080164
-0.0790957
-0.0776514
-0.0758499
-0.0737091
-0.071246
-0.0684769
-0.0654168
-0.0620803
-0.0584809
-0.0546315
-0.0505446
-0.0462317
-0.0417045
-0.0369738
-0.0320506
-0.0269457
-0.0216699
-0.0162342
-0.01065
-0.00492906
0.000916407
0.00687341
0.0129282
0.0190661
0.0252714
0.0315274
0.037816
0.0441178
0.0504122
0.0566769
0.0628883
0.0690212
0.075049
0.0809434
0.0866748
0.0922119
0.0975226
0.102573
0.107329
0.111756
0.115816
0.119475
0.122697
0.125446
0.127687
0.129386
0.130513
0.131038
0.130933
0.130174
0.12874
0.126615
0.123784
0.120238
0.115973
0.110989
0.105285
0.0988663
0.0917985
0.0841425
0.07515
0.0642078
-0.0265655
-0.0368752
-0.0452662
-0.0523333
-0.0588069
-0.0646512
-0.0698244
-0.0743437
-0.0782294
-0.0815005
-0.0841773
-0.0862822
-0.0878381
-0.0888687
-0.0893978
-0.0894492
-0.0890461
-0.0882115
-0.0869673
-0.0853348
-0.0833342
-0.0809847
-0.0783045
-0.0753107
-0.0720193
-0.0684455
-0.0646034
-0.0605063
-0.0561669
-0.051597
-0.0468081
-0.0418113
-0.0366172
-0.0312365
-0.0256797
-0.0199577
-0.0140812
-0.00806179
-0.0019113
0.00435768
0.0107318
0.0171966
0.0237368
0.0303357
0.0369755
0.0436369
0.0502989
0.0569393
0.063534
0.0700573
0.0764818
0.0827784
0.0889161
0.0948626
0.100584
0.106044
0.111208
0.116036
0.120491
0.124534
0.128126
0.131228
0.133803
0.135813
0.137222
0.137999
0.138112
0.137534
0.13624
0.134211
0.13143
0.127887
0.123575
0.118491
0.112636
0.106012
0.0986899
0.0907314
0.0813533
0.0699152
-0.0345892
-0.0452673
-0.0539434
-0.061233
-0.0678934
-0.0738875
-0.0791725
-0.0837667
-0.0876922
-0.0909696
-0.0936214
-0.0956719
-0.0971465
-0.098071
-0.0984716
-0.0983742
-0.0978043
-0.0967868
-0.0953457
-0.0935039
-0.0912834
-0.0887046
-0.0857871
-0.0825489
-0.0790071
-0.0751775
-0.0710748
-0.0667127
-0.0621041
-0.057261
-0.052195
-0.0469169
-0.0414373
-0.0357666
-0.0299149
-0.0238926
-0.0177102
-0.0113787
-0.00490946
0.00168546
0.00839312
0.0151996
0.0220899
0.0290478
0.0360555
0.0430939
0.0501422
0.057178
0.0641769
0.0711128
0.0779576
0.0846812
0.0912517
0.0976354
0.103796
0.109698
0.1153
0.120564
0.125448
0.12991
0.133908
0.1374
0.140344
0.1427
0.144427
0.14549
0.145854
0.145487
0.144361
0.142454
0.139746
0.136223
0.131877
0.126704
0.120702
0.113875
0.106293
0.0980228
0.0882435
0.0762857
-0.0433193
-0.0543812
-0.0633528
-0.0708706
-0.0777205
-0.0838637
-0.0892565
-0.0939185
-0.0978738
-0.101145
-0.103757
-0.105736
-0.10711
-0.107908
-0.108159
-0.10789
-0.107131
-0.105907
-0.104246
-0.102171
-0.099708
-0.0968775
-0.0937007
-0.090197
-0.0863842
-0.082279
-0.0778966
-0.0732513
-0.0683561
-0.0632232
-0.057864
-0.0522893
-0.0465093
-0.0405342
-0.0343736
-0.0280375
-0.0215357
-0.0148787
-0.00807716
-0.00114266
0.0059125
0.013075
0.0203303
0.0276626
0.0350547
0.0424875
0.0499406
0.0573913
0.0648154
0.0721862
0.079475
0.0866512
0.0936816
0.100531
0.107162
0.113536
0.119612
0.125346
0.130695
0.135614
0.140056
0.143977
0.14733
0.15007
0.152155
0.153541
0.154191
0.154069
0.153144
0.151386
0.148776
0.145294
0.140931
0.13568
0.129539
0.122508
0.114663
0.106072
0.0958745
0.0833718
-0.0527952
-0.0642583
-0.0735367
-0.0812894
-0.0883314
-0.0946228
-0.100119
-0.10484
-0.108814
-0.112064
-0.114618
-0.116507
-0.117759
-0.118408
-0.118484
-0.118019
-0.117044
-0.115589
-0.113681
-0.111349
-0.108617
-0.105511
-0.102051
-0.0982584
-0.0941526
-0.0897507
-0.0850685
-0.0801208
-0.0749207
-0.0694806
-0.0638118
-0.0579247
-0.0518295
-0.0455355
-0.0390522
-0.0323887
-0.0255542
-0.0185586
-0.0114117
-0.00412443
0.0032917
0.0108241
0.0184588
0.0261807
0.033973
0.0418173
0.0496932
0.0575783
0.0654483
0.0732763
0.0810333
0.0886877
0.0962056
0.10355
0.110683
0.117563
0.124147
0.130388
0.136241
0.141656
0.146585
0.150976
0.154781
0.157948
0.160431
0.162183
0.16316
0.163321
0.16263
0.161055
0.15857
0.155154
0.150792
0.145478
0.139204
0.131972
0.12386
0.114938
0.104306
0.091231
-0.0630595
-0.0749434
-0.0845417
-0.0925364
-0.0997734
-0.106212
-0.111805
-0.116576
-0.120555
-0.123767
-0.126244
-0.128019
-0.129125
-0.129598
-0.129473
-0.128783
-0.127564
-0.125848
-0.123665
-0.121047
-0.11802
-0.114609
-0.110841
-0.106735
-0.102312
-0.0975909
-0.0925877
-0.0873173
-0.0817933
-0.076028
-0.0700326
-0.0638172
-0.0573915
-0.0507643
-0.0439444
-0.0369402
-0.0297602
-0.0224132
-0.0149084
-0.00725564
0.000534347
0.00844982
0.0164778
0.0246038
0.0328118
0.0410839
0.0494002
0.0577388
0.0660752
0.0743827
0.0826319
0.0907906
0.0988239
0.106694
0.114361
0.121782
0.12891
0.135698
0.142095
0.148049
0.153507
0.158415
0.162717
0.166359
0.169287
0.171449
0.172797
0.173283
0.172866
0.17151
0.169182
0.165858
0.161521
0.156158
0.149763
0.142334
0.133951
0.124689
0.113602
0.0999263
-0.0741584
-0.0864855
-0.0964183
-0.104663
-0.112098
-0.118681
-0.124365
-0.129175
-0.133142
-0.136297
-0.138674
-0.14031
-0.141242
-0.141509
-0.141151
-0.140205
-0.138709
-0.136699
-0.13421
-0.131274
-0.12792
-0.124177
-0.120071
-0.115625
-0.11086
-0.105795
-0.100448
-0.094834
-0.0889662
-0.0828571
-0.0765177
-0.0699577
-0.0631862
-0.0562115
-0.0490414
-0.0416836
-0.0341455
-0.026435
-0.0185602
-0.01053
-0.00235399
0.00595712
0.0143913
0.0229352
0.0315735
0.0402891
0.049063
0.0578734
0.0666965
0.0755054
0.0842706
0.0929597
0.101537
0.109964
0.118198
0.126195
0.133906
0.14128
0.148265
0.154804
0.160839
0.166311
0.171161
0.175327
0.178751
0.181374
0.183141
0.184
0.183902
0.182805
0.180671
0.177471
0.173183
0.167792
0.161286
0.153665
0.145009
0.135397
0.123836
0.109527
-0.0861424
-0.0989382
-0.109222
-0.117726
-0.125362
-0.132088
-0.137854
-0.142688
-0.146626
-0.149701
-0.151951
-0.153418
-0.154143
-0.154171
-0.153544
-0.152305
-0.150497
-0.148157
-0.145326
-0.142036
-0.138323
-0.134215
-0.129741
-0.124925
-0.11979
-0.114356
-0.108641
-0.102661
-0.0964285
-0.0899564
-0.0832551
-0.0763341
-0.0692016
-0.0618651
-0.0543315
-0.0466074
-0.0386992
-0.0306137
-0.0223577
-0.0139388
-0.00536548
0.00335288
0.0122055
0.02118
0.0302623
0.0394364
0.0486839
0.057984
0.0673132
0.076645
0.08595
0.0951955
0.104345
0.113359
0.122195
0.130805
0.139139
0.147143
0.15476
0.161931
0.168594
0.174683
0.180134
0.18488
0.188855
0.191995
0.194236
0.195519
0.19579
0.194998
0.1931
0.190059
0.18585
0.180453
0.173853
0.166045
0.157115
0.147142
0.135085
0.120109
-0.0990669
-0.112361
-0.123015
-0.131787
-0.139628
-0.146493
-0.152331
-0.157174
-0.16106
-0.164029
-0.166121
-0.167384
-0.167866
-0.167615
-0.166679
-0.165107
-0.162944
-0.160234
-0.15702
-0.153339
-0.149229
-0.144721
-0.139845
-0.134628
-0.129093
-0.123263
-0.117154
-0.110784
-0.104165
-0.0973105
-0.0902293
-0.0829306
-0.0754218
-0.0677095
-0.0597994
-0.0516971
-0.0434076
-0.0349363
-0.0262886
-0.0174709
-0.00848987
0.0006463
0.00992831
0.0193452
0.0288843
0.0385306
0.0482669
0.0580734
0.0679274
0.077803
0.0876709
0.0974984
0.107249
0.116882
0.126353
0.135614
0.144612
0.15329
0.161588
0.169443
0.176786
0.183549
0.18966
0.195045
0.199633
0.20335
0.206125
0.207892
0.208587
0.208152
0.206537
0.203698
0.199601
0.194225
0.187547
0.179562
0.170356
0.160013
0.147438
0.131758
-0.112993
-0.126819
-0.137864
-0.146917
-0.154966
-0.161964
-0.167863
-0.172695
-0.176504
-0.179334
-0.181233
-0.182253
-0.182448
-0.181873
-0.180582
-0.178629
-0.176066
-0.17294
-0.169299
-0.165184
-0.160635
-0.155688
-0.150374
-0.144721
-0.138756
-0.1325
-0.125971
-0.119186
-0.112159
-0.1049
-0.0974207
-0.0897276
-0.0818274
-0.0737256
-0.0654267
-0.0569348
-0.0482534
-0.0393865
-0.0303378
-0.021112
-0.0117143
-0.00215097
0.00757019
0.0174399
0.027447
0.037578
0.0478172
0.0581458
0.0685422
0.0789814
0.0894346
0.0998695
0.110249
0.120533
0.130675
0.140626
0.15033
0.159728
0.168757
0.177348
0.18543
0.192927
0.19976
0.205851
0.211117
0.215479
0.218856
0.221172
0.222354
0.222336
0.221057
0.218467
0.214524
0.209198
0.202465
0.194314
0.184833
0.174108
0.16099
0.144565
-0.127989
-0.142385
-0.153847
-0.163192
-0.171452
-0.178579
-0.184522
-0.18932
-0.193021
-0.195675
-0.197338
-0.198068
-0.197927
-0.196977
-0.195279
-0.192893
-0.189876
-0.186283
-0.182165
-0.177569
-0.172537
-0.167107
-0.161315
-0.155191
-0.14876
-0.142047
-0.135069
-0.127844
-0.120385
-0.112702
-0.104805
-0.0967013
-0.0883949
-0.0798904
-0.0711909
-0.0622988
-0.0532161
-0.0439448
-0.0344869
-0.0248452
-0.015023
-0.00502473
0.00514384
0.0154753
0.0259602
0.036587
0.0473414
0.0582064
0.0691616
0.0801831
0.0912432
0.10231
0.113347
0.124312
0.13516
0.14584
0.156294
0.16646
0.176272
0.185657
0.194538
0.202833
0.210458
0.217325
0.223344
0.228425
0.232478
0.235416
0.237157
0.237622
0.236742
0.234455
0.230711
0.225474
0.218712
0.210408
0.200654
0.189537
0.175849
0.158634
-0.14413
-0.159142
-0.171049
-0.1807
-0.189173
-0.19642
-0.202389
-0.207125
-0.210682
-0.213117
-0.214494
-0.214881
-0.214346
-0.212961
-0.210795
-0.207915
-0.204386
-0.200269
-0.195619
-0.190488
-0.184922
-0.178965
-0.172651
-0.166015
-0.159083
-0.151879
-0.144422
-0.13673
-0.128815
-0.120687
-0.112355
-0.103823
-0.0950963
-0.0861766
-0.0770656
-0.0677638
-0.0582713
-0.0485882
-0.0387144
-0.0286504
-0.0183976
-0.00795808
0.00266446
0.0134648
0.0244356
0.0355673
0.0468478
0.0582617
0.0697905
0.0814117
0.0930987
0.104821
0.116541
0.12822
0.139809
0.151257
0.162506
0.17349
0.18414
0.194378
0.204123
0.213286
0.221776
0.229497
0.236348
0.24223
0.247042
0.250686
0.253065
0.25409
0.253678
0.251758
0.248269
0.243164
0.236403
0.227964
0.21794
0.206422
0.192136
0.17408
-0.161503
-0.177183
-0.189567
-0.199539
-0.208228
-0.215584
-0.221556
-0.226196
-0.229564
-0.231729
-0.232762
-0.232741
-0.231746
-0.229858
-0.227155
-0.223713
-0.219604
-0.214897
-0.209653
-0.203929
-0.197776
-0.19124
-0.184358
-0.177167
-0.169695
-0.161965
-0.153999
-0.145812
-0.137417
-0.128822
-0.120035
-0.11106
-0.101899
-0.0925524
-0.08302
-0.0733002
-0.063391
-0.05329
-0.0429951
-0.0325043
-0.0218164
-0.0109314
0.000149743
0.0114241
0.0228869
0.0345308
0.0463462
0.0583197
0.0704349
0.0826713
0.0950039
0.107403
0.119834
0.132255
0.144621
0.156878
0.168966
0.180819
0.192363
0.203517
0.214195
0.2243
0.233735
0.242393
0.250165
0.25694
0.262603
0.267044
0.270152
0.271824
0.271963
0.270483
0.267311
0.262389
0.255667
0.247116
0.236829
0.224899
0.209982
0.19103
-0.180204
-0.196612
-0.20951
-0.21982
-0.228726
-0.236177
-0.242124
-0.246626
-0.249754
-0.251585
-0.252205
-0.251703
-0.25017
-0.2477
-0.24438
-0.240298
-0.235535
-0.230166
-0.224259
-0.217878
-0.211077
-0.203906
-0.196406
-0.188614
-0.180561
-0.172269
-0.163761
-0.155051
-0.14615
-0.137068
-0.127808
-0.118374
-0.108766
-0.0989815
-0.0890191
-0.0788744
-0.068543
-0.05802
-0.0473006
-0.0363803
-0.0252551
-0.0139223
-0.00238012
0.00937125
0.0213297
0.0334909
0.0458476
0.0583891
0.0711016
0.0839667
0.0969615
0.110058
0.123223
0.136417
0.149593
0.162698
0.175672
0.188446
0.200943
0.213079
0.224761
0.235889
0.246354
0.256041
0.264831
0.272598
0.279217
0.284559
0.288499
0.290917
0.291701
0.290746
0.287966
0.283288
0.27665
0.268014
0.257473
0.24512
0.229538
0.209627
-0.200343
-0.21755
-0.231005
-0.241671
-0.250793
-0.258321
-0.264207
-0.26852
-0.271343
-0.272768
-0.272894
-0.271823
-0.269663
-0.266518
-0.262492
-0.257681
-0.252177
-0.246065
-0.239419
-0.232309
-0.224795
-0.21693
-0.208758
-0.200317
-0.191638
-0.182747
-0.173663
-0.1644
-0.15497
-0.145378
-0.135628
-0.125721
-0.115654
-0.105423
-0.0950234
-0.0844487
-0.0736916
-0.0627443
-0.0515991
-0.0402487
-0.0286862
-0.0169057
-0.00490254
0.0073263
0.0197818
0.0324626
0.0453644
0.0584799
0.0717978
0.0853026
0.0989741
0.112787
0.126709
0.140702
0.154722
0.168715
0.18262
0.196367
0.209879
0.223065
0.235828
0.248062
0.259649
0.270465
0.280378
0.28925
0.296939
0.303299
0.308189
0.311468
0.313003
0.312674
0.310372
0.306011
0.299512
0.290827
0.280045
0.26726
0.250974
0.230032
-0.222048
-0.240136
-0.254198
-0.265238
-0.274573
-0.282153
-0.287934
-0.291996
-0.294438
-0.295369
-0.294902
-0.293161
-0.290268
-0.286344
-0.281507
-0.275866
-0.269526
-0.262578
-0.255109
-0.247192
-0.238894
-0.23027
-0.221367
-0.212226
-0.202877
-0.193346
-0.183652
-0.173809
-0.163824
-0.153703
-0.143446
-0.133052
-0.122516
-0.111831
-0.100989
-0.0899812
-0.0787969
-0.0674252
-0.0558555
-0.044077
-0.0320797
-0.0198543
-0.00739274
0.00531126
0.0182622
0.0314621
0.0449102
0.0586025
0.0725312
0.086684
0.101044
0.115588
0.130287
0.145106
0.160001
0.17492
0.189802
0.204577
0.219164
0.233472
0.247397
0.260826
0.273635
0.285688
0.296841
0.30694
0.315827
0.323339
0.32931
0.33358
0.335993
0.336405
0.334686
0.330728
0.324435
0.315743
0.304737
0.291512
0.27448
0.252427
-0.245464
-0.26453
-0.279254
-0.29069
-0.300232
-0.307832
-0.313451
-0.317185
-0.319154
-0.319483
-0.31831
-0.315777
-0.312028
-0.307203
-0.301436
-0.294851
-0.287565
-0.279683
-0.271296
-0.262487
-0.253327
-0.243875
-0.23418
-0.224284
-0.214219
-0.204008
-0.19367
-0.183216
-0.172653
-0.161983
-0.151204
-0.140312
-0.129299
-0.118154
-0.106868
-0.095426
-0.0838155
-0.0720222
-0.0600316
-0.0478298
-0.0354029
-0.0227382
-0.00982405
0.00334976
0.0167914
0.0305068
0.044499
0.0587679
0.0733095
0.0881153
0.103172
0.11846
0.133955
0.149622
0.165422
0.181304
0.197208
0.213064
0.22879
0.244292
0.259463
0.274183
0.28832
0.301727
0.314247
0.32571
0.33594
0.344751
0.351956
0.357368
0.360804
0.362094
0.36108
0.357629
0.351623
0.342977
0.331773
0.318101
0.300274
0.277018
-0.270762
-0.290921
-0.306372
-0.318224
-0.327961
-0.335537
-0.340924
-0.344236
-0.345616
-0.345217
-0.3432
-0.339734
-0.334987
-0.329119
-0.322285
-0.314626
-0.306274
-0.297343
-0.287936
-0.278142
-0.268037
-0.257683
-0.247132
-0.236426
-0.225595
-0.214664
-0.203647
-0.192556
-0.181392
-0.170156
-0.158842
-0.147443
-0.135946
-0.124339
-0.112607
-0.100734
-0.0887009
-0.0764913
-0.0640867
-0.0514692
-0.0386213
-0.0255262
-0.0121683
0.00146665
0.0153909
0.0296147
0.0441453
0.0589868
0.0741398
0.0896001
0.105359
0.121401
0.137705
0.154241
0.170973
0.187852
0.204821
0.221811
0.23874
0.255512
0.272016
0.288127
0.303705
0.318593
0.332619
0.345598
0.357331
0.36761
0.376222
0.38295
0.38758
0.389907
0.389745
0.386926
0.381305
0.372774
0.361403
0.347279
0.328606
0.304038
-0.298142
-0.319527
-0.335779
-0.348069
-0.357982
-0.365478
-0.370542
-0.373315
-0.373968
-0.372685
-0.369661
-0.365094
-0.359181
-0.352107
-0.344051
-0.335172
-0.325616
-0.315513
-0.304974
-0.294094
-0.282955
-0.271622
-0.260147
-0.248573
-0.236929
-0.225236
-0.213509
-0.201753
-0.189968
-0.17815
-0.166291
-0.154378
-0.142395
-0.130326
-0.118152
-0.105851
-0.0934033
-0.0807862
-0.0679777
-0.0549557
-0.0416986
-0.0281854
-0.0143962
-0.000312456
0.0140827
0.0288038
0.0438631
0.0592696
0.0750284
0.0911406
0.107602
0.124403
0.141527
0.158949
0.176636
0.194545
0.212621
0.230796
0.248991
0.267109
0.285037
0.302645
0.319785
0.33629
0.351974
0.366635
0.380052
0.39199
0.402207
0.410451
0.416473
0.420029
0.420892
0.418858
0.413744
0.405412
0.393919
0.379342
0.359762
0.33376
-0.32784
-0.35061
-0.367749
-0.380496
-0.390554
-0.397896
-0.402523
-0.404608
-0.404364
-0.402011
-0.397784
-0.391918
-0.384643
-0.376176
-0.366719
-0.356454
-0.345544
-0.334132
-0.322338
-0.310265
-0.297998
-0.285604
-0.273137
-0.260637
-0.248131
-0.235639
-0.223169
-0.210725
-0.198301
-0.18589
-0.173478
-0.161048
-0.14858
-0.136052
-0.123442
-0.110723
-0.097871
-0.0848587
-0.0716599
-0.0582482
-0.0445975
-0.0306823
-0.0164782
-0.00196184
0.0128883
0.0280918
0.043666
0.0596251
0.0759798
0.0927367
0.109898
0.127458
0.145408
0.163727
0.18239
0.201356
0.220577
0.239988
0.259512
0.279053
0.298497
0.317712
0.336542
0.354811
0.37232
0.388846
0.404147
0.417961
0.430009
0.440004
0.44765
0.45266
0.454759
0.453694
0.449238
0.441213
0.429655
0.414629
0.394076
0.366493
-0.360139
-0.384481
-0.402603
-0.415823
-0.425982
-0.43307
-0.437112
-0.438328
-0.436975
-0.433325
-0.427661
-0.420262
-0.411398
-0.40132
-0.390261
-0.378424
-0.365993
-0.353121
-0.339941
-0.32656
-0.313067
-0.299529
-0.286
-0.272517
-0.259103
-0.245774
-0.232535
-0.219381
-0.206306
-0.193293
-0.180325
-0.167378
-0.15443
-0.141452
-0.128416
-0.115292
-0.10205
-0.0886593
-0.075088
-0.0613053
-0.0472806
-0.0329835
-0.0183849
-0.00345644
0.0118285
0.027495
0.0435656
0.0600604
0.0769962
0.0943857
0.112237
0.130553
0.149329
0.168554
0.188206
0.208253
0.228653
0.249347
0.27026
0.2913
0.312355
0.33329
0.353945
0.374135
0.393648
0.412243
0.429654
0.445587
0.459726
0.471741
0.481286
0.488019
0.491606
0.491736
0.488126
0.480545
0.469001
0.453537
0.431936
0.402602
-0.395375
-0.421514
-0.44073
-0.454432
-0.464626
-0.471327
-0.474596
-0.474709
-0.471988
-0.466766
-0.459384
-0.450175
-0.439456
-0.427519
-0.414628
-0.401013
-0.386875
-0.372383
-0.357675
-0.342867
-0.328046
-0.313281
-0.298621
-0.284099
-0.269734
-0.255536
-0.241503
-0.227626
-0.213888
-0.200271
-0.186748
-0.173292
-0.159873
-0.146457
-0.133011
-0.119499
-0.105887
-0.0921381
-0.0782164
-0.0640859
-0.0497111
-0.0350567
-0.0200883
-0.00477269
0.0109224
0.0270275
0.0435713
0.0605798
0.0780765
0.0960808
0.114608
0.133669
0.153266
0.173397
0.194047
0.215194
0.236802
0.25882
0.281179
0.303794
0.326553
0.349325
0.371945
0.394223
0.415935
0.436821
0.456591
0.474919
0.491449
0.505798
0.517565
0.526342
0.531724
0.533329
0.530799
0.523838
0.512411
0.496534
0.473801
0.442514
-0.433957
-0.46216
-0.482595
-0.496777
-0.506911
-0.513047
-0.515299
-0.514019
-0.509607
-0.502476
-0.493038
-0.481693
-0.468811
-0.45473
-0.439749
-0.424126
-0.408081
-0.391793
-0.375412
-0.359051
-0.342801
-0.326725
-0.310868
-0.295256
-0.279903
-0.264808
-0.249964
-0.235353
-0.220951
-0.206732
-0.192663
-0.178709
-0.164834
-0.150998
-0.137162
-0.123286
-0.109327
-0.0952462
-0.0810009
-0.0665503
-0.0518539
-0.0368712
-0.0215627
-0.00588949
0.0101861
0.0267007
0.0436889
0.0611837
0.0792153
0.0978108
0.116994
0.136782
0.157188
0.178219
0.199869
0.222127
0.244965
0.268342
0.2922
0.31646
0.341017
0.365742
0.390473
0.415015
0.439134
0.462555
0.484962
0.505996
0.525257
0.542306
0.556677
0.567883
0.575435
0.578859
0.577705
0.571592
0.560424
0.544174
0.520215
0.486733
-0.476385
-0.506974
-0.52877
-0.543411
-0.553344
-0.558676
-0.559594
-0.55655
-0.550047
-0.540597
-0.5287
-0.514833
-0.499431
-0.482882
-0.465522
-0.447639
-0.429468
-0.411203
-0.392993
-0.374956
-0.357175
-0.339709
-0.322594
-0.305848
-0.289475
-0.273465
-0.257799
-0.242452
-0.227392
-0.212581
-0.19798
-0.183547
-0.169238
-0.155007
-0.140808
-0.126594
-0.112319
-0.0979364
-0.0833993
-0.0686614
-0.0536767
-0.0383997
-0.0227854
-0.0067893
0.00963212
0.0265215
0.0439201
0.0618678
0.0804022
0.0995586
0.119369
0.139861
0.161056
0.182972
0.205617
0.228987
0.253069
0.277834
0.303235
0.329204
0.355648
0.382443
0.409433
0.436421
0.463169
0.489388
0.514739
0.538829
0.561211
0.581387
0.598813
0.612912
0.623092
0.628765
0.629364
0.624393
0.613676
0.597119
0.571832
0.535865
-0.523275
-0.556639
-0.57995
-0.594999
-0.604531
-0.608738
-0.607908
-0.602628
-0.593535
-0.581264
-0.566424
-0.549583
-0.531248
-0.511864
-0.491806
-0.471388
-0.450862
-0.430427
-0.410235
-0.390397
-0.370989
-0.352061
-0.333636
-0.315721
-0.298306
-0.281371
-0.264884
-0.248809
-0.233103
-0.21772
-0.202611
-0.187725
-0.173011
-0.158415
-0.143885
-0.129369
-0.114813
-0.100165
-0.0853731
-0.0703857
-0.0551513
-0.0396191
-0.0237384
-0.00745924
0.00926789
0.0264919
0.0442609
0.0626219
0.0816204
0.1013
0.121703
0.142865
0.164822
0.1876
0.211221
0.235697
0.261027
0.287197
0.314177
0.341912
0.370323
0.3993
0.428695
0.458318
0.487927
0.517227
0.545859
0.573397
0.599347
0.623144
0.644159
0.66171
0.675079
0.68354
0.686373
0.682934
0.672928
0.656169
0.629444
0.59064
-0.575392
-0.612004
-0.637001
-0.652358
-0.661201
-0.663845
-0.660725
-0.652606
-0.640301
-0.624597
-0.606236
-0.585891
-0.564151
-0.54152
-0.518413
-0.495166
-0.472043
-0.449245
-0.426917
-0.405162
-0.384041
-0.363589
-0.343815
-0.324708
-0.306243
-0.288384
-0.271088
-0.254304
-0.237977
-0.222051
-0.206466
-0.191162
-0.176079
-0.161158
-0.146338
-0.131559
-0.116763
-0.101893
-0.0868888
-0.0716951
-0.0562548
-0.0405115
-0.0244092
-0.00789222
0.009095
0.0266077
0.0447009
0.0634291
0.082846
0.103004
0.123955
0.145747
0.168426
0.192033
0.216603
0.242164
0.268733
0.296314
0.324894
0.354439
0.384889
0.416152
0.448095
0.48054
0.513252
0.545934
0.578212
0.609633
0.639656
0.667647
0.692883
0.71456
0.731813
0.743739
0.749426
0.748032
0.739099
0.722301
0.694022
0.651953
-0.633705
-0.674144
-0.701003
-0.716494
-0.724231
-0.724714
-0.718589
-0.70686
-0.690564
-0.670681
-0.64811
-0.623645
-0.597964
-0.57163
-0.545094
-0.51871
-0.492745
-0.467392
-0.442786
-0.419008
-0.396103
-0.374082
-0.352934
-0.332628
-0.313121
-0.294357
-0.276278
-0.258816
-0.241906
-0.225476
-0.209458
-0.193781
-0.178377
-0.163176
-0.148112
-0.133119
-0.118132
-0.103086
-0.087919
-0.0725678
-0.0569707
-0.0410659
-0.0247922
-0.00808805
0.00910795
0.0268575
0.0452224
0.0642648
0.0840468
0.10463
0.126077
0.148447
0.171799
0.196189
0.221668
0.248281
0.276065
0.305045
0.335231
0.366614
0.399159
0.432796
0.46742
0.50287
0.538929
0.575305
0.611621
0.647404
0.68207
0.714916
0.74512
0.771739
0.79373
0.809979
0.819325
0.820663
0.813304
0.796717
0.766771
0.720911
-0.699446
-0.744425
-0.77332
-0.78865
-0.794677
-0.792182
-0.782106
-0.765777
-0.744518
-0.719548
-0.691951
-0.662655
-0.632432
-0.601897
-0.571531
-0.541694
-0.512644
-0.484558
-0.457545
-0.431661
-0.40692
-0.383308
-0.360784
-0.339294
-0.31877
-0.299138
-0.280317
-0.262227
-0.244783
-0.227904
-0.211506
-0.195511
-0.17984
-0.164415
-0.149163
-0.134011
-0.118886
-0.10372
-0.0884439
-0.0729897
-0.0572903
-0.0412792
-0.0248895
-0.00805439
0.00929335
0.0272217
0.0457994
0.065096
0.0851822
0.106129
0.12801
0.150896
0.17486
0.199974
0.226306
0.253921
0.282878
0.313227
0.345006
0.378233
0.412906
0.448989
0.486406
0.525032
0.564675
0.605064
0.645832
0.686496
0.72644
0.7649
0.800948
0.83349
0.86128
0.88294
0.896995
0.901988
0.896908
0.880917
0.849209
0.798908
-0.774217
-0.82462
-0.855693
-0.870379
-0.87382
-0.867216
-0.851932
-0.829728
-0.802296
-0.771142
-0.73756
-0.702624
-0.667192
-0.631926
-0.597317
-0.563715
-0.531355
-0.50038
-0.47086
-0.442813
-0.416216
-0.391016
-0.367142
-0.344507
-0.323017
-0.302572
-0.283073
-0.264418
-0.246508
-0.229245
-0.212536
-0.196288
-0.180415
-0.164831
-0.149454
-0.134204
-0.119004
-0.103778
-0.0884527
-0.0729554
-0.0572139
-0.0411567
-0.0247119
-0.00780763
0.00962905
0.0276721
0.0463969
0.0658805
0.0862019
0.107442
0.129684
0.153013
0.177516
0.203279
0.230392
0.258941
0.289008
0.320673
0.354004
0.389056
0.425863
0.464432
0.504732
0.54668
0.590128
0.634843
0.680484
0.726581
0.772503
0.817435
0.86035
0.899997
0.934894
0.96335
0.983492
0.993396
0.991595
0.976796
0.943275
0.887721
-0.860126
-0.917054
-0.950371
-0.963628
-0.963197
-0.950915
-0.928751
-0.899036
-0.863928
-0.825271
-0.784592
-0.743109
-0.701751
-0.661203
-0.621943
-0.584287
-0.548423
-0.514439
-0.482352
-0.452126
-0.423689
-0.396943
-0.371776
-0.348066
-0.325686
-0.304511
-0.284416
-0.26528
-0.246986
-0.229422
-0.21248
-0.196058
-0.180059
-0.164388
-0.148957
-0.133679
-0.118471
-0.103253
-0.0879445
-0.0724696
-0.0567514
-0.0407136
-0.0242799
-0.00737353
0.0100836
0.0281712
0.0469709
0.0665669
0.0870464
0.1085
0.131021
0.154707
0.17966
0.205984
0.233788
0.26318
0.294272
0.327173
0.361986
0.398808
0.437719
0.478778
0.522008
0.567388
0.61483
0.66416
0.715093
0.767193
0.819844
0.872206
0.923171
0.971329
1.01495
1.05196
1.08001
1.09655
1.09946
1.08677
1.05149
0.989668
-0.960007
-1.02484
-1.06029
-1.07085
-1.06465
-1.0445
-1.01323
-0.973907
-0.929269
-0.881546
-0.832504
-0.78348
-0.735447
-0.689071
-0.644783
-0.602828
-0.563317
-0.526261
-0.491601
-0.459232
-0.42902
-0.400813
-0.37445
-0.349768
-0.326607
-0.304809
-0.284225
-0.264712
-0.246135
-0.228366
-0.211285
-0.194778
-0.178738
-0.163063
-0.147657
-0.132428
-0.117287
-0.102149
-0.0869294
-0.0715476
-0.0559229
-0.0399751
-0.0236237
-0.0067875
0.0106162
0.0286723
0.0474682
0.0670949
0.0876471
0.109224
0.131931
0.155876
0.181177
0.207956
0.23634
0.266463
0.298466
0.33249
0.36868
0.407178
0.448118
0.491619
0.537775
0.586642
0.638214
0.692405
0.749014
0.807682
0.867847
0.928684
0.989041
1.04737
1.10169
1.14952
1.18787
1.2134
1.22311
1.21398
1.17719
1.10783
-1.07777
-1.15221
-1.18933
-1.19512
-1.18035
-1.14928
-1.10592
-1.05433
-0.997904
-0.939295
-0.880478
-0.822866
-0.76741
-0.714705
-0.665076
-0.618654
-0.575433
-0.535318
-0.498151
-0.463741
-0.431878
-0.402345
-0.374929
-0.349419
-0.325616
-0.303333
-0.282391
-0.262626
-0.243885
-0.226024
-0.20891
-0.192418
-0.176434
-0.160846
-0.145553
-0.130456
-0.115463
-0.100483
-0.0854288
-0.0702157
-0.0547596
-0.0389768
-0.0227834
-0.00609455
0.0111767
0.0291195
0.0478267
0.0673952
0.0879267
0.109529
0.132316
0.156411
0.181942
0.20905
0.237882
0.268599
0.301369
0.33637
0.37379
0.413821
0.456658
0.502493
0.551501
0.603833
0.659595
0.718817
0.781422
0.84718
0.915638
0.986053
1.05729
1.12773
1.19514
1.25662
1.30845
1.34627
1.36581
1.36253
1.32488
1.24641
-1.21896
-1.30506
-1.34267
-1.34033
-1.31279
-1.26652
-1.20714
-1.13991
-1.069
-0.997441
-0.92734
-0.860091
-0.79653
-0.73709
-0.681918
-0.630974
-0.584092
-0.541032
-0.501516
-0.465245
-0.431924
-0.401263
-0.372985
-0.346833
-0.322567
-0.299964
-0.278822
-0.258953
-0.240184
-0.222359
-0.205332
-0.188968
-0.173144
-0.157743
-0.142656
-0.127782
-0.113022
-0.0982834
-0.0834759
-0.0685113
-0.0533028
-0.0377642
-0.0218089
-0.00534872
0.0117062
0.029449
0.0479768
0.0673916
0.0878012
0.109321
0.132074
0.156193
0.181822
0.209115
0.238243
0.269388
0.302749
0.338542
0.376997
0.418363
0.462902
0.510883
0.562581
0.61826
0.67816
0.742467
0.811278
0.884549
0.962019
1.04312
1.12683
1.21156
1.29493
1.37361
1.4431
1.49777
1.53163
1.53787
1.5008
1.41132
-1.39176
-1.4918
-1.52728
-1.51127
-1.4647
-1.39725
-1.31667
-1.22966
-1.14113
-1.05436
-0.971457
-0.893615
-0.821412
-0.755
-0.694258
-0.638901
-0.588552
-0.542792
-0.501193
-0.463338
-0.428831
-0.397301
-0.368409
-0.341847
-0.317331
-0.294608
-0.273447
-0.253641
-0.235
-0.217353
-0.200544
-0.184431
-0.16888
-0.153772
-0.138993
-0.124436
-0.11
-0.0955911
-0.0811151
-0.0664823
-0.0516041
-0.0363923
-0.0207584
-0.00461221
0.0121386
0.02959
0.0478424
0.0670018
0.0871813
0.108502
0.131095
0.155103
0.18068
0.207999
0.237244
0.268625
0.302367
0.338723
0.37797
0.420412
0.466379
0.516231
0.570348
0.629128
0.69297
0.762254
0.837306
0.918342
1.00539
1.09818
1.19597
1.29737
1.40001
1.50029
1.59292
1.67076
1.7256
1.74729
1.71377
1.61123
-1.60869
-1.72466
-1.75255
-1.71373
-1.63875
-1.54184
-1.4334
-1.32163
-1.21197
-1.10771
-1.01062
-0.921466
-0.840353
-0.767001
-0.700907
-0.641463
-0.588026
-0.539966
-0.496683
-0.457624
-0.422288
-0.390221
-0.36102
-0.334323
-0.309809
-0.287194
-0.266222
-0.246666
-0.228323
-0.21101
-0.194562
-0.178829
-0.163674
-0.148971
-0.134604
-0.120463
-0.106447
-0.0924579
-0.0784014
-0.0641865
-0.0497238
-0.034924
-0.0196978
-0.00395371
0.0124019
0.0294667
0.0473433
0.0661405
0.0859751
0.106973
0.129271
0.153019
0.178384
0.205547
0.234712
0.266107
0.299987
0.336636
0.376376
0.419565
0.466606
0.517949
0.574088
0.635567
0.702971
0.776907
0.857987
0.94677
1.04369
1.14894
1.26228
1.38276
1.50836
1.63549
1.75827
1.868
1.95372
2.00054
1.97657
1.85935
-1.89003
-2.02184
-2.031
-1.9543
-1.83696
-1.69932
-1.55469
-1.41243
-1.27804
-1.15422
-1.04196
-0.941206
-0.851344
-0.771468
-0.700569
-0.637638
-0.581719
-0.531938
-0.487511
-0.447744
-0.412027
-0.379826
-0.350674
-0.324163
-0.299938
-0.277685
-0.257129
-0.238029
-0.220168
-0.203355
-0.187419
-0.172204
-0.157571
-0.14339
-0.129544
-0.115923
-0.102423
-0.0889464
-0.0753991
-0.06169
-0.0477295
-0.0334288
-0.0186981
-0.00344638
0.0124205
0.0290008
0.0463978
0.0647219
0.0840918
0.104636
0.126496
0.149828
0.174803
0.201615
0.230481
0.261644
0.295383
0.332013
0.371892
0.415433
0.463105
0.515445
0.573067
0.636665
0.707024
0.785011
0.871572
0.967695
1.07435
1.19238
1.32233
1.46408
1.61645
1.77644
1.93813
2.09158
2.22281
2.31061
2.30811
2.17694
-2.27053
-2.41086
-2.37882
-2.23948
-2.05939
-1.86615
-1.67539
-1.49663
-1.33428
-1.18951
-1.06184
-0.949928
-0.852099
-0.766633
-0.691894
-0.626405
-0.568863
-0.518139
-0.473261
-0.433397
-0.397835
-0.365969
-0.337278
-0.311314
-0.287693
-0.266081
-0.246188
-0.227761
-0.210576
-0.194438
-0.17917
-0.164616
-0.150634
-0.137096
-0.123882
-0.110883
-0.0979976
-0.0851274
-0.0721798
-0.0590648
-0.0456941
-0.0319799
-0.0178337
-0.00316536
0.0121182
0.0281143
0.0449259
0.0626632
0.081445
0.101401
0.122674
0.145422
0.169823
0.196075
0.224403
0.255066
0.288356
0.324614
0.364229
0.407657
0.455426
0.508156
0.566567
0.631504
0.703953
0.785056
0.876128
0.978653
1.09426
1.22467
1.3715
1.53601
1.71857
1.91774
2.12875
2.3415
2.53954
2.69417
2.7369
2.60031
-2.81308
-2.93351
-2.815
-2.57285
-2.30124
-2.03388
-1.78634
-1.56579
-1.37354
-1.20786
-1.06583
-0.944263
-0.840106
-0.750642
-0.673527
-0.606784
-0.548758
-0.498073
-0.453587
-0.414348
-0.379561
-0.348561
-0.320786
-0.295763
-0.273087
-0.252412
-0.233441
-0.215915
-0.199609
-0.184324
-0.169885
-0.156137
-0.142938
-0.130162
-0.117692
-0.10542
-0.0932466
-0.0810765
-0.068819
-0.0563864
-0.0436928
-0.0306525
-0.0171796
-0.00318604
0.011419
0.0267306
0.0428498
0.0598846
0.0779524
0.0971814
0.117713
0.139707
0.163338
0.18881
0.21635
0.246223
0.278731
0.314229
0.353129
0.395917
0.443167
0.495562
0.553915
0.619202
0.692592
0.775494
0.869594
0.976909
1.09982
1.24108
1.40377
1.59108
1.80588
2.0498
2.32128
2.61264
2.90748
3.17068
3.30594
3.19486
-3.63205
-3.65025
-3.35759
-2.95023
-2.5488
-2.18657
-1.87291
-1.60789
-1.38657
-1.20238
-1.04894
-0.920664
-0.812874
-0.721767
-0.644282
-0.57797
-0.520867
-0.471395
-0.428278
-0.39048
-0.357152
-0.327593
-0.301224
-0.277557
-0.256182
-0.236751
-0.218968
-0.202575
-0.18735
-0.173099
-0.159651
-0.146852
-0.134567
-0.122673
-0.111057
-0.0996147
-0.0882503
-0.0768724
-0.0653938
-0.0537305
-0.0417998
-0.0295196
-0.0168075
-0.003579
0.0102533
0.0247809
0.040101
0.0563182
0.0735459
0.0919086
0.111545
0.132608
0.155273
0.179738
0.20623
0.235011
0.266385
0.300711
0.33841
0.379982
0.426026
0.477265
0.534573
0.599022
0.671925
0.754911
0.850001
0.959713
1.08719
1.23632
1.41188
1.61957
1.86588
2.1574
2.49908
2.89068
3.32212
3.75839
4.07679
4.07836
-4.93388
-4.64058
-4.01639
-3.35556
-2.77791
-2.30076
-1.91615
-1.60903
-1.3637
-1.16664
-1.00705
-0.876592
-0.768916
-0.679209
-0.603803
-0.539888
-0.485288
-0.438303
-0.397591
-0.362081
-0.330907
-0.303367
-0.278884
-0.256977
-0.237245
-0.219351
-0.203006
-0.187964
-0.17401
-0.16096
-0.148648
-0.136931
-0.125679
-0.114774
-0.104111
-0.0935901
-0.0831211
-0.0726175
-0.0619969
-0.05118
-0.0400886
-0.0286455
-0.0167724
-0.00438979
0.00858501
0.0222386
0.0366631
0.0519574
0.0682293
0.0855972
0.104193
0.124163
0.145675
0.168919
0.194113
0.221512
0.251411
0.284159
0.320172
0.359945
0.404078
0.4533
0.508508
0.570817
0.641619
0.722679
0.816252
0.925249
1.05346
1.20584
1.38893
1.61128
1.88395
2.22078
2.6378
3.15047
3.76662
4.46677
5.12952
5.46077
-7.17808
-6.00416
-4.7533
-3.73046
-2.93571
-2.33555
-1.88767
-1.55087
-1.29367
-1.094
-0.936406
-0.81006
-0.707307
-0.622664
-0.552143
-0.492787
-0.442373
-0.399197
-0.361938
-0.329554
-0.301215
-0.276249
-0.254109
-0.234343
-0.216574
-0.200486
-0.18581
-0.172316
-0.159805
-0.148104
-0.137061
-0.126543
-0.116428
-0.106608
-0.096984
-0.0874656
-0.0779675
-0.0684099
-0.0587164
-0.0488133
-0.0386282
-0.0280892
-0.017124
-0.00565846
0.00638393
0.0190836
0.0325261
0.0468032
0.062015
0.0782716
0.0956952
0.114423
0.13461
0.156433
0.180098
0.20584
0.233939
0.264722
0.29858
0.335985
0.377507
0.423848
0.475875
0.534679
0.601642
0.678542
0.767701
0.872198
0.996179
1.14533
1.32755
1.55403
1.84065
2.21009
2.69465
3.33685
4.18014
5.2564
6.56566
7.80734
-11.5601
-7.80262
-5.29302
-3.81994
-2.84172
-2.17224
-1.7113
-1.38437
-1.14413
-0.962263
-0.821079
-0.70911
-0.618693
-0.544568
-0.483014
-0.431333
-0.387522
-0.350063
-0.317786
-0.289771
-0.265287
-0.243745
-0.224665
-0.207649
-0.192366
-0.178537
-0.165926
-0.154329
-0.143571
-0.133498
-0.123976
-0.114885
-0.106118
-0.0975776
-0.0891762
-0.080832
-0.0724689
-0.0640151
-0.0554019
-0.0465631
-0.0374335
-0.0279484
-0.0180427
-0.0076497
0.00329938
0.0148768
0.0271593
0.0402292
0.054176
0.0690982
0.0851048
0.102318
0.120876
0.140936
0.16268
0.186318
0.212096
0.240305
0.27129
0.305469
0.343347
0.385545
0.432835
0.486185
0.546835
0.616385
0.696949
0.791365
0.903533
1.03895
1.20559
1.41536
1.68651
2.04823
2.54903
3.266
4.30363
5.85007
8.44989
12.3182
-18.9698
-9.55621
-5.06809
-3.24734
-2.28433
-1.70017
-1.32928
-1.07803
-0.896603
-0.759522
-0.652598
-0.567184
-0.497689
-0.440319
-0.392394
-0.351959
-0.317545
-0.288032
-0.262542
-0.240383
-0.220995
-0.203924
-0.188796
-0.1753
-0.163172
-0.15219
-0.142164
-0.132928
-0.12434
-0.116274
-0.108618
-0.101272
-0.0941474
-0.0871624
-0.0802426
-0.0733186
-0.0663259
-0.0592033
-0.0518919
-0.0443351
-0.0364769
-0.0282618
-0.019634
-0.0105364
-0.000910007
0.00930672
0.0201791
0.031777
0.0441761
0.0574592
0.0717176
0.0870533
0.103581
0.12143
0.140751
0.161713
0.184517
0.209398
0.236632
0.266551
0.299554
0.336127
0.37687
0.422532
0.474058
0.532662
0.599931
0.67798
0.769697
0.879154
1.01231
1.17829
1.39195
1.67955
2.09193
2.72595
3.7569
5.67364
10.2794
19.8164
)
;

boundaryField
{
    movingWall
    {
        type            zeroGradient;
    }
    fixedWalls
    {
        type            zeroGradient;
    }
    frontAndBack
    {
        type            empty;
    }
}


// ************************************************************************* //
