0.05 	0.0003125 	0.005 	-0.00191298 	7.18103e-07 	0
0.05 	0.0009375 	0.005 	-0.00561319 	4.59606e-06 	0
0.05 	0.0015625 	0.005 	-0.00919643 	1.27696e-05 	0
0.05 	0.0021875 	0.005 	-0.0126708 	2.42604e-05 	0
0.05 	0.0028125 	0.005 	-0.0160437 	3.85105e-05 	0
0.05 	0.0034375 	0.005 	-0.019322 	5.5215e-05 	0
0.05 	0.0040625 	0.005 	-0.0225126 	7.41251e-05 	0
0.05 	0.0046875 	0.005 	-0.0256218 	9.50554e-05 	0
0.05 	0.0053125 	0.005 	-0.0286559 	0.000117896 	0
0.05 	0.0059375 	0.005 	-0.0316207 	0.000142608 	0
0.05 	0.0065625 	0.005 	-0.034522 	0.000169225 	0
0.05 	0.0071875 	0.005 	-0.0373653 	0.000197844 	0
0.05 	0.0078125 	0.005 	-0.0401556 	0.000228632 	0
0.05 	0.0084375 	0.005 	-0.0428981 	0.000261817 	0
0.05 	0.0090625 	0.005 	-0.0455976 	0.000297693 	0
0.05 	0.0096875 	0.005 	-0.0482587 	0.000336616 	0
0.05 	0.0103125 	0.005 	-0.0508857 	0.000379004 	0
0.05 	0.0109375 	0.005 	-0.0534831 	0.000425336 	0
0.05 	0.0115625 	0.005 	-0.0560547 	0.00047615 	0
0.05 	0.0121875 	0.005 	-0.0586046 	0.000532047 	0
0.05 	0.0128125 	0.005 	-0.0611365 	0.000593684 	0
0.05 	0.0134375 	0.005 	-0.0636539 	0.00066178 	0
0.05 	0.0140625 	0.005 	-0.0661602 	0.000737112 	0
0.05 	0.0146875 	0.005 	-0.0686586 	0.000820514 	0
0.05 	0.0153125 	0.005 	-0.0711522 	0.000912881 	0
0.05 	0.0159375 	0.005 	-0.0736439 	0.00101516 	0
0.05 	0.0165625 	0.005 	-0.0761365 	0.00112837 	0
0.05 	0.0171875 	0.005 	-0.0786324 	0.00125357 	0
0.05 	0.0178125 	0.005 	-0.081134 	0.00139188 	0
0.05 	0.0184375 	0.005 	-0.0836435 	0.00154448 	0
0.05 	0.0190625 	0.005 	-0.086163 	0.00171261 	0
0.05 	0.0196875 	0.005 	-0.0886943 	0.00189754 	0
0.05 	0.0203125 	0.005 	-0.0912389 	0.00210062 	0
0.05 	0.0209375 	0.005 	-0.0937983 	0.00232325 	0
0.05 	0.0215625 	0.005 	-0.0963738 	0.00256685 	0
0.05 	0.0221875 	0.005 	-0.0989664 	0.00283292 	0
0.05 	0.0228125 	0.005 	-0.101577 	0.00312299 	0
0.05 	0.0234375 	0.005 	-0.104206 	0.00343863 	0
0.05 	0.0240625 	0.005 	-0.106853 	0.00378146 	0
0.05 	0.0246875 	0.005 	-0.109519 	0.00415313 	0
0.05 	0.0253125 	0.005 	-0.112204 	0.00455533 	0
0.05 	0.0259375 	0.005 	-0.114907 	0.00498976 	0
0.05 	0.0265625 	0.005 	-0.117628 	0.00545816 	0
0.05 	0.0271875 	0.005 	-0.120365 	0.0059623 	0
0.05 	0.0278125 	0.005 	-0.123118 	0.00650393 	0
0.05 	0.0284375 	0.005 	-0.125884 	0.00708485 	0
0.05 	0.0290625 	0.005 	-0.128663 	0.00770682 	0
0.05 	0.0296875 	0.005 	-0.131451 	0.00837162 	0
0.05 	0.0303125 	0.005 	-0.134246 	0.00908101 	0
0.05 	0.0309375 	0.005 	-0.137046 	0.00983673 	0
0.05 	0.0315625 	0.005 	-0.139848 	0.0106405 	0
0.05 	0.0321875 	0.005 	-0.142647 	0.011494 	0
0.05 	0.0328125 	0.005 	-0.145441 	0.0123988 	0
0.05 	0.0334375 	0.005 	-0.148226 	0.0133565 	0
0.05 	0.0340625 	0.005 	-0.150996 	0.0143687 	0
0.05 	0.0346875 	0.005 	-0.153748 	0.0154367 	0
0.05 	0.0353125 	0.005 	-0.156476 	0.0165618 	0
0.05 	0.0359375 	0.005 	-0.159175 	0.0177454 	0
0.05 	0.0365625 	0.005 	-0.16184 	0.0189885 	0
0.05 	0.0371875 	0.005 	-0.164463 	0.0202921 	0
0.05 	0.0378125 	0.005 	-0.16704 	0.0216571 	0
0.05 	0.0384375 	0.005 	-0.169564 	0.0230841 	0
0.05 	0.0390625 	0.005 	-0.172028 	0.0245739 	0
0.05 	0.0396875 	0.005 	-0.174424 	0.0261266 	0
0.05 	0.0403125 	0.005 	-0.176746 	0.0277426 	0
0.05 	0.0409375 	0.005 	-0.178987 	0.0294218 	0
0.05 	0.0415625 	0.005 	-0.181138 	0.031164 	0
0.05 	0.0421875 	0.005 	-0.183192 	0.0329688 	0
0.05 	0.0428125 	0.005 	-0.185141 	0.0348355 	0
0.05 	0.0434375 	0.005 	-0.186976 	0.0367632 	0
0.05 	0.0440625 	0.005 	-0.188691 	0.0387508 	0
0.05 	0.0446875 	0.005 	-0.190275 	0.0407968 	0
0.05 	0.0453125 	0.005 	-0.191722 	0.0428995 	0
0.05 	0.0459375 	0.005 	-0.193024 	0.0450571 	0
0.05 	0.0465625 	0.005 	-0.194171 	0.0472673 	0
0.05 	0.0471875 	0.005 	-0.195156 	0.0495276 	0
0.05 	0.0478125 	0.005 	-0.195971 	0.0518351 	0
0.05 	0.0484375 	0.005 	-0.196609 	0.0541868 	0
0.05 	0.0490625 	0.005 	-0.197061 	0.0565794 	0
0.05 	0.0496875 	0.005 	-0.197321 	0.0590091 	0
0.05 	0.0503125 	0.005 	-0.197381 	0.0614721 	0
0.05 	0.0509375 	0.005 	-0.197235 	0.0639641 	0
0.05 	0.0515625 	0.005 	-0.196876 	0.0664807 	0
0.05 	0.0521875 	0.005 	-0.196298 	0.069017 	0
0.05 	0.0528125 	0.005 	-0.195497 	0.0715682 	0
0.05 	0.0534375 	0.005 	-0.194466 	0.0741289 	0
0.05 	0.0540625 	0.005 	-0.193201 	0.0766937 	0
0.05 	0.0546875 	0.005 	-0.191697 	0.0792569 	0
0.05 	0.0553125 	0.005 	-0.189952 	0.0818127 	0
0.05 	0.0559375 	0.005 	-0.187961 	0.0843549 	0
0.05 	0.0565625 	0.005 	-0.185723 	0.0868774 	0
0.05 	0.0571875 	0.005 	-0.183234 	0.0893737 	0
0.05 	0.0578125 	0.005 	-0.180495 	0.0918374 	0
0.05 	0.0584375 	0.005 	-0.177502 	0.0942618 	0
0.05 	0.0590625 	0.005 	-0.174257 	0.0966403 	0
0.05 	0.0596875 	0.005 	-0.170758 	0.0989662 	0
0.05 	0.0603125 	0.005 	-0.167006 	0.101233 	0
0.05 	0.0609375 	0.005 	-0.163003 	0.103433 	0
0.05 	0.0615625 	0.005 	-0.15875 	0.10556 	0
0.05 	0.0621875 	0.005 	-0.154247 	0.107607 	0
0.05 	0.0628125 	0.005 	-0.149498 	0.109568 	0
0.05 	0.0634375 	0.005 	-0.144505 	0.111435 	0
0.05 	0.0640625 	0.005 	-0.139269 	0.113203 	0
0.05 	0.0646875 	0.005 	-0.133795 	0.114865 	0
0.05 	0.0653125 	0.005 	-0.128084 	0.116413 	0
0.05 	0.0659375 	0.005 	-0.12214 	0.117843 	0
0.05 	0.0665625 	0.005 	-0.115964 	0.119149 	0
0.05 	0.0671875 	0.005 	-0.109561 	0.120323 	0
0.05 	0.0678125 	0.005 	-0.102931 	0.121361 	0
0.05 	0.0684375 	0.005 	-0.0960758 	0.122257 	0
0.05 	0.0690625 	0.005 	-0.0889976 	0.123005 	0
0.05 	0.0696875 	0.005 	-0.0816964 	0.123601 	0
0.05 	0.0703125 	0.005 	-0.0741718 	0.12404 	0
0.05 	0.0709375 	0.005 	-0.0664226 	0.124316 	0
0.05 	0.0715625 	0.005 	-0.0584463 	0.124426 	0
0.05 	0.0721875 	0.005 	-0.0502391 	0.124365 	0
0.05 	0.0728125 	0.005 	-0.0417957 	0.12413 	0
0.05 	0.0734375 	0.005 	-0.0331092 	0.123717 	0
0.05 	0.0740625 	0.005 	-0.0241707 	0.123122 	0
0.05 	0.0746875 	0.005 	-0.0149693 	0.122342 	0
0.05 	0.0753125 	0.005 	-0.00549179 	0.121374 	0
0.05 	0.0759375 	0.005 	0.00427756 	0.120217 	0
0.05 	0.0765625 	0.005 	0.0143572 	0.118867 	0
0.05 	0.0771875 	0.005 	0.0247686 	0.117324 	0
0.05 	0.0778125 	0.005 	0.0355361 	0.115586 	0
0.05 	0.0784375 	0.005 	0.0466879 	0.113651 	0
0.05 	0.0790625 	0.005 	0.0582553 	0.111521 	0
0.05 	0.0796875 	0.005 	0.0702736 	0.109195 	0
0.05 	0.0803125 	0.005 	0.0827818 	0.106675 	0
0.05 	0.0809375 	0.005 	0.095823 	0.103961 	0
0.05 	0.0815625 	0.005 	0.109444 	0.101057 	0
0.05 	0.0821875 	0.005 	0.123696 	0.0979656 	0
0.05 	0.0828125 	0.005 	0.138635 	0.094692 	0
0.05 	0.0834375 	0.005 	0.154318 	0.0912416 	0
0.05 	0.0840625 	0.005 	0.170809 	0.0876215 	0
0.05 	0.0846875 	0.005 	0.188173 	0.08384 	0
0.05 	0.0853125 	0.005 	0.206478 	0.0799071 	0
0.05 	0.0859375 	0.005 	0.225794 	0.0758346 	0
0.05 	0.0865625 	0.005 	0.246192 	0.0716361 	0
0.05 	0.0871875 	0.005 	0.267745 	0.067327 	0
0.05 	0.0878125 	0.005 	0.290523 	0.0629252 	0
0.05 	0.0884375 	0.005 	0.314593 	0.0584507 	0
0.05 	0.0890625 	0.005 	0.34002 	0.0539257 	0
0.05 	0.0896875 	0.005 	0.366863 	0.049375 	0
0.05 	0.0903125 	0.005 	0.39517 	0.0448257 	0
0.05 	0.0909375 	0.005 	0.424983 	0.0403075 	0
0.05 	0.0915625 	0.005 	0.45633 	0.0358519 	0
0.05 	0.0921875 	0.005 	0.489223 	0.0314931 	0
0.05 	0.0928125 	0.005 	0.523658 	0.0272668 	0
0.05 	0.0934375 	0.005 	0.559609 	0.0232103 	0
0.05 	0.0940625 	0.005 	0.59703 	0.0193619 	0
0.05 	0.0946875 	0.005 	0.635847 	0.0157606 	0
0.05 	0.0953125 	0.005 	0.675961 	0.012445 	0
0.05 	0.0959375 	0.005 	0.717242 	0.00945271 	0
0.05 	0.0965625 	0.005 	0.75953 	0.00681941 	0
0.05 	0.0971875 	0.005 	0.802635 	0.00457796 	0
0.05 	0.0978125 	0.005 	0.846334 	0.00275572 	0
0.05 	0.0984375 	0.005 	0.890377 	0.00137186 	0
0.05 	0.0990625 	0.005 	0.934484 	0.000454915 	0
0.05 	0.0996875 	0.005 	0.97835 	5.92245e-05 	0
