0.05 	0.0003125 	0.005 	-0.00113138 	1.21632e-06 	0
0.05 	0.0009375 	0.005 	-0.00322842 	7.79079e-06 	0
0.05 	0.0015625 	0.005 	-0.0051663 	2.15392e-05 	0
0.05 	0.0021875 	0.005 	-0.00695161 	4.06354e-05 	0
0.05 	0.0028125 	0.005 	-0.00859092 	6.39992e-05 	0
0.05 	0.0034375 	0.005 	-0.0100911 	9.09463e-05 	0
0.05 	0.0040625 	0.005 	-0.0114591 	0.000120856 	0
0.05 	0.0046875 	0.005 	-0.0127024 	0.000153185 	0
0.05 	0.0053125 	0.005 	-0.0138286 	0.000187484 	0
0.05 	0.0059375 	0.005 	-0.0148457 	0.000223384 	0
0.05 	0.0065625 	0.005 	-0.0157615 	0.000260589 	0
0.05 	0.0071875 	0.005 	-0.0165843 	0.000298867 	0
0.05 	0.0078125 	0.005 	-0.0173221 	0.000338042 	0
0.05 	0.0084375 	0.005 	-0.0179831 	0.000377989 	0
0.05 	0.0090625 	0.005 	-0.0185751 	0.000418626 	0
0.05 	0.0096875 	0.005 	-0.0191059 	0.00045991 	0
0.05 	0.0103125 	0.005 	-0.0195826 	0.000501827 	0
0.05 	0.0109375 	0.005 	-0.0200124 	0.000544393 	0
0.05 	0.0115625 	0.005 	-0.0204019 	0.000587645 	0
0.05 	0.0121875 	0.005 	-0.020757 	0.000631641 	0
0.05 	0.0128125 	0.005 	-0.0210836 	0.000676451 	0
0.05 	0.0134375 	0.005 	-0.0213867 	0.00072216 	0
0.05 	0.0140625 	0.005 	-0.0216711 	0.000768861 	0
0.05 	0.0146875 	0.005 	-0.021941 	0.000816655 	0
0.05 	0.0153125 	0.005 	-0.0222001 	0.000865648 	0
0.05 	0.0159375 	0.005 	-0.0224518 	0.000915953 	0
0.05 	0.0165625 	0.005 	-0.0226989 	0.000967683 	0
0.05 	0.0171875 	0.005 	-0.0229441 	0.00102095 	0
0.05 	0.0178125 	0.005 	-0.0231894 	0.00107589 	0
0.05 	0.0184375 	0.005 	-0.0234368 	0.0011326 	0
0.05 	0.0190625 	0.005 	-0.0236878 	0.00119122 	0
0.05 	0.0196875 	0.005 	-0.0239439 	0.00125186 	0
0.05 	0.0203125 	0.005 	-0.0242061 	0.00131465 	0
0.05 	0.0209375 	0.005 	-0.0244754 	0.00137971 	0
0.05 	0.0215625 	0.005 	-0.0247526 	0.00144718 	0
0.05 	0.0221875 	0.005 	-0.0250384 	0.00151718 	0
0.05 	0.0228125 	0.005 	-0.0253333 	0.00158985 	0
0.05 	0.0234375 	0.005 	-0.0256378 	0.00166532 	0
0.05 	0.0240625 	0.005 	-0.0259523 	0.00174372 	0
0.05 	0.0246875 	0.005 	-0.0262771 	0.00182521 	0
0.05 	0.0253125 	0.005 	-0.0266124 	0.00190993 	0
0.05 	0.0259375 	0.005 	-0.0269585 	0.00199802 	0
0.05 	0.0265625 	0.005 	-0.0273156 	0.00208964 	0
0.05 	0.0271875 	0.005 	-0.0276838 	0.00218495 	0
0.05 	0.0278125 	0.005 	-0.0280633 	0.00228412 	0
0.05 	0.0284375 	0.005 	-0.0284542 	0.00238731 	0
0.05 	0.0290625 	0.005 	-0.0288567 	0.0024947 	0
0.05 	0.0296875 	0.005 	-0.0292708 	0.00260647 	0
0.05 	0.0303125 	0.005 	-0.0296966 	0.00272281 	0
0.05 	0.0309375 	0.005 	-0.0301342 	0.00284391 	0
0.05 	0.0315625 	0.005 	-0.0305838 	0.00296996 	0
0.05 	0.0321875 	0.005 	-0.0310453 	0.00310118 	0
0.05 	0.0328125 	0.005 	-0.0315188 	0.00323777 	0
0.05 	0.0334375 	0.005 	-0.0320045 	0.00337995 	0
0.05 	0.0340625 	0.005 	-0.0325023 	0.00352795 	0
0.05 	0.0346875 	0.005 	-0.0330123 	0.00368199 	0
0.05 	0.0353125 	0.005 	-0.0335345 	0.00384233 	0
0.05 	0.0359375 	0.005 	-0.034069 	0.00400919 	0
0.05 	0.0365625 	0.005 	-0.0346158 	0.00418283 	0
0.05 	0.0371875 	0.005 	-0.0351749 	0.00436352 	0
0.05 	0.0378125 	0.005 	-0.0357464 	0.0045515 	0
0.05 	0.0384375 	0.005 	-0.0363301 	0.00474706 	0
0.05 	0.0390625 	0.005 	-0.0369261 	0.00495046 	0
0.05 	0.0396875 	0.005 	-0.0375344 	0.005162 	0
0.05 	0.0403125 	0.005 	-0.0381549 	0.00538195 	0
0.05 	0.0409375 	0.005 	-0.0387876 	0.0056106 	0
0.05 	0.0415625 	0.005 	-0.0394324 	0.00584826 	0
0.05 	0.0421875 	0.005 	-0.0400891 	0.00609522 	0
0.05 	0.0428125 	0.005 	-0.0407578 	0.00635179 	0
0.05 	0.0434375 	0.005 	-0.0414383 	0.00661827 	0
0.05 	0.0440625 	0.005 	-0.0421304 	0.00689496 	0
0.05 	0.0446875 	0.005 	-0.042834 	0.00718218 	0
0.05 	0.0453125 	0.005 	-0.0435488 	0.00748024 	0
0.05 	0.0459375 	0.005 	-0.0442748 	0.00778943 	0
0.05 	0.0465625 	0.005 	-0.0450116 	0.00811007 	0
0.05 	0.0471875 	0.005 	-0.0457589 	0.00844245 	0
0.05 	0.0478125 	0.005 	-0.0465166 	0.00878687 	0
0.05 	0.0484375 	0.005 	-0.0472843 	0.00914361 	0
0.05 	0.0490625 	0.005 	-0.0480617 	0.00951295 	0
0.05 	0.0496875 	0.005 	-0.0488483 	0.00989516 	0
0.05 	0.0503125 	0.005 	-0.0496438 	0.0102905 	0
0.05 	0.0509375 	0.005 	-0.0504478 	0.0106992 	0
0.05 	0.0515625 	0.005 	-0.0512598 	0.0111215 	0
0.05 	0.0521875 	0.005 	-0.0520793 	0.0115575 	0
0.05 	0.0528125 	0.005 	-0.0529058 	0.0120075 	0
0.05 	0.0534375 	0.005 	-0.0537387 	0.0124717 	0
0.05 	0.0540625 	0.005 	-0.0545775 	0.01295 	0
0.05 	0.0546875 	0.005 	-0.0554214 	0.0134427 	0
0.05 	0.0553125 	0.005 	-0.0562699 	0.0139498 	0
0.05 	0.0559375 	0.005 	-0.0571223 	0.0144712 	0
0.05 	0.0565625 	0.005 	-0.0579778 	0.0150071 	0
0.05 	0.0571875 	0.005 	-0.0588357 	0.0155572 	0
0.05 	0.0578125 	0.005 	-0.0596952 	0.0161215 	0
0.05 	0.0584375 	0.005 	-0.0605556 	0.0166998 	0
0.05 	0.0590625 	0.005 	-0.061416 	0.0172919 	0
0.05 	0.0596875 	0.005 	-0.0622756 	0.0178975 	0
0.05 	0.0603125 	0.005 	-0.0631335 	0.0185162 	0
0.05 	0.0609375 	0.005 	-0.0639889 	0.0191476 	0
0.05 	0.0615625 	0.005 	-0.0648408 	0.0197912 	0
0.05 	0.0621875 	0.005 	-0.0656884 	0.0204466 	0
0.05 	0.0628125 	0.005 	-0.0665308 	0.0211129 	0
0.05 	0.0634375 	0.005 	-0.0673671 	0.0217896 	0
0.05 	0.0640625 	0.005 	-0.0681965 	0.0224758 	0
0.05 	0.0646875 	0.005 	-0.0690181 	0.0231707 	0
0.05 	0.0653125 	0.005 	-0.0698309 	0.0238733 	0
0.05 	0.0659375 	0.005 	-0.0706343 	0.0245826 	0
0.05 	0.0665625 	0.005 	-0.0714273 	0.0252975 	0
0.05 	0.0671875 	0.005 	-0.0722091 	0.0260169 	0
0.05 	0.0678125 	0.005 	-0.0729788 	0.0267393 	0
0.05 	0.0684375 	0.005 	-0.0737357 	0.0274636 	0
0.05 	0.0690625 	0.005 	-0.0744788 	0.0281883 	0
0.05 	0.0696875 	0.005 	-0.0752072 	0.0289118 	0
0.05 	0.0703125 	0.005 	-0.0759197 	0.0296327 	0
0.05 	0.0709375 	0.005 	-0.0766152 	0.0303494 	0
0.05 	0.0715625 	0.005 	-0.0772921 	0.03106 	0
0.05 	0.0721875 	0.005 	-0.0779486 	0.0317629 	0
0.05 	0.0728125 	0.005 	-0.0785824 	0.0324561 	0
0.05 	0.0734375 	0.005 	-0.0791904 	0.0331379 	0
0.05 	0.0740625 	0.005 	-0.079769 	0.0338061 	0
0.05 	0.0746875 	0.005 	-0.080313 	0.0344586 	0
0.05 	0.0753125 	0.005 	-0.0808163 	0.0350933 	0
0.05 	0.0759375 	0.005 	-0.0812706 	0.0357077 	0
0.05 	0.0765625 	0.005 	-0.0816654 	0.0362993 	0
0.05 	0.0771875 	0.005 	-0.0819875 	0.0368655 	0
0.05 	0.0778125 	0.005 	-0.0822201 	0.0374032 	0
0.05 	0.0784375 	0.005 	-0.082342 	0.0379092 	0
0.05 	0.0790625 	0.005 	-0.0823272 	0.03838 	0
0.05 	0.0796875 	0.005 	-0.0821432 	0.0388115 	0
0.05 	0.0803125 	0.005 	-0.0817503 	0.0391995 	0
0.05 	0.0809375 	0.005 	-0.0811001 	0.0395387 	0
0.05 	0.0815625 	0.005 	-0.0801344 	0.0398237 	0
0.05 	0.0821875 	0.005 	-0.0787834 	0.0400481 	0
0.05 	0.0828125 	0.005 	-0.076964 	0.0402048 	0
0.05 	0.0834375 	0.005 	-0.0745784 	0.0402859 	0
0.05 	0.0840625 	0.005 	-0.0715122 	0.0402823 	0
0.05 	0.0846875 	0.005 	-0.0676327 	0.0401842 	0
0.05 	0.0853125 	0.005 	-0.0627871 	0.0399808 	0
0.05 	0.0859375 	0.005 	-0.056801 	0.0396602 	0
0.05 	0.0865625 	0.005 	-0.0494764 	0.0392099 	0
0.05 	0.0871875 	0.005 	-0.0405913 	0.0386164 	0
0.05 	0.0878125 	0.005 	-0.0298975 	0.0378659 	0
0.05 	0.0884375 	0.005 	-0.0171205 	0.0369446 	0
0.05 	0.0890625 	0.005 	-0.00195872 	0.035839 	0
0.05 	0.0896875 	0.005 	0.0159165 	0.0345369 	0
0.05 	0.0903125 	0.005 	0.0368603 	0.033028 	0
0.05 	0.0909375 	0.005 	0.0612534 	0.0313048 	0
0.05 	0.0915625 	0.005 	0.0894988 	0.0293645 	0
0.05 	0.0921875 	0.005 	0.122018 	0.0272099 	0
0.05 	0.0928125 	0.005 	0.159246 	0.0248512 	0
0.05 	0.0934375 	0.005 	0.201615 	0.0223084 	0
0.05 	0.0940625 	0.005 	0.249549 	0.0196125 	0
0.05 	0.0946875 	0.005 	0.303431 	0.0168074 	0
0.05 	0.0953125 	0.005 	0.36358 	0.0139516 	0
0.05 	0.0959375 	0.005 	0.430209 	0.0111183 	0
0.05 	0.0965625 	0.005 	0.503376 	0.00839502 	0
0.05 	0.0971875 	0.005 	0.582925 	0.00588155 	0
0.05 	0.0978125 	0.005 	0.668425 	0.00368327 	0
0.05 	0.0984375 	0.005 	0.759112 	0.00190192 	0
0.05 	0.0990625 	0.005 	0.853845 	0.000653562 	0
0.05 	0.0996875 	0.005 	0.951085 	8.96682e-05 	0
