0.05 	0.0003125 	0.005 	-0.00208853 	6.67944e-07 	0
0.05 	0.0009375 	0.005 	-0.00613598 	4.13204e-06 	0
0.05 	0.0015625 	0.005 	-0.0100631 	1.12652e-05 	0
0.05 	0.0021875 	0.005 	-0.0138785 	2.10781e-05 	0
0.05 	0.0028125 	0.005 	-0.01759 	3.29785e-05 	0
0.05 	0.0034375 	0.005 	-0.021205 	4.66236e-05 	0
0.05 	0.0040625 	0.005 	-0.0247305 	6.17403e-05 	0
0.05 	0.0046875 	0.005 	-0.0281733 	7.81322e-05 	0
0.05 	0.0053125 	0.005 	-0.03154 	9.56885e-05 	0
0.05 	0.0059375 	0.005 	-0.0348366 	0.000114382 	0
0.05 	0.0065625 	0.005 	-0.0380692 	0.000134266 	0
0.05 	0.0071875 	0.005 	-0.0412433 	0.000155469 	0
0.05 	0.0078125 	0.005 	-0.0443643 	0.000178197 	0
0.05 	0.0084375 	0.005 	-0.0474373 	0.00020273 	0
0.05 	0.0090625 	0.005 	-0.0504674 	0.000229419 	0
0.05 	0.0096875 	0.005 	-0.053459 	0.000258686 	0
0.05 	0.0103125 	0.005 	-0.0564168 	0.000291024 	0
0.05 	0.0109375 	0.005 	-0.0593449 	0.000326993 	0
0.05 	0.0115625 	0.005 	-0.0622473 	0.00036722 	0
0.05 	0.0121875 	0.005 	-0.0651279 	0.000412401 	0
0.05 	0.0128125 	0.005 	-0.0679903 	0.000463293 	0
0.05 	0.0134375 	0.005 	-0.0708379 	0.000520721 	0
0.05 	0.0140625 	0.005 	-0.0736738 	0.000585573 	0
0.05 	0.0146875 	0.005 	-0.0765011 	0.000658799 	0
0.05 	0.0153125 	0.005 	-0.0793226 	0.000741411 	0
0.05 	0.0159375 	0.005 	-0.0821409 	0.000834484 	0
0.05 	0.0165625 	0.005 	-0.0849583 	0.000939148 	0
0.05 	0.0171875 	0.005 	-0.087777 	0.0010566 	0
0.05 	0.0178125 	0.005 	-0.090599 	0.00118808 	0
0.05 	0.0184375 	0.005 	-0.093426 	0.00133491 	0
0.05 	0.0190625 	0.005 	-0.0962595 	0.00149843 	0
0.05 	0.0196875 	0.005 	-0.0991009 	0.00168007 	0
0.05 	0.0203125 	0.005 	-0.101951 	0.00188128 	0
0.05 	0.0209375 	0.005 	-0.104811 	0.00210358 	0
0.05 	0.0215625 	0.005 	-0.107681 	0.00234853 	0
0.05 	0.0221875 	0.005 	-0.110562 	0.00261773 	0
0.05 	0.0228125 	0.005 	-0.113454 	0.00291282 	0
0.05 	0.0234375 	0.005 	-0.116356 	0.00323548 	0
0.05 	0.0240625 	0.005 	-0.119269 	0.00358742 	0
0.05 	0.0246875 	0.005 	-0.122191 	0.00397038 	0
0.05 	0.0253125 	0.005 	-0.125121 	0.00438613 	0
0.05 	0.0259375 	0.005 	-0.128058 	0.00483644 	0
0.05 	0.0265625 	0.005 	-0.131001 	0.00532311 	0
0.05 	0.0271875 	0.005 	-0.133948 	0.00584795 	0
0.05 	0.0278125 	0.005 	-0.136896 	0.00641276 	0
0.05 	0.0284375 	0.005 	-0.139843 	0.00701935 	0
0.05 	0.0290625 	0.005 	-0.142786 	0.00766949 	0
0.05 	0.0296875 	0.005 	-0.145723 	0.00836495 	0
0.05 	0.0303125 	0.005 	-0.148649 	0.00910748 	0
0.05 	0.0309375 	0.005 	-0.151562 	0.00989877 	0
0.05 	0.0315625 	0.005 	-0.154457 	0.0107405 	0
0.05 	0.0321875 	0.005 	-0.157329 	0.0116342 	0
0.05 	0.0328125 	0.005 	-0.160174 	0.0125815 	0
0.05 	0.0334375 	0.005 	-0.162988 	0.0135837 	0
0.05 	0.0340625 	0.005 	-0.165764 	0.0146423 	0
0.05 	0.0346875 	0.005 	-0.168498 	0.0157586 	0
0.05 	0.0353125 	0.005 	-0.171184 	0.0169337 	0
0.05 	0.0359375 	0.005 	-0.173814 	0.0181686 	0
0.05 	0.0365625 	0.005 	-0.176384 	0.0194643 	0
0.05 	0.0371875 	0.005 	-0.178887 	0.0208215 	0
0.05 	0.0378125 	0.005 	-0.181315 	0.0222408 	0
0.05 	0.0384375 	0.005 	-0.183662 	0.0237227 	0
0.05 	0.0390625 	0.005 	-0.185921 	0.0252675 	0
0.05 	0.0396875 	0.005 	-0.188083 	0.0268752 	0
0.05 	0.0403125 	0.005 	-0.190143 	0.0285458 	0
0.05 	0.0409375 	0.005 	-0.192091 	0.0302788 	0
0.05 	0.0415625 	0.005 	-0.19392 	0.0320738 	0
0.05 	0.0421875 	0.005 	-0.195623 	0.0339299 	0
0.05 	0.0428125 	0.005 	-0.197192 	0.0358463 	0
0.05 	0.0434375 	0.005 	-0.198618 	0.0378215 	0
0.05 	0.0440625 	0.005 	-0.199895 	0.0398541 	0
0.05 	0.0446875 	0.005 	-0.201014 	0.0419424 	0
0.05 	0.0453125 	0.005 	-0.201967 	0.0440842 	0
0.05 	0.0459375 	0.005 	-0.202748 	0.0462774 	0
0.05 	0.0465625 	0.005 	-0.203348 	0.0485194 	0
0.05 	0.0471875 	0.005 	-0.203762 	0.0508073 	0
0.05 	0.0478125 	0.005 	-0.203981 	0.0531381 	0
0.05 	0.0484375 	0.005 	-0.204 	0.0555083 	0
0.05 	0.0490625 	0.005 	-0.203812 	0.0579144 	0
0.05 	0.0496875 	0.005 	-0.203411 	0.0603525 	0
0.05 	0.0503125 	0.005 	-0.202791 	0.0628184 	0
0.05 	0.0509375 	0.005 	-0.201949 	0.0653078 	0
0.05 	0.0515625 	0.005 	-0.200878 	0.0678161 	0
0.05 	0.0521875 	0.005 	-0.199574 	0.0703384 	0
0.05 	0.0528125 	0.005 	-0.198034 	0.0728696 	0
0.05 	0.0534375 	0.005 	-0.196255 	0.0754046 	0
0.05 	0.0540625 	0.005 	-0.194234 	0.0779379 	0
0.05 	0.0546875 	0.005 	-0.191968 	0.0804638 	0
0.05 	0.0553125 	0.005 	-0.189457 	0.0829767 	0
0.05 	0.0559375 	0.005 	-0.186698 	0.0854706 	0
0.05 	0.0565625 	0.005 	-0.183691 	0.0879395 	0
0.05 	0.0571875 	0.005 	-0.180436 	0.0903774 	0
0.05 	0.0578125 	0.005 	-0.176934 	0.0927779 	0
0.05 	0.0584375 	0.005 	-0.173185 	0.0951349 	0
0.05 	0.0590625 	0.005 	-0.169192 	0.0974421 	0
0.05 	0.0596875 	0.005 	-0.164955 	0.0996931 	0
0.05 	0.0603125 	0.005 	-0.160477 	0.101882 	0
0.05 	0.0609375 	0.005 	-0.155762 	0.104001 	0
0.05 	0.0615625 	0.005 	-0.150811 	0.106046 	0
0.05 	0.0621875 	0.005 	-0.145629 	0.108009 	0
0.05 	0.0628125 	0.005 	-0.140219 	0.109885 	0
0.05 	0.0634375 	0.005 	-0.134585 	0.111668 	0
0.05 	0.0640625 	0.005 	-0.12873 	0.11335 	0
0.05 	0.0646875 	0.005 	-0.12266 	0.114928 	0
0.05 	0.0653125 	0.005 	-0.116377 	0.116394 	0
0.05 	0.0659375 	0.005 	-0.109886 	0.117743 	0
0.05 	0.0665625 	0.005 	-0.10319 	0.11897 	0
0.05 	0.0671875 	0.005 	-0.0962934 	0.120069 	0
0.05 	0.0678125 	0.005 	-0.0891981 	0.121035 	0
0.05 	0.0684375 	0.005 	-0.0819069 	0.121863 	0
0.05 	0.0690625 	0.005 	-0.0744216 	0.122548 	0
0.05 	0.0696875 	0.005 	-0.0667431 	0.123086 	0
0.05 	0.0703125 	0.005 	-0.0588717 	0.123472 	0
0.05 	0.0709375 	0.005 	-0.0508063 	0.123701 	0
0.05 	0.0715625 	0.005 	-0.0425448 	0.123769 	0
0.05 	0.0721875 	0.005 	-0.0340837 	0.123673 	0
0.05 	0.0728125 	0.005 	-0.0254178 	0.123409 	0
0.05 	0.0734375 	0.005 	-0.0165403 	0.122972 	0
0.05 	0.0740625 	0.005 	-0.00744244 	0.12236 	0
0.05 	0.0746875 	0.005 	0.00188662 	0.12157 	0
0.05 	0.0753125 	0.005 	0.0114601 	0.120598 	0
0.05 	0.0759375 	0.005 	0.0212939 	0.119442 	0
0.05 	0.0765625 	0.005 	0.0314064 	0.118099 	0
0.05 	0.0771875 	0.005 	0.0418192 	0.116569 	0
0.05 	0.0778125 	0.005 	0.052557 	0.114848 	0
0.05 	0.0784375 	0.005 	0.063648 	0.112936 	0
0.05 	0.0790625 	0.005 	0.0751238 	0.110832 	0
0.05 	0.0796875 	0.005 	0.0870199 	0.108536 	0
0.05 	0.0803125 	0.005 	0.0993757 	0.106048 	0
0.05 	0.0809375 	0.005 	0.112235 	0.10337 	0
0.05 	0.0815625 	0.005 	0.125644 	0.100502 	0
0.05 	0.0821875 	0.005 	0.139656 	0.0974495 	0
0.05 	0.0828125 	0.005 	0.154326 	0.0942147 	0
0.05 	0.0834375 	0.005 	0.169714 	0.0908031 	0
0.05 	0.0840625 	0.005 	0.185882 	0.0872211 	0
0.05 	0.0846875 	0.005 	0.202897 	0.0834765 	0
0.05 	0.0853125 	0.005 	0.220828 	0.0795788 	0
0.05 	0.0859375 	0.005 	0.239747 	0.0755392 	0
0.05 	0.0865625 	0.005 	0.259726 	0.0713711 	0
0.05 	0.0871875 	0.005 	0.280837 	0.0670896 	0
0.05 	0.0878125 	0.005 	0.303152 	0.0627124 	0
0.05 	0.0884375 	0.005 	0.326741 	0.0582592 	0
0.05 	0.0890625 	0.005 	0.351669 	0.0537525 	0
0.05 	0.0896875 	0.005 	0.377994 	0.049217 	0
0.05 	0.0903125 	0.005 	0.405769 	0.0446802 	0
0.05 	0.0909375 	0.005 	0.435034 	0.040172 	0
0.05 	0.0915625 	0.005 	0.465817 	0.0357245 	0
0.05 	0.0921875 	0.005 	0.498132 	0.0313723 	0
0.05 	0.0928125 	0.005 	0.531974 	0.0271518 	0
0.05 	0.0934375 	0.005 	0.567317 	0.0231009 	0
0.05 	0.0940625 	0.005 	0.604114 	0.0192585 	0
0.05 	0.0946875 	0.005 	0.642289 	0.0156642 	0
0.05 	0.0953125 	0.005 	0.681742 	0.012357 	0
0.05 	0.0959375 	0.005 	0.72234 	0.00937495 	0
0.05 	0.0965625 	0.005 	0.763922 	0.00675379 	0
0.05 	0.0971875 	0.005 	0.806296 	0.00452615 	0
0.05 	0.0978125 	0.005 	0.849235 	0.00271878 	0
0.05 	0.0984375 	0.005 	0.892488 	0.00134979 	0
0.05 	0.0990625 	0.005 	0.935775 	0.000445667 	0
0.05 	0.0996875 	0.005 	0.97879 	5.73775e-05 	0
