0.05 	0.0003125 	0.005 	-0.00219782 	6.32104e-07 	0
0.05 	0.0009375 	0.005 	-0.00646315 	4.08986e-06 	0
0.05 	0.0015625 	0.005 	-0.0106065 	1.14245e-05 	0
0.05 	0.0021875 	0.005 	-0.0146358 	2.17821e-05 	0
0.05 	0.0028125 	0.005 	-0.0185578 	3.46617e-05 	0
0.05 	0.0034375 	0.005 	-0.0223791 	4.97707e-05 	0
0.05 	0.0040625 	0.005 	-0.026106 	6.68494e-05 	0
0.05 	0.0046875 	0.005 	-0.0297444 	8.56795e-05 	0
0.05 	0.0053125 	0.005 	-0.0333001 	0.000106094 	0
0.05 	0.0059375 	0.005 	-0.0367783 	0.000127974 	0
0.05 	0.0065625 	0.005 	-0.0401842 	0.000151249 	0
0.05 	0.0071875 	0.005 	-0.0435227 	0.000175893 	0
0.05 	0.0078125 	0.005 	-0.0467985 	0.000201923 	0
0.05 	0.0084375 	0.005 	-0.050016 	0.000229399 	0
0.05 	0.0090625 	0.005 	-0.0531794 	0.000258423 	0
0.05 	0.0096875 	0.005 	-0.0562926 	0.000289137 	0
0.05 	0.0103125 	0.005 	-0.0593596 	0.000321723 	0
0.05 	0.0109375 	0.005 	-0.0623838 	0.000356402 	0
0.05 	0.0115625 	0.005 	-0.0653686 	0.00039343 	0
0.05 	0.0121875 	0.005 	-0.0683174 	0.000433103 	0
0.05 	0.0128125 	0.005 	-0.0712332 	0.000475752 	0
0.05 	0.0134375 	0.005 	-0.0741188 	0.000521744 	0
0.05 	0.0140625 	0.005 	-0.0769769 	0.000571482 	0
0.05 	0.0146875 	0.005 	-0.0798101 	0.000625401 	0
0.05 	0.0153125 	0.005 	-0.0826207 	0.000683973 	0
0.05 	0.0159375 	0.005 	-0.085411 	0.0007477 	0
0.05 	0.0165625 	0.005 	-0.088183 	0.000817119 	0
0.05 	0.0171875 	0.005 	-0.0909386 	0.000892798 	0
0.05 	0.0178125 	0.005 	-0.0936795 	0.000975338 	0
0.05 	0.0184375 	0.005 	-0.0964074 	0.00106537 	0
0.05 	0.0190625 	0.005 	-0.0991236 	0.00116356 	0
0.05 	0.0196875 	0.005 	-0.10183 	0.00127058 	0
0.05 	0.0203125 	0.005 	-0.104526 	0.00138718 	0
0.05 	0.0209375 	0.005 	-0.107215 	0.00151408 	0
0.05 	0.0215625 	0.005 	-0.109896 	0.00165208 	0
0.05 	0.0221875 	0.005 	-0.11257 	0.00180195 	0
0.05 	0.0228125 	0.005 	-0.115238 	0.00196455 	0
0.05 	0.0234375 	0.005 	-0.117901 	0.00214071 	0
0.05 	0.0240625 	0.005 	-0.120557 	0.0023313 	0
0.05 	0.0246875 	0.005 	-0.123208 	0.00253722 	0
0.05 	0.0253125 	0.005 	-0.125854 	0.00275939 	0
0.05 	0.0259375 	0.005 	-0.128493 	0.00299873 	0
0.05 	0.0265625 	0.005 	-0.131126 	0.00325619 	0
0.05 	0.0271875 	0.005 	-0.133752 	0.00353274 	0
0.05 	0.0278125 	0.005 	-0.13637 	0.00382934 	0
0.05 	0.0284375 	0.005 	-0.138979 	0.00414698 	0
0.05 	0.0290625 	0.005 	-0.141579 	0.00448665 	0
0.05 	0.0296875 	0.005 	-0.144167 	0.00484935 	0
0.05 	0.0303125 	0.005 	-0.146743 	0.00523606 	0
0.05 	0.0309375 	0.005 	-0.149304 	0.00564778 	0
0.05 	0.0315625 	0.005 	-0.15185 	0.00608551 	0
0.05 	0.0321875 	0.005 	-0.154377 	0.00655022 	0
0.05 	0.0328125 	0.005 	-0.156884 	0.00704288 	0
0.05 	0.0334375 	0.005 	-0.159368 	0.00756444 	0
0.05 	0.0340625 	0.005 	-0.161827 	0.00811584 	0
0.05 	0.0346875 	0.005 	-0.164259 	0.00869798 	0
0.05 	0.0353125 	0.005 	-0.166659 	0.00931174 	0
0.05 	0.0359375 	0.005 	-0.169025 	0.00995796 	0
0.05 	0.0365625 	0.005 	-0.171354 	0.0106374 	0
0.05 	0.0371875 	0.005 	-0.173642 	0.0113509 	0
0.05 	0.0378125 	0.005 	-0.175885 	0.0120992 	0
0.05 	0.0384375 	0.005 	-0.17808 	0.0128828 	0
0.05 	0.0390625 	0.005 	-0.180222 	0.0137024 	0
0.05 	0.0396875 	0.005 	-0.182308 	0.0145585 	0
0.05 	0.0403125 	0.005 	-0.184333 	0.0154515 	0
0.05 	0.0409375 	0.005 	-0.186292 	0.0163819 	0
0.05 	0.0415625 	0.005 	-0.18818 	0.0173499 	0
0.05 	0.0421875 	0.005 	-0.189993 	0.0183556 	0
0.05 	0.0428125 	0.005 	-0.191725 	0.0193992 	0
0.05 	0.0434375 	0.005 	-0.193372 	0.0204807 	0
0.05 	0.0440625 	0.005 	-0.194927 	0.0215999 	0
0.05 	0.0446875 	0.005 	-0.196386 	0.0227566 	0
0.05 	0.0453125 	0.005 	-0.197742 	0.0239504 	0
0.05 	0.0459375 	0.005 	-0.19899 	0.0251808 	0
0.05 	0.0465625 	0.005 	-0.200123 	0.0264471 	0
0.05 	0.0471875 	0.005 	-0.201136 	0.0277485 	0
0.05 	0.0478125 	0.005 	-0.202023 	0.0290841 	0
0.05 	0.0484375 	0.005 	-0.202777 	0.0304528 	0
0.05 	0.0490625 	0.005 	-0.203391 	0.0318533 	0
0.05 	0.0496875 	0.005 	-0.20386 	0.0332841 	0
0.05 	0.0503125 	0.005 	-0.204177 	0.0347437 	0
0.05 	0.0509375 	0.005 	-0.204335 	0.0362302 	0
0.05 	0.0515625 	0.005 	-0.204328 	0.0377416 	0
0.05 	0.0521875 	0.005 	-0.204148 	0.0392759 	0
0.05 	0.0528125 	0.005 	-0.20379 	0.0408305 	0
0.05 	0.0534375 	0.005 	-0.203246 	0.0424031 	0
0.05 	0.0540625 	0.005 	-0.20251 	0.0439907 	0
0.05 	0.0546875 	0.005 	-0.201575 	0.0455905 	0
0.05 	0.0553125 	0.005 	-0.200435 	0.0471994 	0
0.05 	0.0559375 	0.005 	-0.199081 	0.0488139 	0
0.05 	0.0565625 	0.005 	-0.197509 	0.0504307 	0
0.05 	0.0571875 	0.005 	-0.19571 	0.0520459 	0
0.05 	0.0578125 	0.005 	-0.193678 	0.0536556 	0
0.05 	0.0584375 	0.005 	-0.191408 	0.0552557 	0
0.05 	0.0590625 	0.005 	-0.188891 	0.0568421 	0
0.05 	0.0596875 	0.005 	-0.186121 	0.0584101 	0
0.05 	0.0603125 	0.005 	-0.183092 	0.0599553 	0
0.05 	0.0609375 	0.005 	-0.179797 	0.0614727 	0
0.05 	0.0615625 	0.005 	-0.176229 	0.0629576 	0
0.05 	0.0621875 	0.005 	-0.172382 	0.0644049 	0
0.05 	0.0628125 	0.005 	-0.168248 	0.0658093 	0
0.05 	0.0634375 	0.005 	-0.163822 	0.0671655 	0
0.05 	0.0640625 	0.005 	-0.159096 	0.0684683 	0
0.05 	0.0646875 	0.005 	-0.154063 	0.0697121 	0
0.05 	0.0653125 	0.005 	-0.148717 	0.0708913 	0
0.05 	0.0659375 	0.005 	-0.14305 	0.0720005 	0
0.05 	0.0665625 	0.005 	-0.137055 	0.073034 	0
0.05 	0.0671875 	0.005 	-0.130723 	0.0739861 	0
0.05 	0.0678125 	0.005 	-0.124048 	0.0748514 	0
0.05 	0.0684375 	0.005 	-0.117022 	0.0756242 	0
0.05 	0.0690625 	0.005 	-0.109634 	0.0762992 	0
0.05 	0.0696875 	0.005 	-0.101877 	0.0768709 	0
0.05 	0.0703125 	0.005 	-0.093742 	0.0773341 	0
0.05 	0.0709375 	0.005 	-0.0852179 	0.0776837 	0
0.05 	0.0715625 	0.005 	-0.0762948 	0.0779149 	0
0.05 	0.0721875 	0.005 	-0.0669617 	0.0780231 	0
0.05 	0.0728125 	0.005 	-0.0572069 	0.0780037 	0
0.05 	0.0734375 	0.005 	-0.047018 	0.0778529 	0
0.05 	0.0740625 	0.005 	-0.0363818 	0.0775667 	0
0.05 	0.0746875 	0.005 	-0.0252845 	0.077142 	0
0.05 	0.0753125 	0.005 	-0.0137112 	0.0765757 	0
0.05 	0.0759375 	0.005 	-0.00164628 	0.0758655 	0
0.05 	0.0765625 	0.005 	0.0109268 	0.0750094 	0
0.05 	0.0771875 	0.005 	0.0240256 	0.0740062 	0
0.05 	0.0778125 	0.005 	0.0376685 	0.0728551 	0
0.05 	0.0784375 	0.005 	0.0518749 	0.0715562 	0
0.05 	0.0790625 	0.005 	0.066665 	0.0701101 	0
0.05 	0.0796875 	0.005 	0.0820598 	0.0685184 	0
0.05 	0.0803125 	0.005 	0.0980814 	0.0667834 	0
0.05 	0.0809375 	0.005 	0.114752 	0.0649083 	0
0.05 	0.0815625 	0.005 	0.132096 	0.0628975 	0
0.05 	0.0821875 	0.005 	0.150135 	0.060756 	0
0.05 	0.0828125 	0.005 	0.168895 	0.0584902 	0
0.05 	0.0834375 	0.005 	0.188398 	0.0561073 	0
0.05 	0.0840625 	0.005 	0.20867 	0.0536159 	0
0.05 	0.0846875 	0.005 	0.229732 	0.0510256 	0
0.05 	0.0853125 	0.005 	0.251608 	0.0483472 	0
0.05 	0.0859375 	0.005 	0.274319 	0.0455928 	0
0.05 	0.0865625 	0.005 	0.297884 	0.0427754 	0
0.05 	0.0871875 	0.005 	0.322323 	0.0399095 	0
0.05 	0.0878125 	0.005 	0.347648 	0.0370106 	0
0.05 	0.0884375 	0.005 	0.373874 	0.0340954 	0
0.05 	0.0890625 	0.005 	0.401008 	0.0311813 	0
0.05 	0.0896875 	0.005 	0.429055 	0.028287 	0
0.05 	0.0903125 	0.005 	0.458014 	0.0254317 	0
0.05 	0.0909375 	0.005 	0.487881 	0.0226354 	0
0.05 	0.0915625 	0.005 	0.518642 	0.0199184 	0
0.05 	0.0921875 	0.005 	0.550281 	0.0173012 	0
0.05 	0.0928125 	0.005 	0.582771 	0.0148044 	0
0.05 	0.0934375 	0.005 	0.616079 	0.0124481 	0
0.05 	0.0940625 	0.005 	0.650166 	0.0102517 	0
0.05 	0.0946875 	0.005 	0.684981 	0.00823355 	0
0.05 	0.0953125 	0.005 	0.720466 	0.00641057 	0
0.05 	0.0959375 	0.005 	0.756557 	0.00479768 	0
0.05 	0.0965625 	0.005 	0.793177 	0.00340744 	0
0.05 	0.0971875 	0.005 	0.830244 	0.00224954 	0
0.05 	0.0978125 	0.005 	0.867667 	0.00132969 	0
0.05 	0.0984375 	0.005 	0.905351 	0.000648372 	0
0.05 	0.0990625 	0.005 	0.943193 	0.000208918 	0
0.05 	0.0996875 	0.005 	0.981085 	2.53854e-05 	0
