0.05 	0.0003125 	0.005 	-0.00116988 	1.43499e-06 	0
0.05 	0.0009375 	0.005 	-0.00334033 	9.29085e-06 	0
0.05 	0.0015625 	0.005 	-0.00535033 	2.5834e-05 	0
0.05 	0.0021875 	0.005 	-0.00720827 	4.89459e-05 	0
0.05 	0.0028125 	0.005 	-0.00892207 	7.73856e-05 	0
0.05 	0.0034375 	0.005 	-0.0104994 	0.000110367 	0
0.05 	0.0040625 	0.005 	-0.0119479 	0.000147166 	0
0.05 	0.0046875 	0.005 	-0.0132749 	0.00018714 	0
0.05 	0.0053125 	0.005 	-0.0144879 	0.00022975 	0
0.05 	0.0059375 	0.005 	-0.0155944 	0.000274547 	0
0.05 	0.0065625 	0.005 	-0.0166018 	0.00032116 	0
0.05 	0.0071875 	0.005 	-0.0175175 	0.000369296 	0
0.05 	0.0078125 	0.005 	-0.0183487 	0.000418724 	0
0.05 	0.0084375 	0.005 	-0.0191028 	0.000469273 	0
0.05 	0.0090625 	0.005 	-0.0197868 	0.000520824 	0
0.05 	0.0096875 	0.005 	-0.0204076 	0.000573304 	0
0.05 	0.0103125 	0.005 	-0.020972 	0.00062668 	0
0.05 	0.0109375 	0.005 	-0.0214862 	0.000680955 	0
0.05 	0.0115625 	0.005 	-0.0219566 	0.000736161 	0
0.05 	0.0121875 	0.005 	-0.0223888 	0.000792356 	0
0.05 	0.0128125 	0.005 	-0.0227883 	0.000849619 	0
0.05 	0.0134375 	0.005 	-0.0231602 	0.00090805 	0
0.05 	0.0140625 	0.005 	-0.0235091 	0.00096776 	0
0.05 	0.0146875 	0.005 	-0.0238393 	0.00102888 	0
0.05 	0.0153125 	0.005 	-0.0241548 	0.00109153 	0
0.05 	0.0159375 	0.005 	-0.0244592 	0.00115588 	0
0.05 	0.0165625 	0.005 	-0.0247556 	0.00122205 	0
0.05 	0.0171875 	0.005 	-0.0250469 	0.00129023 	0
0.05 	0.0178125 	0.005 	-0.0253356 	0.00136055 	0
0.05 	0.0184375 	0.005 	-0.025624 	0.0014332 	0
0.05 	0.0190625 	0.005 	-0.025914 	0.00150833 	0
0.05 	0.0196875 	0.005 	-0.0262073 	0.00158612 	0
0.05 	0.0203125 	0.005 	-0.0265054 	0.00166674 	0
0.05 	0.0209375 	0.005 	-0.0268096 	0.00175038 	0
0.05 	0.0215625 	0.005 	-0.027121 	0.0018372 	0
0.05 	0.0221875 	0.005 	-0.0274405 	0.00192739 	0
0.05 	0.0228125 	0.005 	-0.0277688 	0.00202115 	0
0.05 	0.0234375 	0.005 	-0.0281068 	0.00211865 	0
0.05 	0.0240625 	0.005 	-0.0284548 	0.00222011 	0
0.05 	0.0246875 	0.005 	-0.0288136 	0.00232571 	0
0.05 	0.0253125 	0.005 	-0.0291833 	0.00243566 	0
0.05 	0.0259375 	0.005 	-0.0295644 	0.00255018 	0
0.05 	0.0265625 	0.005 	-0.0299572 	0.00266949 	0
0.05 	0.0271875 	0.005 	-0.030362 	0.0027938 	0
0.05 	0.0278125 	0.005 	-0.0307788 	0.00292335 	0
0.05 	0.0284375 	0.005 	-0.031208 	0.00305838 	0
0.05 	0.0290625 	0.005 	-0.0316495 	0.00319913 	0
0.05 	0.0296875 	0.005 	-0.0321037 	0.00334586 	0
0.05 	0.0303125 	0.005 	-0.0325706 	0.00349883 	0
0.05 	0.0309375 	0.005 	-0.0330502 	0.00365832 	0
0.05 	0.0315625 	0.005 	-0.0335427 	0.0038246 	0
0.05 	0.0321875 	0.005 	-0.0340481 	0.00399796 	0
0.05 	0.0328125 	0.005 	-0.0345664 	0.00417871 	0
0.05 	0.0334375 	0.005 	-0.0350977 	0.00436714 	0
0.05 	0.0340625 	0.005 	-0.035642 	0.00456358 	0
0.05 	0.0346875 	0.005 	-0.0361994 	0.00476836 	0
0.05 	0.0353125 	0.005 	-0.0367697 	0.00498181 	0
0.05 	0.0359375 	0.005 	-0.0373531 	0.00520427 	0
0.05 	0.0365625 	0.005 	-0.0379494 	0.0054361 	0
0.05 	0.0371875 	0.005 	-0.0385585 	0.00567767 	0
0.05 	0.0378125 	0.005 	-0.0391806 	0.00592935 	0
0.05 	0.0384375 	0.005 	-0.0398153 	0.00619151 	0
0.05 	0.0390625 	0.005 	-0.0404627 	0.00646455 	0
0.05 	0.0396875 	0.005 	-0.0411227 	0.00674887 	0
0.05 	0.0403125 	0.005 	-0.041795 	0.00704486 	0
0.05 	0.0409375 	0.005 	-0.0424794 	0.00735294 	0
0.05 	0.0415625 	0.005 	-0.0431759 	0.00767351 	0
0.05 	0.0421875 	0.005 	-0.0438842 	0.00800701 	0
0.05 	0.0428125 	0.005 	-0.0446039 	0.00835385 	0
0.05 	0.0434375 	0.005 	-0.0453349 	0.00871444 	0
0.05 	0.0440625 	0.005 	-0.0460769 	0.00908922 	0
0.05 	0.0446875 	0.005 	-0.0468293 	0.00947861 	0
0.05 	0.0453125 	0.005 	-0.047592 	0.00988302 	0
0.05 	0.0459375 	0.005 	-0.0483645 	0.0103029 	0
0.05 	0.0465625 	0.005 	-0.0491462 	0.0107385 	0
0.05 	0.0471875 	0.005 	-0.0499368 	0.0111905 	0
0.05 	0.0478125 	0.005 	-0.0507356 	0.011659 	0
0.05 	0.0484375 	0.005 	-0.0515422 	0.0121445 	0
0.05 	0.0490625 	0.005 	-0.0523557 	0.0126473 	0
0.05 	0.0496875 	0.005 	-0.0531757 	0.0131678 	0
0.05 	0.0503125 	0.005 	-0.0540013 	0.0137062 	0
0.05 	0.0509375 	0.005 	-0.0548318 	0.0142628 	0
0.05 	0.0515625 	0.005 	-0.0556664 	0.0148378 	0
0.05 	0.0521875 	0.005 	-0.0565042 	0.0154315 	0
0.05 	0.0528125 	0.005 	-0.0573443 	0.0160439 	0
0.05 	0.0534375 	0.005 	-0.0581857 	0.0166752 	0
0.05 	0.0540625 	0.005 	-0.0590275 	0.0173253 	0
0.05 	0.0546875 	0.005 	-0.0598686 	0.0179943 	0
0.05 	0.0553125 	0.005 	-0.0607079 	0.0186822 	0
0.05 	0.0559375 	0.005 	-0.0615442 	0.0193886 	0
0.05 	0.0565625 	0.005 	-0.0623764 	0.0201134 	0
0.05 	0.0571875 	0.005 	-0.0632034 	0.0208563 	0
0.05 	0.0578125 	0.005 	-0.0640238 	0.0216169 	0
0.05 	0.0584375 	0.005 	-0.0648364 	0.0223946 	0
0.05 	0.0590625 	0.005 	-0.06564 	0.0231888 	0
0.05 	0.0596875 	0.005 	-0.0664332 	0.0239989 	0
0.05 	0.0603125 	0.005 	-0.0672148 	0.0248241 	0
0.05 	0.0609375 	0.005 	-0.0679834 	0.0256633 	0
0.05 	0.0615625 	0.005 	-0.0687378 	0.0265155 	0
0.05 	0.0621875 	0.005 	-0.0694767 	0.0273796 	0
0.05 	0.0628125 	0.005 	-0.0701989 	0.0282543 	0
0.05 	0.0634375 	0.005 	-0.0709032 	0.0291381 	0
0.05 	0.0640625 	0.005 	-0.0715883 	0.0300295 	0
0.05 	0.0646875 	0.005 	-0.0722531 	0.0309268 	0
0.05 	0.0653125 	0.005 	-0.0728967 	0.0318283 	0
0.05 	0.0659375 	0.005 	-0.0735178 	0.0327319 	0
0.05 	0.0665625 	0.005 	-0.0741155 	0.0336358 	0
0.05 	0.0671875 	0.005 	-0.0746889 	0.0345376 	0
0.05 	0.0678125 	0.005 	-0.0752369 	0.0354352 	0
0.05 	0.0684375 	0.005 	-0.0757587 	0.0363262 	0
0.05 	0.0690625 	0.005 	-0.0762533 	0.0372081 	0
0.05 	0.0696875 	0.005 	-0.0767197 	0.0380784 	0
0.05 	0.0703125 	0.005 	-0.0771566 	0.0389346 	0
0.05 	0.0709375 	0.005 	-0.0775627 	0.0397739 	0
0.05 	0.0715625 	0.005 	-0.0779363 	0.0405936 	0
0.05 	0.0721875 	0.005 	-0.0782753 	0.0413909 	0
0.05 	0.0728125 	0.005 	-0.0785771 	0.0421629 	0
0.05 	0.0734375 	0.005 	-0.0788382 	0.042907 	0
0.05 	0.0740625 	0.005 	-0.0790542 	0.04362 	0
0.05 	0.0746875 	0.005 	-0.0792194 	0.0442992 	0
0.05 	0.0753125 	0.005 	-0.0793267 	0.0449415 	0
0.05 	0.0759375 	0.005 	-0.0793666 	0.0455439 	0
0.05 	0.0765625 	0.005 	-0.0793277 	0.0461034 	0
0.05 	0.0771875 	0.005 	-0.0791953 	0.0466168 	0
0.05 	0.0778125 	0.005 	-0.0789511 	0.0470807 	0
0.05 	0.0784375 	0.005 	-0.0785728 	0.0474918 	0
0.05 	0.0790625 	0.005 	-0.0780329 	0.0478463 	0
0.05 	0.0796875 	0.005 	-0.0772979 	0.0481405 	0
0.05 	0.0803125 	0.005 	-0.0763275 	0.04837 	0
0.05 	0.0809375 	0.005 	-0.0750733 	0.0485303 	0
0.05 	0.0815625 	0.005 	-0.073478 	0.0486162 	0
0.05 	0.0821875 	0.005 	-0.0714735 	0.0486221 	0
0.05 	0.0828125 	0.005 	-0.0689803 	0.0485415 	0
0.05 	0.0834375 	0.005 	-0.0659056 	0.0483674 	0
0.05 	0.0840625 	0.005 	-0.0621419 	0.0480918 	0
0.05 	0.0846875 	0.005 	-0.0575656 	0.047706 	0
0.05 	0.0853125 	0.005 	-0.0520356 	0.0472002 	0
0.05 	0.0859375 	0.005 	-0.0453912 	0.0465638 	0
0.05 	0.0865625 	0.005 	-0.037451 	0.0457854 	0
0.05 	0.0871875 	0.005 	-0.0280109 	0.0448528 	0
0.05 	0.0878125 	0.005 	-0.0168429 	0.0437535 	0
0.05 	0.0884375 	0.005 	-0.00369296 	0.0424748 	0
0.05 	0.0890625 	0.005 	0.0117201 	0.0410046 	0
0.05 	0.0896875 	0.005 	0.0297063 	0.0393321 	0
0.05 	0.0903125 	0.005 	0.0506051 	0.0374481 	0
0.05 	0.0909375 	0.005 	0.0747858 	0.0353469 	0
0.05 	0.0915625 	0.005 	0.102647 	0.0330273 	0
0.05 	0.0921875 	0.005 	0.134613 	0.0304939 	0
0.05 	0.0928125 	0.005 	0.171128 	0.0277594 	0
0.05 	0.0934375 	0.005 	0.212647 	0.024846 	0
0.05 	0.0940625 	0.005 	0.259618 	0.0217877 	0
0.05 	0.0946875 	0.005 	0.312459 	0.0186319 	0
0.05 	0.0953125 	0.005 	0.371524 	0.0154408 	0
0.05 	0.0959375 	0.005 	0.437061 	0.0122919 	0
0.05 	0.0965625 	0.005 	0.509156 	0.00927748 	0
0.05 	0.0971875 	0.005 	0.587669 	0.00650254 	0
0.05 	0.0978125 	0.005 	0.672172 	0.00407812 	0
0.05 	0.0984375 	0.005 	0.761881 	0.00211205 	0
0.05 	0.0990625 	0.005 	0.85561 	0.000730337 	0
0.05 	0.0996875 	0.005 	0.951745 	0.000101995 	0
