0.05 	0.0003125 	0.005 	-0.00213803 	6.75538e-07 	0
0.05 	0.0009375 	0.005 	-0.00628621 	4.41345e-06 	0
0.05 	0.0015625 	0.005 	-0.0103148 	1.23954e-05 	0
0.05 	0.0021875 	0.005 	-0.0142315 	2.37376e-05 	0
0.05 	0.0028125 	0.005 	-0.0180429 	3.79319e-05 	0
0.05 	0.0034375 	0.005 	-0.0217557 	5.46906e-05 	0
0.05 	0.0040625 	0.005 	-0.025376 	7.3757e-05 	0
0.05 	0.0046875 	0.005 	-0.0289099 	9.49133e-05 	0
0.05 	0.0053125 	0.005 	-0.0323629 	0.000117992 	0
0.05 	0.0059375 	0.005 	-0.0357404 	0.000142876 	0
0.05 	0.0065625 	0.005 	-0.0390477 	0.00016949 	0
0.05 	0.0071875 	0.005 	-0.0422897 	0.000197807 	0
0.05 	0.0078125 	0.005 	-0.045471 	0.00022784 	0
0.05 	0.0084375 	0.005 	-0.048596 	0.000259646 	0
0.05 	0.0090625 	0.005 	-0.0516691 	0.000293319 	0
0.05 	0.0096875 	0.005 	-0.0546943 	0.000328997 	0
0.05 	0.0103125 	0.005 	-0.0576754 	0.000366852 	0
0.05 	0.0109375 	0.005 	-0.060616 	0.000407097 	0
0.05 	0.0115625 	0.005 	-0.0635196 	0.00044998 	0
0.05 	0.0121875 	0.005 	-0.0663895 	0.000495785 	0
0.05 	0.0128125 	0.005 	-0.0692288 	0.000544832 	0
0.05 	0.0134375 	0.005 	-0.0720404 	0.000597475 	0
0.05 	0.0140625 	0.005 	-0.0748271 	0.000654104 	0
0.05 	0.0146875 	0.005 	-0.0775914 	0.00071514 	0
0.05 	0.0153125 	0.005 	-0.0803358 	0.000781038 	0
0.05 	0.0159375 	0.005 	-0.0830626 	0.000852285 	0
0.05 	0.0165625 	0.005 	-0.0857738 	0.000929402 	0
0.05 	0.0171875 	0.005 	-0.0884714 	0.00101294 	0
0.05 	0.0178125 	0.005 	-0.0911572 	0.00110348 	0
0.05 	0.0184375 	0.005 	-0.0938329 	0.00120163 	0
0.05 	0.0190625 	0.005 	-0.0964999 	0.00130804 	0
0.05 	0.0196875 	0.005 	-0.0991597 	0.00142337 	0
0.05 	0.0203125 	0.005 	-0.101813 	0.00154832 	0
0.05 	0.0209375 	0.005 	-0.104462 	0.00168363 	0
0.05 	0.0215625 	0.005 	-0.107106 	0.00183004 	0
0.05 	0.0221875 	0.005 	-0.109747 	0.00198833 	0
0.05 	0.0228125 	0.005 	-0.112385 	0.00215931 	0
0.05 	0.0234375 	0.005 	-0.11502 	0.00234379 	0
0.05 	0.0240625 	0.005 	-0.117653 	0.00254264 	0
0.05 	0.0246875 	0.005 	-0.120284 	0.00275673 	0
0.05 	0.0253125 	0.005 	-0.122913 	0.00298693 	0
0.05 	0.0259375 	0.005 	-0.125539 	0.00323416 	0
0.05 	0.0265625 	0.005 	-0.128163 	0.00349935 	0
0.05 	0.0271875 	0.005 	-0.130783 	0.00378343 	0
0.05 	0.0278125 	0.005 	-0.133399 	0.00408735 	0
0.05 	0.0284375 	0.005 	-0.13601 	0.00441208 	0
0.05 	0.0290625 	0.005 	-0.138615 	0.00475858 	0
0.05 	0.0296875 	0.005 	-0.141212 	0.00512782 	0
0.05 	0.0303125 	0.005 	-0.143801 	0.00552079 	0
0.05 	0.0309375 	0.005 	-0.146379 	0.00593844 	0
0.05 	0.0315625 	0.005 	-0.148945 	0.00638177 	0
0.05 	0.0321875 	0.005 	-0.151497 	0.00685172 	0
0.05 	0.0328125 	0.005 	-0.154033 	0.00734924 	0
0.05 	0.0334375 	0.005 	-0.15655 	0.00787528 	0
0.05 	0.0340625 	0.005 	-0.159045 	0.00843075 	0
0.05 	0.0346875 	0.005 	-0.161517 	0.00901655 	0
0.05 	0.0353125 	0.005 	-0.163961 	0.00963353 	0
0.05 	0.0359375 	0.005 	-0.166376 	0.0102825 	0
0.05 	0.0365625 	0.005 	-0.168757 	0.0109644 	0
0.05 	0.0371875 	0.005 	-0.171101 	0.0116797 	0
0.05 	0.0378125 	0.005 	-0.173404 	0.0124294 	0
0.05 	0.0384375 	0.005 	-0.175663 	0.013214 	0
0.05 	0.0390625 	0.005 	-0.177874 	0.014034 	0
0.05 	0.0396875 	0.005 	-0.180031 	0.0148901 	0
0.05 	0.0403125 	0.005 	-0.182132 	0.0157827 	0
0.05 	0.0409375 	0.005 	-0.18417 	0.0167121 	0
0.05 	0.0415625 	0.005 	-0.186141 	0.0176787 	0
0.05 	0.0421875 	0.005 	-0.188041 	0.0186825 	0
0.05 	0.0428125 	0.005 	-0.189863 	0.0197238 	0
0.05 	0.0434375 	0.005 	-0.191603 	0.0208025 	0
0.05 	0.0440625 	0.005 	-0.193256 	0.0219185 	0
0.05 	0.0446875 	0.005 	-0.194815 	0.0230716 	0
0.05 	0.0453125 	0.005 	-0.196274 	0.0242613 	0
0.05 	0.0459375 	0.005 	-0.197629 	0.0254872 	0
0.05 	0.0465625 	0.005 	-0.198871 	0.0267487 	0
0.05 	0.0471875 	0.005 	-0.199997 	0.028045 	0
0.05 	0.0478125 	0.005 	-0.200998 	0.029375 	0
0.05 	0.0484375 	0.005 	-0.201869 	0.0307379 	0
0.05 	0.0490625 	0.005 	-0.202604 	0.0321322 	0
0.05 	0.0496875 	0.005 	-0.203195 	0.0335566 	0
0.05 	0.0503125 	0.005 	-0.203635 	0.0350095 	0
0.05 	0.0509375 	0.005 	-0.203919 	0.036489 	0
0.05 	0.0515625 	0.005 	-0.204039 	0.0379933 	0
0.05 	0.0521875 	0.005 	-0.203988 	0.0395202 	0
0.05 	0.0528125 	0.005 	-0.20376 	0.0410674 	0
0.05 	0.0534375 	0.005 	-0.203347 	0.0426322 	0
0.05 	0.0540625 	0.005 	-0.202743 	0.0442121 	0
0.05 	0.0546875 	0.005 	-0.20194 	0.045804 	0
0.05 	0.0553125 	0.005 	-0.200931 	0.0474049 	0
0.05 	0.0559375 	0.005 	-0.19971 	0.0490115 	0
0.05 	0.0565625 	0.005 	-0.19827 	0.0506201 	0
0.05 	0.0571875 	0.005 	-0.196603 	0.0522272 	0
0.05 	0.0578125 	0.005 	-0.194702 	0.0538289 	0
0.05 	0.0584375 	0.005 	-0.192561 	0.055421 	0
0.05 	0.0590625 	0.005 	-0.190173 	0.0569993 	0
0.05 	0.0596875 	0.005 	-0.18753 	0.0585594 	0
0.05 	0.0603125 	0.005 	-0.184627 	0.0600966 	0
0.05 	0.0609375 	0.005 	-0.181455 	0.0616063 	0
0.05 	0.0615625 	0.005 	-0.178008 	0.0630834 	0
0.05 	0.0621875 	0.005 	-0.174279 	0.064523 	0
0.05 	0.0628125 	0.005 	-0.170261 	0.0659199 	0
0.05 	0.0634375 	0.005 	-0.165947 	0.0672687 	0
0.05 	0.0640625 	0.005 	-0.16133 	0.0685642 	0
0.05 	0.0646875 	0.005 	-0.156403 	0.0698008 	0
0.05 	0.0653125 	0.005 	-0.151158 	0.0709731 	0
0.05 	0.0659375 	0.005 	-0.145588 	0.0720753 	0
0.05 	0.0665625 	0.005 	-0.139686 	0.073102 	0
0.05 	0.0671875 	0.005 	-0.133444 	0.0740476 	0
0.05 	0.0678125 	0.005 	-0.126853 	0.0749064 	0
0.05 	0.0684375 	0.005 	-0.119905 	0.075673 	0
0.05 	0.0690625 	0.005 	-0.112592 	0.0763418 	0
0.05 	0.0696875 	0.005 	-0.104904 	0.0769076 	0
0.05 	0.0703125 	0.005 	-0.0968321 	0.077365 	0
0.05 	0.0709375 	0.005 	-0.0883661 	0.0777091 	0
0.05 	0.0715625 	0.005 	-0.0794955 	0.0779349 	0
0.05 	0.0721875 	0.005 	-0.070209 	0.0780378 	0
0.05 	0.0728125 	0.005 	-0.0604951 	0.0780134 	0
0.05 	0.0734375 	0.005 	-0.0503411 	0.0778578 	0
0.05 	0.0740625 	0.005 	-0.0397339 	0.0775671 	0
0.05 	0.0746875 	0.005 	-0.0286595 	0.077138 	0
0.05 	0.0753125 	0.005 	-0.0171032 	0.0765677 	0
0.05 	0.0759375 	0.005 	-0.00504907 	0.0758537 	0
0.05 	0.0765625 	0.005 	0.00751927 	0.0749942 	0
0.05 	0.0771875 	0.005 	0.0206194 	0.0739878 	0
0.05 	0.0778125 	0.005 	0.0342696 	0.0728338 	0
0.05 	0.0784375 	0.005 	0.0484892 	0.0715324 	0
0.05 	0.0790625 	0.005 	0.0632985 	0.0700841 	0
0.05 	0.0796875 	0.005 	0.0787184 	0.0684906 	0
0.05 	0.0803125 	0.005 	0.0947708 	0.0667541 	0
0.05 	0.0809375 	0.005 	0.111478 	0.064878 	0
0.05 	0.0815625 	0.005 	0.128863 	0.0628665 	0
0.05 	0.0821875 	0.005 	0.14695 	0.0607248 	0
0.05 	0.0828125 	0.005 	0.165763 	0.0584591 	0
0.05 	0.0834375 	0.005 	0.185324 	0.0560768 	0
0.05 	0.0840625 	0.005 	0.205658 	0.0535863 	0
0.05 	0.0846875 	0.005 	0.226788 	0.0509973 	0
0.05 	0.0853125 	0.005 	0.248736 	0.0483205 	0
0.05 	0.0859375 	0.005 	0.271524 	0.045568 	0
0.05 	0.0865625 	0.005 	0.295171 	0.0427529 	0
0.05 	0.0871875 	0.005 	0.319694 	0.0398894 	0
0.05 	0.0878125 	0.005 	0.34511 	0.0369932 	0
0.05 	0.0884375 	0.005 	0.371429 	0.0340808 	0
0.05 	0.0890625 	0.005 	0.39866 	0.0311696 	0
0.05 	0.0896875 	0.005 	0.426809 	0.0282782 	0
0.05 	0.0903125 	0.005 	0.455873 	0.0254257 	0
0.05 	0.0909375 	0.005 	0.485848 	0.0226321 	0
0.05 	0.0915625 	0.005 	0.516722 	0.0199176 	0
0.05 	0.0921875 	0.005 	0.548477 	0.0173028 	0
0.05 	0.0928125 	0.005 	0.581087 	0.0148079 	0
0.05 	0.0934375 	0.005 	0.614519 	0.0124531 	0
0.05 	0.0940625 	0.005 	0.648733 	0.0102578 	0
0.05 	0.0946875 	0.005 	0.683679 	0.00824033 	0
0.05 	0.0953125 	0.005 	0.719301 	0.00641753 	0
0.05 	0.0959375 	0.005 	0.755531 	0.00480435 	0
0.05 	0.0965625 	0.005 	0.792295 	0.00341338 	0
0.05 	0.0971875 	0.005 	0.829511 	0.00225441 	0
0.05 	0.0978125 	0.005 	0.867088 	0.00133325 	0
0.05 	0.0984375 	0.005 	0.904931 	0.000650524 	0
0.05 	0.0990625 	0.005 	0.942937 	0.000209824 	0
0.05 	0.0996875 	0.005 	0.980998 	2.55664e-05 	0
