0.05 	0.0003125 	0.005 	0.0112123
0.05 	0.0009375 	0.005 	0.0112245
0.05 	0.0015625 	0.005 	0.0112338
0.05 	0.0021875 	0.005 	0.0112412
0.05 	0.0028125 	0.005 	0.0112478
0.05 	0.0034375 	0.005 	0.0112535
0.05 	0.0040625 	0.005 	0.0112585
0.05 	0.0046875 	0.005 	0.0112625
0.05 	0.0053125 	0.005 	0.0112656
0.05 	0.0059375 	0.005 	0.0112676
0.05 	0.0065625 	0.005 	0.0112682
0.05 	0.0071875 	0.005 	0.0112672
0.05 	0.0078125 	0.005 	0.0112647
0.05 	0.0084375 	0.005 	0.0112607
0.05 	0.0090625 	0.005 	0.0112553
0.05 	0.0096875 	0.005 	0.0112485
0.05 	0.0103125 	0.005 	0.0112405
0.05 	0.0109375 	0.005 	0.0112312
0.05 	0.0115625 	0.005 	0.0112207
0.05 	0.0121875 	0.005 	0.0112088
0.05 	0.0128125 	0.005 	0.0111956
0.05 	0.0134375 	0.005 	0.0111808
0.05 	0.0140625 	0.005 	0.0111646
0.05 	0.0146875 	0.005 	0.0111469
0.05 	0.0153125 	0.005 	0.0111277
0.05 	0.0159375 	0.005 	0.0111069
0.05 	0.0165625 	0.005 	0.0110845
0.05 	0.0171875 	0.005 	0.0110601
0.05 	0.0178125 	0.005 	0.0110336
0.05 	0.0184375 	0.005 	0.0110047
0.05 	0.0190625 	0.005 	0.0109734
0.05 	0.0196875 	0.005 	0.0109397
0.05 	0.0203125 	0.005 	0.0109036
0.05 	0.0209375 	0.005 	0.0108652
0.05 	0.0215625 	0.005 	0.0108245
0.05 	0.0221875 	0.005 	0.0107812
0.05 	0.0228125 	0.005 	0.0107352
0.05 	0.0234375 	0.005 	0.0106863
0.05 	0.0240625 	0.005 	0.0106343
0.05 	0.0246875 	0.005 	0.0105793
0.05 	0.0253125 	0.005 	0.0105212
0.05 	0.0259375 	0.005 	0.0104601
0.05 	0.0265625 	0.005 	0.0103956
0.05 	0.0271875 	0.005 	0.0103276
0.05 	0.0278125 	0.005 	0.0102558
0.05 	0.0284375 	0.005 	0.0101799
0.05 	0.0290625 	0.005 	0.0100998
0.05 	0.0296875 	0.005 	0.0100156
0.05 	0.0303125 	0.005 	0.00992709
0.05 	0.0309375 	0.005 	0.00983423
0.05 	0.0315625 	0.005 	0.0097367
0.05 	0.0321875 	0.005 	0.00963411
0.05 	0.0328125 	0.005 	0.00952611
0.05 	0.0334375 	0.005 	0.00941248
0.05 	0.0340625 	0.005 	0.00929305
0.05 	0.0346875 	0.005 	0.00916764
0.05 	0.0353125 	0.005 	0.00903593
0.05 	0.0359375 	0.005 	0.00889753
0.05 	0.0365625 	0.005 	0.008752
0.05 	0.0371875 	0.005 	0.008599
0.05 	0.0378125 	0.005 	0.0084383
0.05 	0.0384375 	0.005 	0.0082697
0.05 	0.0390625 	0.005 	0.0080929
0.05 	0.0396875 	0.005 	0.00790742
0.05 	0.0403125 	0.005 	0.00771271
0.05 	0.0409375 	0.005 	0.00750826
0.05 	0.0415625 	0.005 	0.00729369
0.05 	0.0421875 	0.005 	0.00706862
0.05 	0.0428125 	0.005 	0.00683262
0.05 	0.0434375 	0.005 	0.00658507
0.05 	0.0440625 	0.005 	0.00632533
0.05 	0.0446875 	0.005 	0.00605284
0.05 	0.0453125 	0.005 	0.0057672
0.05 	0.0459375 	0.005 	0.00546803
0.05 	0.0465625 	0.005 	0.00515481
0.05 	0.0471875 	0.005 	0.00482685
0.05 	0.0478125 	0.005 	0.00448345
0.05 	0.0484375 	0.005 	0.00412403
0.05 	0.0490625 	0.005 	0.00374812
0.05 	0.0496875 	0.005 	0.0033552
0.05 	0.0503125 	0.005 	0.0029446
0.05 	0.0509375 	0.005 	0.00251559
0.05 	0.0515625 	0.005 	0.00206751
0.05 	0.0521875 	0.005 	0.00159984
0.05 	0.0528125 	0.005 	0.00111204
0.05 	0.0534375 	0.005 	0.000603466
0.05 	0.0540625 	0.005 	7.33973e-05
0.05 	0.0546875 	0.005 	-0.000478758
0.05 	0.0553125 	0.005 	-0.00105347
0.05 	0.0559375 	0.005 	-0.00165123
0.05 	0.0565625 	0.005 	-0.00227267
0.05 	0.0571875 	0.005 	-0.00291837
0.05 	0.0578125 	0.005 	-0.00358874
0.05 	0.0584375 	0.005 	-0.00428403
0.05 	0.0590625 	0.005 	-0.00500451
0.05 	0.0596875 	0.005 	-0.0057505
0.05 	0.0603125 	0.005 	-0.00652225
0.05 	0.0609375 	0.005 	-0.00731977
0.05 	0.0615625 	0.005 	-0.00814305
0.05 	0.0621875 	0.005 	-0.00899205
0.05 	0.0628125 	0.005 	-0.00986662
0.05 	0.0634375 	0.005 	-0.0107664
0.05 	0.0640625 	0.005 	-0.0116907
0.05 	0.0646875 	0.005 	-0.0126391
0.05 	0.0653125 	0.005 	-0.0136108
0.05 	0.0659375 	0.005 	-0.0146047
0.05 	0.0665625 	0.005 	-0.0156198
0.05 	0.0671875 	0.005 	-0.0166548
0.05 	0.0678125 	0.005 	-0.0177083
0.05 	0.0684375 	0.005 	-0.0187785
0.05 	0.0690625 	0.005 	-0.0198635
0.05 	0.0696875 	0.005 	-0.0209613
0.05 	0.0703125 	0.005 	-0.0220695
0.05 	0.0709375 	0.005 	-0.0231855
0.05 	0.0715625 	0.005 	-0.0243066
0.05 	0.0721875 	0.005 	-0.02543
0.05 	0.0728125 	0.005 	-0.0265526
0.05 	0.0734375 	0.005 	-0.0276709
0.05 	0.0740625 	0.005 	-0.0287816
0.05 	0.0746875 	0.005 	-0.029881
0.05 	0.0753125 	0.005 	-0.0309652
0.05 	0.0759375 	0.005 	-0.0320306
0.05 	0.0765625 	0.005 	-0.0330729
0.05 	0.0771875 	0.005 	-0.0340884
0.05 	0.0778125 	0.005 	-0.0350728
0.05 	0.0784375 	0.005 	-0.0360222
0.05 	0.0790625 	0.005 	-0.0369325
0.05 	0.0796875 	0.005 	-0.0377997
0.05 	0.0803125 	0.005 	-0.0386201
0.05 	0.0809375 	0.005 	-0.0393898
0.05 	0.0815625 	0.005 	-0.0401054
0.05 	0.0821875 	0.005 	-0.0407638
0.05 	0.0828125 	0.005 	-0.0413619
0.05 	0.0834375 	0.005 	-0.0418973
0.05 	0.0840625 	0.005 	-0.042368
0.05 	0.0846875 	0.005 	-0.0427723
0.05 	0.0853125 	0.005 	-0.0431089
0.05 	0.0859375 	0.005 	-0.0433773
0.05 	0.0865625 	0.005 	-0.0435774
0.05 	0.0871875 	0.005 	-0.0437095
0.05 	0.0878125 	0.005 	-0.0437746
0.05 	0.0884375 	0.005 	-0.0437744
0.05 	0.0890625 	0.005 	-0.043711
0.05 	0.0896875 	0.005 	-0.0435872
0.05 	0.0903125 	0.005 	-0.0434064
0.05 	0.0909375 	0.005 	-0.0431727
0.05 	0.0915625 	0.005 	-0.0428905
0.05 	0.0921875 	0.005 	-0.0425648
0.05 	0.0928125 	0.005 	-0.0422009
0.05 	0.0934375 	0.005 	-0.0418043
0.05 	0.0940625 	0.005 	-0.0413807
0.05 	0.0946875 	0.005 	-0.0409357
0.05 	0.0953125 	0.005 	-0.0404751
0.05 	0.0959375 	0.005 	-0.0400045
0.05 	0.0965625 	0.005 	-0.0395291
0.05 	0.0971875 	0.005 	-0.0390538
0.05 	0.0978125 	0.005 	-0.0385852
0.05 	0.0984375 	0.005 	-0.0381295
0.05 	0.0990625 	0.005 	-0.0376572
0.05 	0.0996875 	0.005 	-0.0371395
