0.05 	0.0003125 	0.005 	0.00635212
0.05 	0.0009375 	0.005 	0.00636768
0.05 	0.0015625 	0.005 	0.00637965
0.05 	0.0021875 	0.005 	0.00638898
0.05 	0.0028125 	0.005 	0.0063968
0.05 	0.0034375 	0.005 	0.00640301
0.05 	0.0040625 	0.005 	0.00640747
0.05 	0.0046875 	0.005 	0.00641009
0.05 	0.0053125 	0.005 	0.00641077
0.05 	0.0059375 	0.005 	0.00640938
0.05 	0.0065625 	0.005 	0.00640576
0.05 	0.0071875 	0.005 	0.00639976
0.05 	0.0078125 	0.005 	0.00639118
0.05 	0.0084375 	0.005 	0.00637983
0.05 	0.0090625 	0.005 	0.00636549
0.05 	0.0096875 	0.005 	0.00634794
0.05 	0.0103125 	0.005 	0.00632694
0.05 	0.0109375 	0.005 	0.00630223
0.05 	0.0115625 	0.005 	0.00627354
0.05 	0.0121875 	0.005 	0.00624058
0.05 	0.0128125 	0.005 	0.00620307
0.05 	0.0134375 	0.005 	0.0061607
0.05 	0.0140625 	0.005 	0.00611314
0.05 	0.0146875 	0.005 	0.00606006
0.05 	0.0153125 	0.005 	0.0060011
0.05 	0.0159375 	0.005 	0.0059359
0.05 	0.0165625 	0.005 	0.00586408
0.05 	0.0171875 	0.005 	0.00578523
0.05 	0.0178125 	0.005 	0.00569895
0.05 	0.0184375 	0.005 	0.00560479
0.05 	0.0190625 	0.005 	0.00550232
0.05 	0.0196875 	0.005 	0.00539107
0.05 	0.0203125 	0.005 	0.00527057
0.05 	0.0209375 	0.005 	0.0051403
0.05 	0.0215625 	0.005 	0.00499976
0.05 	0.0221875 	0.005 	0.00484842
0.05 	0.0228125 	0.005 	0.00468572
0.05 	0.0234375 	0.005 	0.00451109
0.05 	0.0240625 	0.005 	0.00432394
0.05 	0.0246875 	0.005 	0.00412366
0.05 	0.0253125 	0.005 	0.00390963
0.05 	0.0259375 	0.005 	0.0036812
0.05 	0.0265625 	0.005 	0.0034377
0.05 	0.0271875 	0.005 	0.00317846
0.05 	0.0278125 	0.005 	0.00290277
0.05 	0.0284375 	0.005 	0.00260993
0.05 	0.0290625 	0.005 	0.00229919
0.05 	0.0296875 	0.005 	0.00196981
0.05 	0.0303125 	0.005 	0.00162103
0.05 	0.0309375 	0.005 	0.00125208
0.05 	0.0315625 	0.005 	0.000862181
0.05 	0.0321875 	0.005 	0.000450528
0.05 	0.0328125 	0.005 	1.63236e-05
0.05 	0.0334375 	0.005 	-0.000441237
0.05 	0.0340625 	0.005 	-0.000922964
0.05 	0.0346875 	0.005 	-0.00142967
0.05 	0.0353125 	0.005 	-0.00196218
0.05 	0.0359375 	0.005 	-0.00252129
0.05 	0.0365625 	0.005 	-0.00310781
0.05 	0.0371875 	0.005 	-0.00372254
0.05 	0.0378125 	0.005 	-0.00436624
0.05 	0.0384375 	0.005 	-0.00503969
0.05 	0.0390625 	0.005 	-0.00574363
0.05 	0.0396875 	0.005 	-0.00647878
0.05 	0.0403125 	0.005 	-0.00724582
0.05 	0.0409375 	0.005 	-0.00804541
0.05 	0.0415625 	0.005 	-0.00887817
0.05 	0.0421875 	0.005 	-0.00974466
0.05 	0.0428125 	0.005 	-0.0106454
0.05 	0.0434375 	0.005 	-0.0115809
0.05 	0.0440625 	0.005 	-0.0125515
0.05 	0.0446875 	0.005 	-0.0135576
0.05 	0.0453125 	0.005 	-0.0145994
0.05 	0.0459375 	0.005 	-0.0156772
0.05 	0.0465625 	0.005 	-0.016791
0.05 	0.0471875 	0.005 	-0.0179409
0.05 	0.0478125 	0.005 	-0.0191267
0.05 	0.0484375 	0.005 	-0.0203484
0.05 	0.0490625 	0.005 	-0.0216057
0.05 	0.0496875 	0.005 	-0.022898
0.05 	0.0503125 	0.005 	-0.024225
0.05 	0.0509375 	0.005 	-0.0255859
0.05 	0.0515625 	0.005 	-0.02698
0.05 	0.0521875 	0.005 	-0.0284063
0.05 	0.0528125 	0.005 	-0.029864
0.05 	0.0534375 	0.005 	-0.0313517
0.05 	0.0540625 	0.005 	-0.0328681
0.05 	0.0546875 	0.005 	-0.0344118
0.05 	0.0553125 	0.005 	-0.035981
0.05 	0.0559375 	0.005 	-0.0375741
0.05 	0.0565625 	0.005 	-0.0391891
0.05 	0.0571875 	0.005 	-0.0408238
0.05 	0.0578125 	0.005 	-0.042476
0.05 	0.0584375 	0.005 	-0.0441434
0.05 	0.0590625 	0.005 	-0.0458233
0.05 	0.0596875 	0.005 	-0.047513
0.05 	0.0603125 	0.005 	-0.0492098
0.05 	0.0609375 	0.005 	-0.0509106
0.05 	0.0615625 	0.005 	-0.0526123
0.05 	0.0621875 	0.005 	-0.0543117
0.05 	0.0628125 	0.005 	-0.0560053
0.05 	0.0634375 	0.005 	-0.0576898
0.05 	0.0640625 	0.005 	-0.0593616
0.05 	0.0646875 	0.005 	-0.061017
0.05 	0.0653125 	0.005 	-0.0626523
0.05 	0.0659375 	0.005 	-0.0642636
0.05 	0.0665625 	0.005 	-0.0658472
0.05 	0.0671875 	0.005 	-0.0673991
0.05 	0.0678125 	0.005 	-0.0689154
0.05 	0.0684375 	0.005 	-0.0703923
0.05 	0.0690625 	0.005 	-0.0718258
0.05 	0.0696875 	0.005 	-0.073212
0.05 	0.0703125 	0.005 	-0.0745472
0.05 	0.0709375 	0.005 	-0.0758276
0.05 	0.0715625 	0.005 	-0.0770495
0.05 	0.0721875 	0.005 	-0.0782094
0.05 	0.0728125 	0.005 	-0.0793038
0.05 	0.0734375 	0.005 	-0.0803295
0.05 	0.0740625 	0.005 	-0.0812832
0.05 	0.0746875 	0.005 	-0.0821621
0.05 	0.0753125 	0.005 	-0.0829633
0.05 	0.0759375 	0.005 	-0.0836845
0.05 	0.0765625 	0.005 	-0.0843232
0.05 	0.0771875 	0.005 	-0.0848775
0.05 	0.0778125 	0.005 	-0.0853457
0.05 	0.0784375 	0.005 	-0.0857263
0.05 	0.0790625 	0.005 	-0.0860182
0.05 	0.0796875 	0.005 	-0.0862207
0.05 	0.0803125 	0.005 	-0.0863333
0.05 	0.0809375 	0.005 	-0.086356
0.05 	0.0815625 	0.005 	-0.0862892
0.05 	0.0821875 	0.005 	-0.0861337
0.05 	0.0828125 	0.005 	-0.0858906
0.05 	0.0834375 	0.005 	-0.0855616
0.05 	0.0840625 	0.005 	-0.0851487
0.05 	0.0846875 	0.005 	-0.0846545
0.05 	0.0853125 	0.005 	-0.0840821
0.05 	0.0859375 	0.005 	-0.0834348
0.05 	0.0865625 	0.005 	-0.0827166
0.05 	0.0871875 	0.005 	-0.0819321
0.05 	0.0878125 	0.005 	-0.081086
0.05 	0.0884375 	0.005 	-0.0801838
0.05 	0.0890625 	0.005 	-0.0792313
0.05 	0.0896875 	0.005 	-0.0782346
0.05 	0.0903125 	0.005 	-0.0772005
0.05 	0.0909375 	0.005 	-0.0761358
0.05 	0.0915625 	0.005 	-0.075048
0.05 	0.0921875 	0.005 	-0.0739445
0.05 	0.0928125 	0.005 	-0.0728331
0.05 	0.0934375 	0.005 	-0.0717217
0.05 	0.0940625 	0.005 	-0.0706182
0.05 	0.0946875 	0.005 	-0.0695304
0.05 	0.0953125 	0.005 	-0.068466
0.05 	0.0959375 	0.005 	-0.0674325
0.05 	0.0965625 	0.005 	-0.0664364
0.05 	0.0971875 	0.005 	-0.065484
0.05 	0.0978125 	0.005 	-0.0645847
0.05 	0.0984375 	0.005 	-0.0637472
0.05 	0.0990625 	0.005 	-0.0629236
0.05 	0.0996875 	0.005 	-0.0620649
