0.05 	0.0003125 	0.005 	-0.00163331 	6.69093e-07 	0
0.05 	0.0009375 	0.005 	-0.00478524 	4.51515e-06 	0
0.05 	0.0015625 	0.005 	-0.00782915 	1.28893e-05 	0
0.05 	0.0021875 	0.005 	-0.0107714 	2.49862e-05 	0
0.05 	0.0028125 	0.005 	-0.0136176 	4.03637e-05 	0
0.05 	0.0034375 	0.005 	-0.0163733 	5.87838e-05 	0
0.05 	0.0040625 	0.005 	-0.0190437 	8.00191e-05 	0
0.05 	0.0046875 	0.005 	-0.0216338 	0.000103863 	0
0.05 	0.0053125 	0.005 	-0.0241485 	0.000130141 	0
0.05 	0.0059375 	0.005 	-0.0265925 	0.000158713 	0
0.05 	0.0065625 	0.005 	-0.0289702 	0.000189466 	0
0.05 	0.0071875 	0.005 	-0.0312862 	0.000222314 	0
0.05 	0.0078125 	0.005 	-0.0335444 	0.000257201 	0
0.05 	0.0084375 	0.005 	-0.0357491 	0.000294096 	0
0.05 	0.0090625 	0.005 	-0.0379043 	0.000332996 	0
0.05 	0.0096875 	0.005 	-0.0400136 	0.000373924 	0
0.05 	0.0103125 	0.005 	-0.0420808 	0.000416925 	0
0.05 	0.0109375 	0.005 	-0.0441096 	0.000462073 	0
0.05 	0.0115625 	0.005 	-0.0461033 	0.000509466 	0
0.05 	0.0121875 	0.005 	-0.0480654 	0.000559223 	0
0.05 	0.0128125 	0.005 	-0.0499991 	0.000611493 	0
0.05 	0.0134375 	0.005 	-0.0519077 	0.000666443 	0
0.05 	0.0140625 	0.005 	-0.0537942 	0.000724269 	0
0.05 	0.0146875 	0.005 	-0.0556616 	0.000785188 	0
0.05 	0.0153125 	0.005 	-0.0575128 	0.000849443 	0
0.05 	0.0159375 	0.005 	-0.0593507 	0.000917299 	0
0.05 	0.0165625 	0.005 	-0.0611779 	0.000989047 	0
0.05 	0.0171875 	0.005 	-0.0629973 	0.001065 	0
0.05 	0.0178125 	0.005 	-0.0648113 	0.0011455 	0
0.05 	0.0184375 	0.005 	-0.0666225 	0.00123092 	0
0.05 	0.0190625 	0.005 	-0.0684333 	0.00132163 	0
0.05 	0.0196875 	0.005 	-0.070246 	0.00141805 	0
0.05 	0.0203125 	0.005 	-0.072063 	0.00152063 	0
0.05 	0.0209375 	0.005 	-0.0738863 	0.00162982 	0
0.05 	0.0215625 	0.005 	-0.0757181 	0.00174612 	0
0.05 	0.0221875 	0.005 	-0.0775604 	0.00187004 	0
0.05 	0.0228125 	0.005 	-0.0794152 	0.00200211 	0
0.05 	0.0234375 	0.005 	-0.0812842 	0.00214291 	0
0.05 	0.0240625 	0.005 	-0.0831693 	0.00229303 	0
0.05 	0.0246875 	0.005 	-0.085072 	0.00245307 	0
0.05 	0.0253125 	0.005 	-0.086994 	0.00262368 	0
0.05 	0.0259375 	0.005 	-0.0889366 	0.00280553 	0
0.05 	0.0265625 	0.005 	-0.0909012 	0.00299929 	0
0.05 	0.0271875 	0.005 	-0.092889 	0.00320569 	0
0.05 	0.0278125 	0.005 	-0.0949012 	0.00342546 	0
0.05 	0.0284375 	0.005 	-0.0969387 	0.00365935 	0
0.05 	0.0290625 	0.005 	-0.0990024 	0.00390814 	0
0.05 	0.0296875 	0.005 	-0.101093 	0.00417263 	0
0.05 	0.0303125 	0.005 	-0.103211 	0.00445363 	0
0.05 	0.0309375 	0.005 	-0.105357 	0.00475197 	0
0.05 	0.0315625 	0.005 	-0.107531 	0.00506849 	0
0.05 	0.0321875 	0.005 	-0.109733 	0.00540407 	0
0.05 	0.0328125 	0.005 	-0.111964 	0.00575956 	0
0.05 	0.0334375 	0.005 	-0.114222 	0.00613585 	0
0.05 	0.0340625 	0.005 	-0.116508 	0.00653383 	0
0.05 	0.0346875 	0.005 	-0.118821 	0.00695437 	0
0.05 	0.0353125 	0.005 	-0.12116 	0.00739837 	0
0.05 	0.0359375 	0.005 	-0.123523 	0.00786671 	0
0.05 	0.0365625 	0.005 	-0.125911 	0.00836026 	0
0.05 	0.0371875 	0.005 	-0.128321 	0.00887989 	0
0.05 	0.0378125 	0.005 	-0.130751 	0.00942644 	0
0.05 	0.0384375 	0.005 	-0.1332 	0.0100007 	0
0.05 	0.0390625 	0.005 	-0.135665 	0.0106036 	0
0.05 	0.0396875 	0.005 	-0.138144 	0.0112358 	0
0.05 	0.0403125 	0.005 	-0.140633 	0.011898 	0
0.05 	0.0409375 	0.005 	-0.143131 	0.012591 	0
0.05 	0.0415625 	0.005 	-0.145633 	0.0133153 	0
0.05 	0.0421875 	0.005 	-0.148135 	0.0140716 	0
0.05 	0.0428125 	0.005 	-0.150635 	0.0148603 	0
0.05 	0.0434375 	0.005 	-0.153127 	0.015682 	0
0.05 	0.0440625 	0.005 	-0.155608 	0.016537 	0
0.05 	0.0446875 	0.005 	-0.158071 	0.0174256 	0
0.05 	0.0453125 	0.005 	-0.160512 	0.0183479 	0
0.05 	0.0459375 	0.005 	-0.162925 	0.019304 	0
0.05 	0.0465625 	0.005 	-0.165305 	0.020294 	0
0.05 	0.0471875 	0.005 	-0.167644 	0.0213177 	0
0.05 	0.0478125 	0.005 	-0.169937 	0.0223748 	0
0.05 	0.0484375 	0.005 	-0.172176 	0.0234649 	0
0.05 	0.0490625 	0.005 	-0.174355 	0.0245875 	0
0.05 	0.0496875 	0.005 	-0.176465 	0.0257418 	0
0.05 	0.0503125 	0.005 	-0.178498 	0.0269271 	0
0.05 	0.0509375 	0.005 	-0.180447 	0.0281422 	0
0.05 	0.0515625 	0.005 	-0.182302 	0.029386 	0
0.05 	0.0521875 	0.005 	-0.184055 	0.0306571 	0
0.05 	0.0528125 	0.005 	-0.185696 	0.0319539 	0
0.05 	0.0534375 	0.005 	-0.187215 	0.0332746 	0
0.05 	0.0540625 	0.005 	-0.188604 	0.0346173 	0
0.05 	0.0546875 	0.005 	-0.189851 	0.0359797 	0
0.05 	0.0553125 	0.005 	-0.190946 	0.0373595 	0
0.05 	0.0559375 	0.005 	-0.191878 	0.038754 	0
0.05 	0.0565625 	0.005 	-0.192637 	0.0401605 	0
0.05 	0.0571875 	0.005 	-0.19321 	0.0415758 	0
0.05 	0.0578125 	0.005 	-0.193587 	0.0429967 	0
0.05 	0.0584375 	0.005 	-0.193755 	0.0444196 	0
0.05 	0.0590625 	0.005 	-0.193703 	0.045841 	0
0.05 	0.0596875 	0.005 	-0.193418 	0.0472568 	0
0.05 	0.0603125 	0.005 	-0.192889 	0.0486629 	0
0.05 	0.0609375 	0.005 	-0.192102 	0.050055 	0
0.05 	0.0615625 	0.005 	-0.191044 	0.0514285 	0
0.05 	0.0621875 	0.005 	-0.189703 	0.0527788 	0
0.05 	0.0628125 	0.005 	-0.188066 	0.054101 	0
0.05 	0.0634375 	0.005 	-0.186119 	0.0553899 	0
0.05 	0.0640625 	0.005 	-0.18385 	0.0566405 	0
0.05 	0.0646875 	0.005 	-0.181244 	0.0578473 	0
0.05 	0.0653125 	0.005 	-0.178287 	0.059005 	0
0.05 	0.0659375 	0.005 	-0.174967 	0.060108 	0
0.05 	0.0665625 	0.005 	-0.171268 	0.0611508 	0
0.05 	0.0671875 	0.005 	-0.167178 	0.0621277 	0
0.05 	0.0678125 	0.005 	-0.162681 	0.063033 	0
0.05 	0.0684375 	0.005 	-0.157762 	0.0638612 	0
0.05 	0.0690625 	0.005 	-0.152408 	0.0646066 	0
0.05 	0.0696875 	0.005 	-0.146603 	0.0652637 	0
0.05 	0.0703125 	0.005 	-0.140332 	0.0658272 	0
0.05 	0.0709375 	0.005 	-0.133579 	0.0662916 	0
0.05 	0.0715625 	0.005 	-0.126329 	0.066652 	0
0.05 	0.0721875 	0.005 	-0.118566 	0.0669034 	0
0.05 	0.0728125 	0.005 	-0.110272 	0.0670412 	0
0.05 	0.0734375 	0.005 	-0.101432 	0.0670611 	0
0.05 	0.0740625 	0.005 	-0.0920284 	0.0669591 	0
0.05 	0.0746875 	0.005 	-0.0820428 	0.0667316 	0
0.05 	0.0753125 	0.005 	-0.0714576 	0.0663753 	0
0.05 	0.0759375 	0.005 	-0.060254 	0.0658877 	0
0.05 	0.0765625 	0.005 	-0.0484131 	0.0652664 	0
0.05 	0.0771875 	0.005 	-0.0359153 	0.0645099 	0
0.05 	0.0778125 	0.005 	-0.0227405 	0.0636171 	0
0.05 	0.0784375 	0.005 	-0.00886838 	0.0625877 	0
0.05 	0.0790625 	0.005 	0.00572214 	0.061422 	0
0.05 	0.0796875 	0.005 	0.0210524 	0.0601212 	0
0.05 	0.0803125 	0.005 	0.037144 	0.0586872 	0
0.05 	0.0809375 	0.005 	0.054019 	0.0571226 	0
0.05 	0.0815625 	0.005 	0.0716995 	0.0554313 	0
0.05 	0.0821875 	0.005 	0.0902077 	0.0536176 	0
0.05 	0.0828125 	0.005 	0.109566 	0.0516872 	0
0.05 	0.0834375 	0.005 	0.129795 	0.0496467 	0
0.05 	0.0840625 	0.005 	0.150918 	0.0475035 	0
0.05 	0.0846875 	0.005 	0.172953 	0.0452664 	0
0.05 	0.0853125 	0.005 	0.195922 	0.042945 	0
0.05 	0.0859375 	0.005 	0.219843 	0.04055 	0
0.05 	0.0865625 	0.005 	0.244731 	0.0380933 	0
0.05 	0.0871875 	0.005 	0.270602 	0.0355877 	0
0.05 	0.0878125 	0.005 	0.297467 	0.0330471 	0
0.05 	0.0884375 	0.005 	0.325337 	0.0304864 	0
0.05 	0.0890625 	0.005 	0.354216 	0.0279212 	0
0.05 	0.0896875 	0.005 	0.384107 	0.025368 	0
0.05 	0.0903125 	0.005 	0.415008 	0.0228442 	0
0.05 	0.0909375 	0.005 	0.44691 	0.0203674 	0
0.05 	0.0915625 	0.005 	0.479803 	0.0179558 	0
0.05 	0.0921875 	0.005 	0.513666 	0.0156279 	0
0.05 	0.0928125 	0.005 	0.548474 	0.0134018 	0
0.05 	0.0934375 	0.005 	0.584197 	0.0112959 	0
0.05 	0.0940625 	0.005 	0.620794 	0.00932762 	0
0.05 	0.0946875 	0.005 	0.658218 	0.00751369 	0
0.05 	0.0953125 	0.005 	0.696415 	0.00586966 	0
0.05 	0.0959375 	0.005 	0.735323 	0.00440952 	0
0.05 	0.0965625 	0.005 	0.774871 	0.00314537 	0
0.05 	0.0971875 	0.005 	0.814981 	0.00208704 	0
0.05 	0.0978125 	0.005 	0.855567 	0.00124108 	0
0.05 	0.0984375 	0.005 	0.896539 	0.000609748 	0
0.05 	0.0990625 	0.005 	0.937799 	0.000198802 	0
0.05 	0.0996875 	0.005 	0.979241 	2.49386e-05 	0
