/*--------------------------------*- C++ -*----------------------------------*\
  =========                 |
  \\      /  F ield         | OpenFOAM: The Open Source CFD Toolbox
   \\    /   O peration     | Website:  https://openfoam.org
    \\  /    A nd           | Version:  7
     \\/     M anipulation  |
\*---------------------------------------------------------------------------*/
FoamFile
{
    version     2.0;
    format      ascii;
    class       volScalarField;
    location    "0.375";
    object      p;
}
// * * * * * * * * * * * * * * * * * * * * * * * * * * * * * * * * * * * * * //

dimensions      [0 2 -2 0 0 0 0];

internalField   nonuniform List<scalar> 
6400
(
1.24844e-05
3.38069e-05
-0.000471244
-0.001504
-0.00294642
-0.0046882
-0.00662903
-0.00867933
-0.0107619
-0.0128112
-0.0147723
-0.016599
-0.0182527
-0.0197019
-0.0209206
-0.0218882
-0.0225885
-0.0230093
-0.0231421
-0.0229816
-0.0225252
-0.0217731
-0.0207276
-0.0193934
-0.0177769
-0.0158863
-0.0137315
-0.0113237
-0.0086757
-0.00580125
-0.00271538
0.000565876
0.00402552
0.00764569
0.0114077
0.0152922
0.0192792
0.023348
0.0274776
0.0316465
0.0358329
0.0400146
0.0441695
0.0482753
0.0523097
0.0562506
0.0600762
0.0637652
0.0672966
0.0706501
0.0738063
0.0767468
0.0794542
0.0819124
0.0841067
0.0860242
0.0876537
0.0889859
0.0900138
0.090733
0.0911414
0.09124
0.0910328
0.0905271
0.089734
0.0886686
0.0873501
0.0858028
0.084056
0.082145
0.0801114
0.0780045
0.0758817
0.0738101
0.0718673
0.0701417
0.0687303
0.0677373
0.0672693
0.0673068
9.66645e-06
2.41108e-05
-0.000429256
-0.00131256
-0.00252643
-0.00399167
-0.00563239
-0.00737621
-0.00915787
-0.0109201
-0.0126132
-0.0141948
-0.0156286
-0.0168844
-0.0179372
-0.0187665
-0.0193561
-0.0196936
-0.0197697
-0.0195786
-0.0191168
-0.0183837
-0.0173805
-0.016111
-0.0145805
-0.0127961
-0.0107666
-0.00850206
-0.00601397
-0.00331503
-0.000419029
0.00265919
0.00590388
0.00929841
0.0128254
0.0164667
0.0202037
0.0240169
0.0278868
0.0317932
0.0357155
0.0396332
0.0435255
0.0473714
0.0511503
0.0548415
0.0584247
0.0618801
0.0651881
0.0683301
0.0712882
0.0740454
0.0765858
0.0788947
0.080959
0.082767
0.0843087
0.0855764
0.086564
0.0872681
0.0876876
0.0878244
0.087683
0.0872713
0.0866005
0.0856856
0.0845457
0.0832041
0.0816889
0.0800334
0.0782764
0.0764629
0.0746444
0.0728792
0.0712329
0.0697767
0.0685838
0.0677291
0.0673058
0.0673443
0.000517632
0.000479564
2.5699e-05
-0.000790213
-0.00188094
-0.00318318
-0.00463575
-0.00617858
-0.00775604
-0.00931808
-0.0108204
-0.0122243
-0.0134965
-0.0146086
-0.0155368
-0.0162615
-0.0167668
-0.0170404
-0.0170731
-0.0168585
-0.016393
-0.0156751
-0.0147057
-0.0134877
-0.0120257
-0.0103259
-0.00839637
-0.0062462
-0.003886
-0.00132751
0.00141642
0.00433196
0.00740433
0.0106179
0.0139564
0.0174027
0.0209391
0.0245475
0.0282092
0.0319052
0.0356162
0.0393226
0.0430049
0.0466433
0.0502182
0.0537103
0.0571004
0.0603698
0.0635003
0.0664744
0.0692754
0.0718874
0.0742957
0.0764867
0.0784484
0.0801701
0.0816428
0.0828595
0.0838152
0.084507
0.0849345
0.0851
0.0850083
0.0846675
0.0840887
0.0832865
0.0822793
0.0810893
0.079743
0.0782715
0.0767105
0.0751009
0.0734885
0.0719244
0.0704644
0.0691679
0.0680941
0.0673034
0.066881
0.0668784
0.0015507
0.00136562
0.000841906
2.26664e-05
-0.00102545
-0.00224887
-0.00359584
-0.00501563
-0.00646064
-0.00788727
-0.00925635
-0.0105331
-0.0116873
-0.0126928
-0.0135273
-0.0141726
-0.0146135
-0.0148381
-0.0148375
-0.0146054
-0.0141379
-0.0134333
-0.0124923
-0.0113171
-0.0099118
-0.00828217
-0.00643537
-0.00437998
-0.00212582
0.000316144
0.00293386
0.00571429
0.00864351
0.0117068
0.0148886
0.0181728
0.0215427
0.024981
0.0284699
0.0319915
0.0355272
0.0390587
0.0425671
0.0460339
0.0494404
0.0527682
0.0559992
0.0591156
0.0621002
0.0649366
0.0676088
0.070102
0.0724023
0.0744971
0.0763751
0.0780263
0.0794426
0.0806175
0.0815466
0.0822275
0.0826601
0.0828468
0.0827926
0.0825053
0.0819957
0.0812779
0.0803691
0.0792903
0.0780662
0.0767252
0.0753002
0.0738277
0.0723487
0.0709077
0.0695528
0.0683344
0.067303
0.0665102
0.0660242
0.0658886
0.00299957
0.00258802
0.00193645
0.00106429
8.72829e-06
-0.00118539
-0.00247417
-0.00381533
-0.00516859
-0.00649648
-0.00776479
-0.00894283
-0.0100035
-0.010923
-0.0116813
-0.0122613
-0.012649
-0.0128332
-0.0128054
-0.0125595
-0.0120918
-0.0114006
-0.010486
-0.00935016
-0.00799674
-0.00643099
-0.00465955
-0.00269038
-0.000532671
0.00180329
0.00430616
0.00696367
0.00976265
0.0126891
0.0157285
0.0188653
0.0220837
0.0253674
0.0286993
0.0320624
0.0354392
0.0388119
0.0421629
0.0454743
0.0487285
0.0519079
0.0549952
0.0579737
0.060827
0.0635393
0.0660958
0.0684823
0.0706857
0.0726942
0.0744971
0.0760851
0.0774506
0.0785876
0.0794921
0.0801621
0.0805975
0.0808008
0.0807769
0.0805333
0.0800802
0.0794308
0.0786013
0.0776111
0.0764828
0.0752424
0.0739193
0.0725462
0.0711591
0.0697967
0.0684998
0.0673111
0.0662735
0.065431
0.0648248
0.0644772
0.00476215
0.00407377
0.0032512
0.00228584
0.00118147
-2.48592e-05
-0.00129589
-0.00259691
-0.00389435
-0.0051564
-0.00635358
-0.00745915
-0.00844919
-0.00930264
-0.0100013
-0.0105298
-0.0108753
-0.0110275
-0.0109787
-0.0107231
-0.0102571
-0.0095792
-0.00868943
-0.0075897
-0.00628341
-0.00477543
-0.00307197
-0.00118051
0.00089034
0.00313087
0.00553037
0.00807724
0.010759
0.0135624
0.0164736
0.0194779
0.0225602
0.0257048
0.0288958
0.0321167
0.0353509
0.0385815
0.0417915
0.0449639
0.048082
0.0511289
0.0540882
0.0569439
0.0596803
0.0622825
0.0647363
0.0670282
0.0691458
0.0710778
0.0728141
0.074346
0.0756662
0.0767691
0.077651
0.0783098
0.0787459
0.0789613
0.0789607
0.0787512
0.0783423
0.0777461
0.0769777
0.0760547
0.0749977
0.0738301
0.0725781
0.0712705
0.0699387
0.0686158
0.0673367
0.0661365
0.0650522
0.0641205
0.0633513
0.0627405
0.00674773
0.00575431
0.00473095
0.00364079
0.00245368
0.00120017
-8.79618e-05
-0.00138268
-0.00265642
-0.00388248
-0.00503582
-0.00609344
-0.00703455
-0.00784071
-0.00849582
-0.00898617
-0.00930032
-0.00942907
-0.00936528
-0.00910387
-0.00864161
-0.00797704
-0.0071104
-0.00604347
-0.00477949
-0.00332307
-0.00168007
0.000142431
0.00213627
0.00429224
0.0066002
0.00904912
0.0116271
0.0143217
0.0171194
0.0200065
0.0229685
0.0259905
0.029057
0.0321526
0.0352611
0.0383665
0.0414526
0.0445031
0.0475018
0.0504326
0.0532799
0.0560283
0.0586628
0.061169
0.0635334
0.065743
0.0677861
0.0696517
0.0713301
0.0728131
0.0740937
0.0751664
0.0760277
0.0766755
0.07711
0.0773332
0.0773493
0.0771646
0.0767879
0.0762305
0.0755057
0.0746297
0.073621
0.0725004
0.071291
0.0700181
0.0687086
0.0673911
0.0660944
0.0648477
0.063683
0.0626307
0.0616684
0.0607652
0.00887705
0.00756513
0.0063219
0.00508377
0.00378788
0.00245946
0.00112596
-0.00019042
-0.00146742
-0.00268295
-0.00381599
-0.00484706
-0.00575837
-0.00653399
-0.00715995
-0.00762428
-0.00791694
-0.00802983
-0.00795673
-0.00769318
-0.00723642
-0.00658531
-0.00574024
-0.00470301
-0.00347681
-0.00206608
-0.00047644
0.00128535
0.0032115
0.00529323
0.00752087
0.00988388
0.012371
0.0149701
0.0176685
0.0204531
0.0233098
0.0262245
0.0291825
0.0321686
0.0351677
0.0381642
0.0411425
0.0440871
0.0469823
0.0498128
0.0525633
0.0552192
0.0577659
0.0601896
0.0624773
0.0646165
0.0665956
0.0684044
0.0700333
0.0714744
0.0727207
0.0737671
0.0746097
0.0752468
0.075678
0.0759051
0.0759317
0.0757636
0.0754087
0.0748769
0.0741804
0.0733335
0.0723528
0.0712566
0.0700652
0.0688004
0.0674856
0.0661448
0.0648019
0.0634806
0.062209
0.0610126
0.0598378
0.0586276
0.0110831
0.00944873
0.00797455
0.00657228
0.00514815
0.00372335
0.00232193
0.000961114
-0.000341492
-0.00156787
-0.00270067
-0.00372362
-0.00462173
-0.00538151
-0.00599105
-0.00644008
-0.00672003
-0.00682396
-0.00674656
-0.00648412
-0.00603444
-0.00539675
-0.00457168
-0.00356118
-0.00236843
-0.000997805
0.000545235
0.00225417
0.00412151
0.00613881
0.00829681
0.0105854
0.0129937
0.0155103
0.0181229
0.0208188
0.0235847
0.0264069
0.0292713
0.0321633
0.0350683
0.0379714
0.0408575
0.0437115
0.0465185
0.0492634
0.0519318
0.0545091
0.0569815
0.0593357
0.0615587
0.0636387
0.0655643
0.0673254
0.0689128
0.0703186
0.071536
0.0725598
0.0733861
0.0740129
0.0744395
0.0746673
0.0746993
0.0745406
0.074198
0.0736804
0.0729986
0.0721653
0.071195
0.0701038
0.0689093
0.0676305
0.0662871
0.0648993
0.063487
0.0620691
0.0606705
0.0593133
0.057914
0.0563919
0.0133099
0.011355
0.00964444
0.0080672
0.00650067
0.00496307
0.00347592
0.00205225
0.00070565
-0.000549451
-0.00169896
-0.00272953
-0.00362878
-0.00438548
-0.00498971
-0.00543287
-0.00570782
-0.0058088
-0.0057315
-0.00547295
-0.00503158
-0.00440706
-0.00360035
-0.00261359
-0.00145006
-0.000114099
0.00138889
0.00305257
0.00486965
0.00683199
0.00893064
0.0111559
0.0134972
0.0159436
0.0184833
0.021104
0.0237929
0.0265368
0.0293221
0.0321348
0.0349606
0.0377852
0.0405939
0.0433722
0.0461055
0.0487793
0.0513795
0.0538919
0.0563032
0.0586001
0.0607703
0.0628019
0.0646839
0.0664064
0.0679601
0.0693373
0.0705311
0.0715363
0.0723487
0.072966
0.0733873
0.0736132
0.0736463
0.0734907
0.0731525
0.0726393
0.0719606
0.0711273
0.0701522
0.0690494
0.067834
0.0665222
0.0651309
0.063677
0.0621765
0.0606447
0.0591043
0.0575747
0.0559447
0.0541116
0.0155108
0.0132405
0.0112919
0.00953291
0.00781395
0.00615122
0.00456449
0.00306326
0.00165769
0.000359111
-0.000821275
-0.00187276
-0.00278534
-0.0035499
-0.00415836
-0.00460377
-0.00488035
-0.00498355
-0.00491001
-0.0046576
-0.00422537
-0.00361351
-0.00282335
-0.00185727
-0.000718696
0.000587949
0.00205731
0.00368312
0.00545828
0.00737484
0.00942412
0.0115967
0.0138824
0.0162706
0.0187499
0.0213084
0.0239338
0.0266132
0.0293334
0.0320809
0.0348419
0.0376024
0.0403482
0.0430651
0.0457389
0.0483556
0.0509011
0.0533619
0.0557246
0.0579765
0.0601052
0.0620991
0.0639474
0.06564
0.0671679
0.0685232
0.0696989
0.0706895
0.0714909
0.0721
0.0725157
0.072738
0.0727687
0.0726113
0.0722707
0.0717535
0.0710677
0.070223
0.0692304
0.0681018
0.0668504
0.06549
0.0640348
0.0624991
0.0608957
0.0592368
0.0575436
0.0558339
0.0539705
0.0518307
0.0176463
0.0150676
0.0128818
0.0109371
0.00905886
0.00726196
0.00556503
0.00397465
0.00249809
0.00114399
-7.89607e-05
-0.00116242
-0.00209854
-0.00288016
-0.00350092
-0.00395541
-0.00423919
-0.00434886
-0.00428205
-0.00403743
-0.00361473
-0.00301468
-0.00223901
-0.00129041
-0.000172503
0.00111018
0.00255224
0.00414747
0.00588884
0.0077686
0.00977823
0.0119086
0.0141498
0.0164914
0.0189224
0.0214314
0.0240062
0.0266344
0.0293032
0.0319993
0.0347094
0.0374198
0.0401167
0.0427862
0.0454143
0.0479873
0.0504915
0.0529135
0.0552402
0.0574588
0.0595572
0.061524
0.0633482
0.0650198
0.0665298
0.0678699
0.0690331
0.0700137
0.0708071
0.07141
0.0718204
0.0720381
0.072064
0.0719007
0.0715523
0.0710241
0.070323
0.0694573
0.0684362
0.0672701
0.0659703
0.0645483
0.0630163
0.061386
0.0596681
0.057872
0.0560182
0.0541233
0.0520265
0.0495859
0.019683
0.0168036
0.0143828
0.0122505
0.0102085
0.00827097
0.00645584
0.00476732
0.00321024
0.00179095
0.000515916
-0.000608592
-0.00157667
-0.00238294
-0.00302266
-0.00349184
-0.00378734
-0.00390686
-0.00384898
-0.00361321
-0.00319994
-0.00261046
-0.00184695
-0.000912432
0.00018922
0.00145333
0.00287442
0.00444626
0.0061619
0.00801364
0.00999316
0.0120915
0.0142989
0.0166054
0.019
0.0214717
0.0240086
0.0265986
0.0292292
0.0318875
0.0345603
0.0372343
0.0398959
0.0425316
0.0451275
0.0476701
0.050146
0.0525417
0.0548445
0.0570416
0.0591209
0.0610709
0.0628807
0.0645402
0.0660401
0.0673721
0.0685289
0.0695043
0.0702933
0.0708922
0.0712986
0.0715115
0.071531
0.0713589
0.0709984
0.0704537
0.0697305
0.0688358
0.0677774
0.0665642
0.0652055
0.0637114
0.062092
0.0603573
0.0585156
0.0565746
0.0545545
0.0524717
0.0501426
0.0474076
0.0215922
0.0184195
0.0157669
0.0134466
0.0112382
0.0091554
0.00721615
0.00542263
0.0037776
0.00228545
0.000950747
-0.000222107
-0.00122894
-0.00206599
-0.00273001
-0.00321835
-0.00352907
-0.00366093
-0.00361346
-0.00338696
-0.00298251
-0.00240197
-0.00164797
-0.000723901
0.000366082
0.00161711
0.00302359
0.00457924
0.0062771
0.00810954
0.0100683
0.0121446
0.0143289
0.0166113
0.0189812
0.0214276
0.0239391
0.0265036
0.029109
0.0317426
0.0343914
0.0370424
0.0396822
0.0422973
0.0448742
0.0473995
0.0498598
0.0522419
0.0545328
0.0567199
0.0587912
0.0607349
0.0625401
0.0641964
0.0656944
0.0670255
0.068182
0.0691575
0.0699463
0.0705443
0.0709484
0.071157
0.0711696
0.0709869
0.0706111
0.0700457
0.0692952
0.0683652
0.0672623
0.065994
0.0645683
0.0629935
0.0612782
0.059431
0.0574585
0.0553669
0.0531766
0.050904
0.0483445
0.0453215
0.0233489
0.0198902
0.017009
0.0145012
0.0121247
0.00989373
0.00782611
0.00592246
0.0041838
0.00261285
0.00121252
-1.44215e-05
-0.00106536
-0.00193799
-0.00263043
-0.0031413
-0.00346978
-0.00361564
-0.00357932
-0.0033619
-0.00296513
-0.00239144
-0.00164395
-0.00072643
0.00035667
0.00160025
0.00299857
0.00454524
0.00623328
0.00805508
0.0100024
0.0120666
0.0142383
0.0165075
0.0188641
0.0212971
0.0237953
0.0263469
0.0289398
0.0315616
0.0341995
0.0368407
0.0394718
0.0420795
0.0446505
0.0471714
0.0496287
0.0520095
0.0543005
0.0564893
0.0585636
0.0605115
0.0623219
0.0639843
0.0654888
0.0668265
0.0679895
0.0689706
0.069764
0.0703647
0.0707692
0.0709749
0.0709807
0.0707866
0.0703938
0.0698047
0.0690228
0.0680527
0.0668997
0.0655701
0.0640706
0.0624083
0.0605906
0.0586246
0.0565158
0.0542691
0.0519057
0.0494425
0.0466545
0.0433492
0.0249311
0.0211926
0.0180864
0.0153918
0.0128468
0.0104656
0.00826667
0.00624914
0.00441262
0.00275838
0.00128789
2.50398e-06
-0.00109658
-0.00200838
-0.00273227
-0.00326803
-0.00361589
-0.0037766
-0.00375145
-0.00354228
-0.00315152
-0.00258217
-0.00183781
-0.000922626
0.000158613
0.00140056
0.00279728
0.00434228
0.00602849
0.00784827
0.00979346
0.0118553
0.0140247
0.0162917
0.0186462
0.0210775
0.0235744
0.0261253
0.0287184
0.0313412
0.0339811
0.0366254
0.0392609
0.0418743
0.0444523
0.0469815
0.0494486
0.0518403
0.0541436
0.0563456
0.0584341
0.0603969
0.0622226
0.0639004
0.0654201
0.0667725
0.067949
0.068942
0.0697452
0.0703529
0.070761
0.0709662
0.0709665
0.0707612
0.0703505
0.0697359
0.06892
0.0679062
0.0666989
0.0653032
0.0637248
0.0619697
0.0600442
0.0579545
0.055705
0.0533
0.0507614
0.048107
0.0450924
0.0415093
0.0263187
0.0223061
0.0189779
0.0160979
0.0133842
0.0108518
0.00851947
0.00638545
0.00444801
0.00270722
0.00116328
-0.000183725
-0.00133385
-0.00228732
-0.00304466
-0.00360672
-0.00397473
-0.00415036
-0.00413571
-0.00393337
-0.00354641
-0.0029784
-0.00223341
-0.00131603
-0.000231359
0.00101497
0.00241684
0.00396757
0.00566
0.00748645
0.00943872
0.0115081
0.0136854
0.015961
0.0183246
0.0207657
0.0232733
0.0258358
0.0284413
0.0310778
0.0337326
0.0363929
0.0390457
0.0416777
0.0442756
0.046826
0.0493154
0.0517304
0.054058
0.0562851
0.058399
0.0603875
0.0622389
0.0639419
0.0654859
0.0668612
0.0680588
0.0690706
0.0698895
0.0705093
0.070925
0.0711328
0.0711298
0.0709144
0.070486
0.0698453
0.0689938
0.0679341
0.0666695
0.0652043
0.0635431
0.0616911
0.0596537
0.0574364
0.055043
0.052477
0.0497614
0.0469155
0.0436755
0.0398183
0.0274937
0.0232116
0.0196642
0.0166
0.0137179
0.0110337
0.00856677
0.0063145
0.00427407
0.00244449
0.000824861
-0.000585891
-0.00178893
-0.00278559
-0.00357745
-0.00416636
-0.00455449
-0.00474436
-0.00473888
-0.00454133
-0.00415543
-0.0035853
-0.0028355
-0.00191104
-0.000817365
0.000439614
0.00185353
0.00341755
0.00512437
0.00696622
0.00893486
0.0110216
0.0132171
0.015512
0.0178959
0.0203583
0.0228883
0.0254745
0.028105
0.0307677
0.03345
0.0361392
0.0388222
0.0414858
0.0441164
0.0467007
0.0492251
0.051676
0.0540401
0.0563041
0.0584551
0.0604805
0.0623681
0.0641064
0.0656843
0.0670914
0.0683182
0.0693561
0.0701972
0.0708348
0.0712631
0.0714774
0.0714741
0.0712508
0.0708061
0.0701396
0.0692521
0.0681453
0.0668216
0.0652845
0.0635377
0.0615858
0.0594334
0.0570856
0.0545455
0.0518163
0.0489225
0.0458843
0.0424198
0.0382907
0.0284392
0.0238911
0.0201268
0.0168796
0.0138296
0.0109934
0.00839125
0.00601969
0.00387499
0.00195525
0.000258566
-0.00121714
-0.00247406
-0.00351455
-0.00434115
-0.00495664
-0.00536409
-0.00556683
-0.00556853
-0.00537315
-0.00498504
-0.00440886
-0.00364967
-0.00271289
-0.00160432
-0.000330177
0.00110293
0.00268796
0.00441748
0.00628358
0.00827794
0.0103918
0.012616
0.0149407
0.017356
0.0198513
0.0224156
0.0250375
0.0277053
0.0304067
0.0331293
0.0358602
0.0385864
0.0412944
0.0439708
0.0466019
0.049174
0.0516734
0.0540864
0.0563995
0.0585993
0.060673
0.062608
0.064392
0.0660137
0.067462
0.0687268
0.0697988
0.0706695
0.0713313
0.0717778
0.0720035
0.0720039
0.0717758
0.0713169
0.0706261
0.0697032
0.0685492
0.0671657
0.0655553
0.0637212
0.0616672
0.0593976
0.0569168
0.0542279
0.0513337
0.0482602
0.045029
0.0413399
0.03694
0.0291388
0.0243277
0.0203483
0.016919
0.0137017
0.0107135
0.00797591
0.00548456
0.00323498
0.00122441
-0.000549901
-0.00209098
-0.00340194
-0.00448609
-0.00534686
-0.00598793
-0.00641319
-0.00662676
-0.00663302
-0.00643663
-0.00604251
-0.00545589
-0.00468229
-0.00372757
-0.00259789
-0.00129978
0.000159887
0.00177387
0.00353453
0.00543386
0.00746342
0.00961437
0.0118775
0.014243
0.0167008
0.0192404
0.0218508
0.0245205
0.0272379
0.0299906
0.0327662
0.0355517
0.0383339
0.0410995
0.0438346
0.0465256
0.0491583
0.051719
0.0541935
0.0565681
0.058829
0.0609628
0.0629564
0.0647973
0.0664732
0.0679727
0.0692849
0.0703997
0.0713079
0.0720013
0.0724725
0.0727152
0.0727242
0.0724953
0.0720254
0.0713127
0.070356
0.0691556
0.0677125
0.0660284
0.0641061
0.0619487
0.0595602
0.0569448
0.0541052
0.0510443
0.0477895
0.0443641
0.0404498
0.0357787
0.0295772
0.0245048
0.0203115
0.016701
0.0133168
0.010177
0.00730393
0.00469275
0.00233818
0.000236754
-0.00161511
-0.00322126
-0.00458571
-0.00571262
-0.00660629
-0.00727123
-0.00771212
-0.00793383
-0.00794145
-0.00774028
-0.00733584
-0.0067339
-0.00594045
-0.00496179
-0.00380444
-0.00247526
-0.000981399
0.000669674
0.00247014
0.00441182
0.00648617
0.00868424
0.0109967
0.0134138
0.0159254
0.0185208
0.0211891
0.0239188
0.0266981
0.0295147
0.032356
0.0352091
0.0380605
0.0408966
0.0437037
0.0464677
0.0491743
0.0518092
0.0543582
0.056807
0.0591415
0.0613477
0.0634119
0.0653211
0.0670623
0.0686235
0.0699931
0.0711601
0.0721147
0.0728476
0.0733509
0.0736172
0.0736405
0.0734159
0.0729392
0.0722079
0.0712201
0.0699751
0.0684734
0.0667161
0.0647054
0.062444
0.0599355
0.0571841
0.0541922
0.0509629
0.0475251
0.043904
0.0397628
0.0348189
0.0297391
0.0244063
0.0199998
0.0162086
0.0126579
0.00936676
0.00635854
0.00362781
0.00116862
-0.00102318
-0.00295192
-0.00462224
-0.00603896
-0.00720707
-0.0081317
-0.00881813
-0.00927183
-0.00949838
-0.00950356
-0.00929331
-0.00887372
-0.0082511
-0.00743194
-0.00642293
-0.005231
-0.00386333
-0.00232736
-0.000630793
0.00121834
0.00321169
0.00534057
0.00759591
0.0099683
0.0124479
0.0150245
0.0176874
0.0204255
0.0232274
0.0260811
0.0289742
0.0318942
0.0348277
0.0377614
0.0406815
0.0435739
0.0464243
0.0492181
0.0519407
0.0545774
0.0571135
0.0595345
0.0618257
0.063973
0.0659625
0.0677808
0.0694149
0.0708525
0.072082
0.0730925
0.073874
0.0744175
0.0747149
0.0747593
0.0745448
0.0740665
0.0733209
0.0723054
0.0710186
0.0694602
0.0676309
0.0655323
0.0631668
0.0605379
0.0576494
0.0545038
0.0511043
0.0474817
0.0436626
0.0392922
0.0340728
0.0296091
0.0240161
0.0193966
0.0154249
0.011708
0.00826587
0.00512291
0.00227319
-0.000289897
-0.00257114
-0.00457556
-0.00630856
-0.00777575
-0.00898289
-0.0099359
-0.0106408
-0.0111039
-0.0113314
-0.0113298
-0.0111056
-0.0106655
-0.0100164
-0.00916516
-0.00811901
-0.00688521
-0.0054713
-0.00388499
-0.00213427
-0.000227379
0.00182716
0.00402049
0.00634342
0.00878643
0.0113396
0.0139925
0.0167345
0.0195545
0.0224408
0.0253814
0.0283639
0.0313755
0.0344028
0.0374321
0.0404496
0.0434408
0.0463912
0.0492859
0.0521098
0.0548479
0.0574849
0.0600056
0.0623951
0.0646385
0.066721
0.0686287
0.0703477
0.0718649
0.0731678
0.0742446
0.0750845
0.0756774
0.0760143
0.0760874
0.0758899
0.075416
0.0746614
0.0736226
0.0722975
0.0706853
0.068786
0.0666007
0.0641317
0.061382
0.0583557
0.0550551
0.0514837
0.047674
0.0436545
0.0390516
0.0335525
0.029172
0.0233181
0.0184853
0.014333
0.0104499
0.00685718
0.00358003
0.000612101
-0.00205384
-0.00442319
-0.00650164
-0.00829533
-0.00981061
-0.011054
-0.0120323
-0.0127521
-0.0132205
-0.0134445
-0.0134311
-0.0131875
-0.0127211
-0.0120392
-0.0111491
-0.0100586
-0.00877528
-0.00730701
-0.00566184
-0.00384802
-0.00187401
0.000251452
0.00251936
0.00492037
0.00744482
0.0100827
0.0128235
0.0156565
0.0185704
0.0215535
0.0245937
0.0276785
0.0307948
0.0339291
0.0370676
0.0401961
0.0433
0.0463643
0.0493739
0.0523131
0.0551665
0.0579184
0.0605529
0.0630544
0.0654073
0.0675963
0.0696064
0.071423
0.073032
0.0744202
0.0755746
0.0764835
0.0771359
0.0775218
0.0776323
0.0774596
0.0769972
0.0762397
0.075183
0.0738242
0.0721616
0.070195
0.0679249
0.0653533
0.0624833
0.0593186
0.0558618
0.0521165
0.0481172
0.0438941
0.0390546
0.0332706
0.0284122
0.0222959
0.017249
0.0129157
0.00886647
0.00512332
0.00171259
-0.00137259
-0.00414006
-0.00659582
-0.00874622
-0.0105981
-0.0121586
-0.013435
-0.0144347
-0.0151653
-0.0156344
-0.0158497
-0.0158191
-0.0155503
-0.0150511
-0.0143295
-0.0133934
-0.0122509
-0.0109099
-0.00937882
-0.00766593
-0.00577975
-0.003729
-0.00152263
0.000830192
0.00331996
0.00593689
0.0086708
0.0115112
0.0144471
0.0174672
0.0205596
0.0237122
0.0269122
0.0301465
0.0334014
0.0366628
0.0399163
0.0431469
0.0463393
0.049478
0.052547
0.0555302
0.0584114
0.061174
0.0638019
0.0662786
0.068588
0.0707144
0.0726421
0.0743562
0.0758423
0.0770866
0.0780762
0.0787992
0.0792444
0.079402
0.0792631
0.0788202
0.078067
0.0769986
0.0756113
0.0739029
0.0718723
0.06952
0.0668474
0.0638574
0.0605541
0.0569399
0.0530187
0.0488269
0.0443966
0.0393159
0.0332404
0.0273135
0.0209328
0.0156703
0.0111554
0.00693981
0.00304649
-0.000497142
-0.00369845
-0.00656587
-0.00910601
-0.0113259
-0.013233
-0.0148353
-0.0161408
-0.0171577
-0.0178942
-0.0183589
-0.01856
-0.018506
-0.0182054
-0.0176666
-0.016898
-0.0159081
-0.0147054
-0.0132983
-0.0116955
-0.0099057
-0.00793759
-0.00580019
-0.00350265
-0.00105434
0.00153508
0.00425567
0.00709715
0.0100489
0.0130998
0.0162385
0.0194529
0.0227308
0.0260593
0.029425
0.0328142
0.0362124
0.039605
0.0429767
0.0463118
0.0495943
0.0528079
0.0559358
0.0589612
0.061867
0.0646362
0.0672516
0.0696963
0.0719535
0.0740066
0.0758398
0.0774375
0.078785
0.0798681
0.0806737
0.0811898
0.0814051
0.0813099
0.0808956
0.080155
0.0790821
0.0776726
0.0759235
0.0738332
0.0714017
0.0686301
0.0655213
0.0620792
0.0583065
0.0542072
0.0498198
0.0451782
0.0398505
0.0334759
0.0258593
0.0192115
0.0137317
0.00903416
0.00465175
0.000608413
-0.0030674
-0.00638355
-0.0093491
-0.0119713
-0.0142577
-0.0162167
-0.0178569
-0.0191871
-0.0202163
-0.0209535
-0.0214078
-0.0215884
-0.0215044
-0.0211649
-0.020579
-0.0197556
-0.0187037
-0.0174322
-0.0159501
-0.0142664
-0.01239
-0.01033
-0.00809575
-0.00569651
-0.00314189
-0.000441695
0.00239398
0.00535472
0.00842977
0.011608
0.0148777
0.018227
0.0216434
0.0251137
0.0286245
0.0321618
0.0357111
0.0392572
0.0427846
0.0462772
0.0497186
0.053092
0.05638
0.0595652
0.0626298
0.065556
0.0683257
0.0709211
0.0733246
0.0755185
0.0774857
0.0792097
0.0806745
0.0818649
0.0827664
0.0833659
0.0836509
0.0836105
0.083235
0.0825162
0.0814471
0.0800226
0.0782389
0.0760938
0.0735869
0.0707189
0.0674926
0.0639119
0.0599795
0.0556998
0.0511133
0.0462558
0.0406747
0.0339924
0.0240325
0.0171139
0.0114146
0.00653324
0.00198346
-0.00220981
-0.00601703
-0.0094466
-0.0125082
-0.0152097
-0.0175595
-0.0195665
-0.0212402
-0.0225902
-0.0236261
-0.024358
-0.0247956
-0.0249489
-0.0248276
-0.0244416
-0.0238004
-0.0229138
-0.0217911
-0.0204418
-0.0188752
-0.0171008
-0.0151279
-0.0129658
-0.0106241
-0.00811235
-0.00544032
-0.00261799
0.000344388
0.00343629
0.00664682
0.00996472
0.0133783
0.0168754
0.0204434
0.0240692
0.027739
0.0314386
0.0351532
0.0388675
0.0425655
0.0462309
0.0498468
0.0533956
0.0568596
0.0602207
0.0634603
0.0665597
0.0695002
0.0722628
0.0748288
0.0771796
0.0792969
0.0811629
0.0827605
0.084073
0.0850849
0.0857814
0.0861492
0.0861758
0.0858505
0.0851638
0.0841079
0.0826766
0.0808653
0.0786712
0.0760932
0.073132
0.0697899
0.066071
0.061978
0.0575155
0.0527261
0.0476477
0.041806
0.0348062
0.0218148
0.0146216
0.00870009
0.00363328
-0.00108463
-0.0054278
-0.00936562
-0.012907
-0.0160624
-0.0188402
-0.0212496
-0.0233003
-0.0250026
-0.0263668
-0.0274035
-0.0281234
-0.0285373
-0.0286557
-0.0284892
-0.0280483
-0.0273433
-0.0263844
-0.0251816
-0.0237448
-0.0220839
-0.0202087
-0.0181288
-0.0158539
-0.0133939
-0.0107585
-0.00795766
-0.00500159
-0.00190065
0.00133451
0.00469288
0.00816309
0.0117334
0.0153914
0.0191246
0.0229194
0.0267622
0.0306384
0.0345331
0.0384305
0.0423145
0.0461683
0.0499743
0.0537148
0.0573713
0.0609249
0.0643563
0.0676461
0.0707744
0.0737214
0.0764672
0.0789921
0.0812765
0.0833015
0.0850483
0.0864991
0.0876369
0.0884456
0.0889104
0.0890176
0.088755
0.0881121
0.0870798
0.0856509
0.08382
0.0815835
0.0789398
0.075889
0.0724334
0.0685769
0.0643224
0.0596746
0.0546782
0.0493733
0.0432633
0.0359351
0.0191874
0.0117148
0.00556806
0.000314038
-0.00457292
-0.009066
-0.0131335
-0.0167851
-0.0200316
-0.0228824
-0.0253473
-0.0274368
-0.0291621
-0.0305344
-0.0315652
-0.032266
-0.0326483
-0.0327237
-0.0325034
-0.0319987
-0.0312204
-0.0301796
-0.0288868
-0.0273523
-0.0255867
-0.0235999
-0.0214022
-0.0190035
-0.0164138
-0.0136433
-0.010702
-0.00760032
-0.00434873
-0.00095801
0.00256074
0.00619606
0.00993606
0.0137684
0.0176802
0.0216581
0.0256881
0.0297555
0.033845
0.0379408
0.0420264
0.0460844
0.050097
0.0540457
0.0579116
0.061675
0.0653158
0.0688137
0.0721478
0.0752974
0.0782412
0.0809584
0.0834281
0.0856299
0.0875437
0.0891502
0.0904309
0.0913682
0.0919456
0.0921482
0.0919624
0.091376
0.090379
0.088963
0.0871215
0.0848502
0.0821467
0.0790108
0.0754444
0.0714514
0.0670345
0.0621989
0.0569913
0.0514539
0.0450669
0.0373985
0.0161304
0.00837319
0.00199762
-0.00344569
-0.00850277
-0.0131458
-0.0173421
-0.0211018
-0.0244367
-0.0273567
-0.0298725
-0.0319955
-0.0337377
-0.0351113
-0.0361287
-0.0368023
-0.0371447
-0.0371681
-0.0368846
-0.0363063
-0.0354449
-0.0343118
-0.0329184
-0.0312755
-0.0293941
-0.0272847
-0.0249577
-0.0224237
-0.0196927
-0.0167752
-0.0136815
-0.010422
-0.00700741
-0.0034486
0.000243257
0.00405663
0.00797958
0.0119997
0.0161039
0.0202789
0.0245104
0.0287837
0.0330833
0.037393
0.0416959
0.0459744
0.0502103
0.0543844
0.0584771
0.0624681
0.0663365
0.070061
0.0736199
0.076991
0.0801521
0.0830809
0.0857552
0.0881531
0.090253
0.0920339
0.0934758
0.0945594
0.0952667
0.0955809
0.0954871
0.0949716
0.0940229
0.0926314
0.0907895
0.088492
0.0857357
0.0825198
0.0788459
0.0747177
0.070138
0.0651119
0.0596887
0.0539124
0.0472392
0.0392176
0.0126228
0.00457509
-0.00203324
-0.00766819
-0.0128966
-0.0176897
-0.0220138
-0.0258795
-0.0292995
-0.0322845
-0.034846
-0.0369965
-0.0387488
-0.0401163
-0.0411121
-0.0417499
-0.042043
-0.0420046
-0.0416479
-0.0409855
-0.04003
-0.0387937
-0.0372883
-0.0355256
-0.0335168
-0.0312729
-0.0288049
-0.0261235
-0.0232391
-0.0201625
-0.016904
-0.0134743
-0.00988411
-0.00614446
-0.00226657
0.00173799
0.00585723
0.0100787
0.0143893
0.0187756
0.0232232
0.0277173
0.0322421
0.0367814
0.0413179
0.0458335
0.0503097
0.0547267
0.0590643
0.0633014
0.0674163
0.0713868
0.07519
0.0788026
0.0822012
0.0853621
0.0882616
0.0908761
0.0931825
0.0951581
0.096781
0.0980302
0.0988859
0.0993297
0.0993447
0.0989158
0.0980299
0.096676
0.0948452
0.0925312
0.08973
0.08644
0.0826626
0.0784011
0.0736582
0.0684392
0.0627956
0.0567737
0.0498043
0.0414157
0.00864263
0.00029777
-0.00654774
-0.012377
-0.0177781
-0.0227214
-0.027172
-0.0311413
-0.0346429
-0.0376882
-0.0402898
-0.0424611
-0.0442161
-0.045569
-0.0465343
-0.0471266
-0.0473602
-0.0472494
-0.0468083
-0.0460505
-0.0449894
-0.0436379
-0.0420086
-0.0401138
-0.0379653
-0.0355747
-0.0329532
-0.0301119
-0.0270616
-0.0238131
-0.0203772
-0.0167645
-0.0129859
-0.0090525
-0.00497546
-0.000766433
0.00356259
0.00799911
0.0125301
0.017142
0.0218204
0.0265503
0.031316
0.0361008
0.0408872
0.0456569
0.0503908
0.0550687
0.0596696
0.0641719
0.068553
0.0727895
0.0768575
0.0807327
0.0843902
0.0878048
0.0909512
0.0938042
0.0963389
0.0985309
0.100356
0.101792
0.102817
0.103409
0.103552
0.103227
0.10242
0.101118
0.099311
0.0969916
0.0941545
0.0907974
0.0869211
0.0825287
0.0776226
0.0722083
0.0663395
0.0600648
0.0527886
0.044018
0.00416639
-0.00448283
-0.0115704
-0.0175968
-0.0231721
-0.0282657
-0.0328415
-0.0369118
-0.040491
-0.0435914
-0.0462268
-0.0484115
-0.0501607
-0.0514899
-0.0524147
-0.0529508
-0.0531137
-0.052919
-0.0523814
-0.0515159
-0.0503365
-0.0488571
-0.047091
-0.0450512
-0.04275
-0.0401996
-0.0374115
-0.0343973
-0.0311681
-0.0277349
-0.0241084
-0.0202997
-0.0163196
-0.0121792
-0.00788975
-0.00346283
0.00108959
0.00575504
0.0105205
0.0153724
0.0202964
0.0252774
0.0302994
0.0353458
0.0403989
0.0454399
0.0504492
0.0554064
0.0602897
0.0650768
0.0697442
0.0742676
0.078622
0.0827817
0.0867205
0.0904115
0.093828
0.0969429
0.0997294
0.102161
0.104212
0.105857
0.107072
0.107836
0.108126
0.107924
0.107213
0.10598
0.104211
0.101899
0.0990361
0.0956199
0.0916503
0.0871299
0.0820611
0.0764491
0.0703503
0.0638153
0.056221
0.0470523
-0.000830582
-0.00979222
-0.0171273
-0.0233541
-0.0291053
-0.0343492
-0.0390487
-0.0432169
-0.0468691
-0.0500189
-0.0526808
-0.0548707
-0.0566048
-0.0579001
-0.0587733
-0.0592416
-0.0593216
-0.05903
-0.058383
-0.0573963
-0.0560851
-0.054464
-0.0525474
-0.0503487
-0.047881
-0.045157
-0.0421887
-0.038988
-0.0355663
-0.0319348
-0.0281045
-0.0240863
-0.0198913
-0.0155306
-0.0110152
-0.00635682
-0.0015673
0.00334098
0.00835511
0.0134615
0.0186459
0.0238932
0.0291874
0.0345116
0.0398481
0.0451778
0.0504807
0.0557359
0.0609211
0.0660132
0.0709879
0.0758198
0.0804829
0.0849501
0.0891936
0.0931853
0.0968964
0.100298
0.103361
0.106058
0.108359
0.110238
0.111668
0.112625
0.113085
0.113028
0.112433
0.111286
0.109572
0.10728
0.104404
0.100938
0.0968811
0.0922367
0.0870059
0.0811942
0.0748603
0.0680573
0.0601328
0.0505491
-0.00637453
-0.0156575
-0.023246
-0.0296767
-0.0356056
-0.0409999
-0.0458214
-0.0500841
-0.0538043
-0.0569968
-0.0596773
-0.061863
-0.0635717
-0.0648216
-0.0656311
-0.0660185
-0.0660021
-0.0655998
-0.0648289
-0.0637064
-0.0622485
-0.0604711
-0.058389
-0.0560166
-0.0533678
-0.0504556
-0.0472927
-0.0438912
-0.0402629
-0.0364192
-0.0323712
-0.02813
-0.0237065
-0.0191117
-0.0143569
-0.00945338
-0.00441297
0.000752114
0.00602908
0.0114045
0.0168641
0.022393
0.0279751
0.0335936
0.0392304
0.0448664
0.0504812
0.0560535
0.0615605
0.0669783
0.0722818
0.0774447
0.0824396
0.0872382
0.0918114
0.096129
0.100161
0.103875
0.107242
0.11023
0.112808
0.114948
0.116619
0.117795
0.11845
0.11856
0.118103
0.117062
0.115421
0.113166
0.110288
0.106783
0.102647
0.0978834
0.0924922
0.086479
0.0799051
0.0728259
0.0645586
0.0545415
-0.0124933
-0.0221074
-0.029956
-0.0365946
-0.0427031
-0.0482478
-0.0531893
-0.0575424
-0.0613249
-0.0645526
-0.0672427
-0.0694139
-0.0710856
-0.0722774
-0.0730095
-0.0733017
-0.0731739
-0.0726453
-0.0717349
-0.0704606
-0.0688402
-0.0668902
-0.0646267
-0.0620649
-0.0592192
-0.0561035
-0.0527308
-0.0491136
-0.0452641
-0.0411937
-0.0369138
-0.0324354
-0.0277695
-0.022927
-0.0179189
-0.0127566
-0.00745143
-0.00201559
0.00353837
0.00919723
0.014947
0.0207727
0.0266585
0.0325875
0.0385416
0.0445017
0.050447
0.0563558
0.0622048
0.0679695
0.0736239
0.0791408
0.0844917
0.0896467
0.0945753
0.0992455
0.103625
0.107681
0.111379
0.114688
0.117572
0.120001
0.121941
0.123364
0.12424
0.124543
0.124249
0.123337
0.121787
0.119587
0.116724
0.113191
0.108985
0.104108
0.0985582
0.092342
0.0855231
0.0781594
0.069536
0.0590659
-0.0192166
-0.0291728
-0.0372888
-0.0441396
-0.0504299
-0.0561248
-0.0611838
-0.0656229
-0.0694611
-0.0727155
-0.0754051
-0.0775501
-0.0791716
-0.0802912
-0.0809307
-0.0811118
-0.080856
-0.0801842
-0.0791168
-0.0776734
-0.0758728
-0.0737329
-0.0712708
-0.0685026
-0.0654434
-0.0621077
-0.0585092
-0.0546607
-0.0505745
-0.0462626
-0.0417361
-0.0370062
-0.0320838
-0.0269796
-0.0217044
-0.0162693
-0.0106857
-0.00496518
0.000879894
0.00683657
0.0128911
0.0190288
0.025234
0.0314898
0.0377784
0.0440802
0.0503746
0.0566395
0.0628511
0.0689843
0.0750123
0.080907
0.0866386
0.0921761
0.0974871
0.102538
0.107294
0.111721
0.115782
0.119441
0.122663
0.125411
0.127652
0.129352
0.130479
0.131003
0.130898
0.130138
0.128704
0.126578
0.123747
0.1202
0.115935
0.11095
0.105245
0.0988253
0.0917566
0.0840996
0.0751059
0.0641623
-0.0265761
-0.0368865
-0.0452783
-0.0523459
-0.0588202
-0.0646651
-0.0698389
-0.0743587
-0.0782451
-0.0815167
-0.0841942
-0.0862997
-0.0878564
-0.0888877
-0.0894176
-0.0894697
-0.0890674
-0.0882336
-0.0869902
-0.0853586
-0.0833588
-0.0810101
-0.0783307
-0.0753377
-0.0720472
-0.0684742
-0.0646328
-0.0605366
-0.0561979
-0.0516288
-0.0468407
-0.0418446
-0.0366512
-0.0312711
-0.025715
-0.0199934
-0.0141175
-0.00809849
-0.00194835
0.00432035
0.0106942
0.0171589
0.0236989
0.0302978
0.0369376
0.043599
0.0502612
0.0569018
0.0634968
0.0700204
0.0764452
0.0827421
0.0888802
0.094827
0.100549
0.10601
0.111173
0.116002
0.120457
0.124501
0.128093
0.131195
0.13377
0.135779
0.137189
0.137966
0.138078
0.1375
0.136206
0.134176
0.131395
0.127852
0.123539
0.118455
0.112599
0.105975
0.0986515
0.0906923
0.0813134
0.0698742
-0.0346057
-0.0452841
-0.0539606
-0.0612504
-0.0679111
-0.0739055
-0.0791908
-0.0837853
-0.0877112
-0.090989
-0.0936413
-0.0956923
-0.0971674
-0.0980925
-0.0984937
-0.0983969
-0.0978277
-0.0968109
-0.0953705
-0.0935295
-0.0913096
-0.0887316
-0.0858147
-0.0825773
-0.0790362
-0.0752073
-0.0711053
-0.0667439
-0.062136
-0.0572937
-0.0522284
-0.046951
-0.0414721
-0.0358019
-0.0299508
-0.023929
-0.0177471
-0.011416
-0.004947
0.00164768
0.00835514
0.0151615
0.0220517
0.0290095
0.0360173
0.0430559
0.0501044
0.0571405
0.0641397
0.0710759
0.0779211
0.0846451
0.0912161
0.0976001
0.103762
0.109663
0.115266
0.12053
0.125415
0.129877
0.133875
0.137368
0.140312
0.142667
0.144395
0.145458
0.145822
0.145454
0.144329
0.142421
0.139713
0.13619
0.131844
0.126671
0.120669
0.11384
0.106258
0.0979877
0.0882079
0.0762494
-0.0433418
-0.0544035
-0.063375
-0.0708928
-0.0777426
-0.0838858
-0.0892786
-0.0939408
-0.0978962
-0.101168
-0.10378
-0.105759
-0.107134
-0.107932
-0.108183
-0.107915
-0.107156
-0.105933
-0.104272
-0.102199
-0.0997359
-0.096906
-0.0937298
-0.0902267
-0.0864145
-0.0823099
-0.0779282
-0.0732836
-0.068389
-0.0632567
-0.0578982
-0.0523241
-0.0465448
-0.0405703
-0.0344102
-0.0280745
-0.0215731
-0.0149164
-0.00811516
-0.00118086
0.00587414
0.0130365
0.0202918
0.0276241
0.0350163
0.0424493
0.0499027
0.0573538
0.0647782
0.0721494
0.0794387
0.0866153
0.0936461
0.100496
0.107128
0.113502
0.119578
0.125313
0.130662
0.135581
0.140024
0.143945
0.147299
0.150039
0.152124
0.153511
0.154161
0.154039
0.153113
0.151356
0.148745
0.145264
0.1409
0.13565
0.129508
0.122477
0.114632
0.106041
0.0958432
0.0833402
-0.0528237
-0.0642861
-0.073564
-0.0813163
-0.0883579
-0.094649
-0.100145
-0.104866
-0.10884
-0.11209
-0.114644
-0.116533
-0.117785
-0.118434
-0.118511
-0.118046
-0.117072
-0.115617
-0.11371
-0.111378
-0.108647
-0.105541
-0.102081
-0.0982894
-0.0941841
-0.0897827
-0.0851012
-0.080154
-0.0749546
-0.0695151
-0.0638468
-0.0579604
-0.0518657
-0.0455722
-0.0390894
-0.0324262
-0.0255922
-0.0185968
-0.0114501
-0.004163
0.003253
0.0107853
0.01842
0.026142
0.0339345
0.041779
0.0496552
0.0575407
0.0654112
0.0732397
0.0809971
0.0886521
0.0961704
0.103516
0.110649
0.11753
0.124114
0.130356
0.136209
0.141625
0.146554
0.150946
0.15475
0.157919
0.160402
0.162154
0.163131
0.163292
0.162601
0.161027
0.158542
0.155126
0.150764
0.14545
0.139176
0.131945
0.123833
0.114911
0.104279
0.0912041
-0.0630939
-0.0749766
-0.0845739
-0.0925679
-0.0998042
-0.106242
-0.111835
-0.116606
-0.120584
-0.123796
-0.126273
-0.128048
-0.129154
-0.129627
-0.129502
-0.128813
-0.127594
-0.125878
-0.123696
-0.121077
-0.11805
-0.114641
-0.110872
-0.106767
-0.102345
-0.0976241
-0.0926213
-0.0873514
-0.081828
-0.0760633
-0.0700684
-0.0638535
-0.0574283
-0.0508016
-0.0439821
-0.0369782
-0.0297985
-0.0224518
-0.0149472
-0.00729456
0.000495338
0.00841077
0.0164388
0.0245649
0.0327731
0.0410455
0.0493622
0.0577012
0.0660382
0.0743462
0.0825959
0.0907552
0.0987891
0.10666
0.114328
0.121749
0.128877
0.135666
0.142064
0.148019
0.153477
0.158385
0.162688
0.16633
0.169259
0.171421
0.172769
0.173256
0.17284
0.171484
0.169156
0.165833
0.161496
0.156134
0.149739
0.14231
0.133928
0.124666
0.113579
0.099904
-0.0741985
-0.0865239
-0.0964554
-0.104699
-0.112133
-0.118715
-0.124399
-0.129208
-0.133174
-0.136329
-0.138706
-0.140341
-0.141273
-0.14154
-0.141182
-0.140236
-0.13874
-0.136731
-0.134242
-0.131306
-0.127952
-0.12421
-0.120104
-0.115658
-0.110894
-0.10583
-0.100483
-0.094869
-0.0890017
-0.0828931
-0.0765542
-0.0699947
-0.0632236
-0.0562493
-0.0490796
-0.041722
-0.0341842
-0.0264739
-0.0185993
-0.0105692
-0.00239323
0.00591788
0.0143522
0.0228962
0.0315347
0.0402507
0.049025
0.0578359
0.0666595
0.075469
0.0842349
0.0929246
0.101502
0.10993
0.118165
0.126162
0.133874
0.141249
0.148235
0.154774
0.16081
0.166283
0.171133
0.1753
0.178724
0.181348
0.183116
0.183975
0.183877
0.182781
0.180647
0.177448
0.17316
0.16777
0.161265
0.153644
0.144989
0.135377
0.123817
0.109509
-0.0861881
-0.0989817
-0.109264
-0.117766
-0.125401
-0.132126
-0.137891
-0.142725
-0.146662
-0.149736
-0.151986
-0.153452
-0.154177
-0.154204
-0.153577
-0.152339
-0.15053
-0.148191
-0.145359
-0.14207
-0.138356
-0.134249
-0.129775
-0.124959
-0.119825
-0.114392
-0.108677
-0.102697
-0.0964647
-0.089993
-0.0832922
-0.0763716
-0.0692395
-0.0619033
-0.05437
-0.0466461
-0.0387382
-0.0306528
-0.022397
-0.0139782
-0.00540485
0.00331355
0.0121663
0.021141
0.0302236
0.0393981
0.048646
0.0579466
0.0672764
0.0766089
0.0859146
0.0951607
0.104311
0.113326
0.122162
0.130773
0.139107
0.147112
0.154731
0.161903
0.168566
0.174656
0.180107
0.184854
0.18883
0.19197
0.194212
0.195496
0.195767
0.194976
0.193078
0.190039
0.18583
0.180434
0.173835
0.166028
0.157098
0.147126
0.135071
0.120096
-0.099118
-0.112409
-0.123061
-0.131832
-0.139672
-0.146534
-0.152372
-0.157214
-0.161099
-0.164066
-0.166158
-0.167421
-0.167902
-0.16765
-0.166714
-0.165142
-0.162979
-0.160269
-0.157055
-0.153374
-0.149264
-0.144755
-0.13988
-0.134663
-0.129129
-0.123299
-0.117191
-0.110821
-0.104202
-0.0973478
-0.0902669
-0.0829685
-0.0754601
-0.067748
-0.0598382
-0.051736
-0.0434467
-0.0349755
-0.026328
-0.0175103
-0.00852925
0.000606999
0.00988916
0.0193063
0.0288457
0.0384924
0.0482292
0.0580363
0.0678909
0.0777672
0.0876358
0.0974641
0.107215
0.116849
0.126321
0.135583
0.144582
0.153261
0.16156
0.169415
0.176759
0.183523
0.189634
0.195021
0.199609
0.203327
0.206103
0.207871
0.208566
0.208132
0.206518
0.20368
0.199584
0.194208
0.187532
0.179548
0.170343
0.160001
0.147427
0.131749
-0.113049
-0.126872
-0.137915
-0.146966
-0.155013
-0.16201
-0.167907
-0.172737
-0.176545
-0.179374
-0.181272
-0.182291
-0.182486
-0.18191
-0.180619
-0.178666
-0.176102
-0.172976
-0.169335
-0.16522
-0.160671
-0.155724
-0.15041
-0.144758
-0.138792
-0.132536
-0.126008
-0.119223
-0.112196
-0.104938
-0.0974588
-0.0897659
-0.081866
-0.0737644
-0.0654657
-0.0569738
-0.0482926
-0.0394257
-0.0303771
-0.0211513
-0.0117535
-0.00219012
0.00753122
0.0174012
0.0274086
0.0375401
0.0477798
0.058109
0.0685061
0.078946
0.0894
0.0998357
0.110216
0.120501
0.130644
0.140595
0.1503
0.159699
0.168729
0.177321
0.185404
0.192902
0.199736
0.205828
0.211095
0.215458
0.218836
0.221153
0.222336
0.222318
0.22104
0.218451
0.214509
0.209185
0.202453
0.194303
0.184824
0.1741
0.160984
0.144561
-0.12805
-0.142443
-0.153902
-0.163245
-0.171503
-0.178627
-0.184569
-0.189365
-0.193065
-0.195718
-0.19738
-0.198109
-0.197967
-0.197016
-0.195318
-0.192931
-0.189914
-0.186321
-0.182203
-0.177606
-0.172574
-0.167144
-0.161352
-0.155228
-0.148797
-0.142084
-0.135106
-0.127881
-0.120422
-0.11274
-0.104844
-0.0967398
-0.0884336
-0.0799293
-0.0712299
-0.0623379
-0.0532552
-0.0439839
-0.0345261
-0.0248843
-0.015062
-0.0050636
0.00510519
0.0154369
0.0259222
0.0365495
0.0473045
0.0581701
0.069126
0.0801483
0.0912091
0.102277
0.113314
0.124281
0.13513
0.14581
0.156265
0.166433
0.176246
0.185632
0.194513
0.20281
0.210436
0.217303
0.223323
0.228405
0.232459
0.235399
0.23714
0.237606
0.236727
0.234441
0.230699
0.225464
0.218703
0.2104
0.200648
0.189533
0.175847
0.158634
-0.144197
-0.159204
-0.171108
-0.180756
-0.189228
-0.196472
-0.20244
-0.207173
-0.210729
-0.213163
-0.214539
-0.214924
-0.214388
-0.213002
-0.210835
-0.207955
-0.204425
-0.200307
-0.195657
-0.190526
-0.18496
-0.179002
-0.172689
-0.166052
-0.15912
-0.151916
-0.14446
-0.136768
-0.128853
-0.120726
-0.112393
-0.103862
-0.095135
-0.0862155
-0.0771045
-0.0678027
-0.0583103
-0.0486271
-0.0387532
-0.0286892
-0.0184362
-0.00799653
0.00262626
0.0134269
0.0243981
0.0355304
0.0468115
0.0582261
0.0697556
0.0813775
0.0930654
0.104788
0.11651
0.128189
0.139779
0.151229
0.162478
0.173464
0.184114
0.194354
0.204099
0.213264
0.221755
0.229476
0.236329
0.242212
0.247025
0.25067
0.25305
0.254076
0.253666
0.251747
0.24826
0.243156
0.236397
0.22796
0.217938
0.206421
0.192137
0.174084
-0.161574
-0.177249
-0.189629
-0.199599
-0.208285
-0.215639
-0.221609
-0.226247
-0.229614
-0.231776
-0.232808
-0.232785
-0.23179
-0.2299
-0.227196
-0.223754
-0.219645
-0.214937
-0.209692
-0.203968
-0.197815
-0.191278
-0.184396
-0.177205
-0.169732
-0.162003
-0.154037
-0.14585
-0.137455
-0.128861
-0.120074
-0.111099
-0.101938
-0.0925911
-0.0830587
-0.0733389
-0.0634297
-0.0533286
-0.0430336
-0.0325426
-0.0218546
-0.0109693
0.00011211
0.0113868
0.0228501
0.0344946
0.0463105
0.0582848
0.0704008
0.0826379
0.0949714
0.107371
0.119803
0.132225
0.144592
0.15685
0.168939
0.180793
0.192339
0.203494
0.214172
0.224279
0.233715
0.242374
0.250148
0.256923
0.262588
0.26703
0.27014
0.271813
0.271954
0.270475
0.267305
0.262384
0.255664
0.247115
0.23683
0.224902
0.209987
0.191038
-0.180279
-0.196682
-0.209576
-0.219883
-0.228786
-0.236235
-0.24218
-0.246679
-0.249805
-0.251635
-0.252253
-0.251749
-0.250215
-0.247743
-0.244423
-0.24034
-0.235576
-0.230206
-0.224299
-0.217917
-0.211116
-0.203944
-0.196444
-0.188652
-0.180598
-0.172307
-0.163799
-0.155089
-0.146188
-0.137106
-0.127846
-0.118412
-0.108804
-0.09902
-0.0890576
-0.0789128
-0.0685813
-0.0580582
-0.0473386
-0.0364181
-0.0252927
-0.0139596
-0.00241709
0.00933468
0.0212937
0.0334554
0.0458127
0.058355
0.0710682
0.0839341
0.0969298
0.110027
0.123193
0.136388
0.149565
0.162671
0.175646
0.188421
0.20092
0.213057
0.224741
0.235869
0.246335
0.256024
0.264815
0.272583
0.279203
0.284547
0.288489
0.290908
0.291693
0.29074
0.287962
0.283285
0.27665
0.268016
0.257478
0.245127
0.229548
0.20964
-0.200421
-0.217623
-0.231075
-0.241737
-0.250856
-0.258381
-0.264265
-0.268575
-0.271397
-0.27282
-0.272943
-0.271871
-0.269709
-0.266563
-0.262536
-0.257724
-0.252219
-0.246105
-0.239459
-0.232349
-0.224834
-0.216968
-0.208796
-0.200355
-0.191676
-0.182785
-0.1737
-0.164438
-0.155008
-0.145416
-0.135666
-0.125759
-0.115692
-0.105461
-0.0950615
-0.0844867
-0.0737294
-0.0627819
-0.0516366
-0.0402859
-0.0287232
-0.0169423
-0.00493879
0.00729049
0.0197465
0.0324279
0.0453304
0.0584467
0.0717653
0.085271
0.0989433
0.112757
0.12668
0.140674
0.154695
0.168689
0.182596
0.196344
0.209857
0.223044
0.235809
0.248044
0.259632
0.27045
0.280364
0.289237
0.296927
0.303289
0.30818
0.311461
0.312998
0.31267
0.310371
0.306011
0.299515
0.290831
0.280052
0.26727
0.250987
0.230049
-0.222129
-0.240212
-0.25427
-0.265306
-0.274639
-0.282216
-0.287994
-0.292053
-0.294493
-0.295421
-0.294953
-0.29321
-0.290315
-0.28639
-0.281551
-0.27591
-0.269568
-0.26262
-0.255149
-0.247232
-0.238933
-0.230308
-0.221405
-0.212264
-0.202915
-0.193384
-0.18369
-0.173846
-0.163861
-0.15374
-0.143483
-0.133089
-0.122553
-0.111868
-0.101027
-0.0900186
-0.0788341
-0.0674623
-0.0558923
-0.0441136
-0.0321159
-0.0198902
-0.00742823
0.00527626
0.0182277
0.0314283
0.0448771
0.0585702
0.0724997
0.0866534
0.101014
0.115559
0.13026
0.14508
0.159976
0.174896
0.189779
0.204556
0.219144
0.233453
0.247379
0.26081
0.27362
0.285674
0.296829
0.306929
0.315818
0.323331
0.329304
0.333575
0.33599
0.336404
0.334687
0.330731
0.32444
0.31575
0.304747
0.291525
0.274496
0.252447
-0.245547
-0.264609
-0.279329
-0.290761
-0.300299
-0.307896
-0.313512
-0.317244
-0.31921
-0.319537
-0.318362
-0.315827
-0.312077
-0.30725
-0.301481
-0.294895
-0.287608
-0.279724
-0.271337
-0.262527
-0.253366
-0.243913
-0.234218
-0.224322
-0.214256
-0.204045
-0.193707
-0.183253
-0.17269
-0.16202
-0.151241
-0.140349
-0.129336
-0.118192
-0.106905
-0.0954628
-0.0838521
-0.0720586
-0.0600678
-0.0478656
-0.0354384
-0.0227734
-0.00985873
0.0033156
0.0167579
0.0304739
0.0444669
0.0587365
0.073279
0.0880857
0.103143
0.118433
0.133928
0.149597
0.165398
0.181281
0.197186
0.213044
0.228771
0.244274
0.259447
0.274168
0.288306
0.301715
0.314236
0.325701
0.335932
0.344745
0.351951
0.357365
0.360803
0.362095
0.361083
0.357634
0.35163
0.342987
0.331785
0.318116
0.300294
0.277041
-0.270847
-0.291001
-0.306448
-0.318296
-0.32803
-0.335603
-0.340986
-0.344296
-0.345674
-0.345272
-0.343253
-0.339785
-0.335035
-0.329166
-0.32233
-0.314671
-0.306316
-0.297384
-0.287977
-0.278182
-0.268076
-0.257721
-0.24717
-0.236463
-0.225632
-0.2147
-0.203684
-0.192592
-0.181428
-0.170192
-0.158878
-0.147479
-0.135982
-0.124376
-0.112644
-0.10077
-0.0887367
-0.0765269
-0.0641221
-0.0515043
-0.038656
-0.0255605
-0.0122021
0.0014334
0.0153583
0.0295828
0.0441141
0.0589565
0.0741104
0.0895717
0.105331
0.121375
0.13768
0.154217
0.17095
0.187831
0.204801
0.221793
0.238723
0.255496
0.272001
0.288114
0.303694
0.318583
0.33261
0.34559
0.357325
0.367606
0.376219
0.382949
0.387581
0.38991
0.38975
0.386933
0.381315
0.372786
0.361419
0.347298
0.328628
0.304065
-0.298229
-0.319609
-0.335857
-0.348143
-0.358052
-0.365545
-0.370606
-0.373375
-0.374026
-0.372741
-0.369715
-0.365146
-0.35923
-0.352155
-0.344096
-0.335216
-0.325659
-0.315554
-0.305014
-0.294133
-0.282993
-0.271659
-0.260184
-0.248609
-0.236965
-0.225272
-0.213544
-0.201788
-0.190003
-0.178186
-0.166326
-0.154413
-0.142431
-0.130362
-0.118187
-0.105886
-0.0934383
-0.080821
-0.0680122
-0.0549899
-0.0417324
-0.0282188
-0.0144291
-0.000344722
0.0140511
0.028773
0.0438331
0.0592404
0.0750002
0.0911134
0.107576
0.124378
0.141503
0.158926
0.176615
0.194525
0.212602
0.230779
0.248976
0.267095
0.285024
0.302634
0.319775
0.336282
0.351968
0.36663
0.380048
0.391988
0.402206
0.410452
0.416476
0.420034
0.420899
0.418868
0.413756
0.405427
0.393937
0.379363
0.359787
0.333789
-0.327929
-0.350693
-0.367827
-0.38057
-0.390625
-0.397963
-0.402587
-0.40467
-0.404422
-0.402067
-0.397838
-0.39197
-0.384692
-0.376224
-0.366764
-0.356498
-0.345587
-0.334173
-0.322377
-0.310304
-0.298035
-0.285641
-0.273173
-0.260672
-0.248166
-0.235674
-0.223204
-0.210759
-0.198336
-0.185925
-0.173512
-0.161082
-0.148614
-0.136087
-0.123476
-0.110757
-0.097905
-0.0848926
-0.0716935
-0.0582815
-0.0446303
-0.0307147
-0.01651
-0.00199306
0.0128578
0.0280621
0.0436371
0.0595971
0.0759529
0.0927109
0.109873
0.127435
0.145386
0.163707
0.18237
0.201338
0.22056
0.239973
0.259498
0.279041
0.298486
0.317702
0.336534
0.354805
0.372315
0.388843
0.404146
0.417961
0.430011
0.440007
0.447655
0.452667
0.454768
0.453705
0.449252
0.44123
0.429675
0.414652
0.394103
0.366525
-0.360228
-0.384564
-0.402682
-0.415898
-0.426053
-0.433138
-0.437177
-0.438389
-0.437034
-0.433382
-0.427715
-0.420314
-0.411447
-0.401368
-0.390306
-0.378468
-0.366035
-0.353161
-0.33998
-0.326598
-0.313104
-0.299566
-0.286036
-0.272551
-0.259138
-0.245808
-0.232568
-0.219415
-0.206339
-0.193326
-0.180358
-0.167412
-0.154463
-0.141485
-0.128449
-0.115325
-0.102083
-0.0886921
-0.0751206
-0.0613376
-0.0473124
-0.0330149
-0.0184156
-0.00348653
0.0117992
0.0274665
0.043538
0.0600338
0.0769706
0.0943613
0.112214
0.130531
0.149308
0.168534
0.188188
0.208237
0.228638
0.249333
0.270248
0.29129
0.312346
0.333282
0.353939
0.37413
0.393645
0.412242
0.429654
0.445588
0.45973
0.471746
0.481293
0.488028
0.491617
0.49175
0.488142
0.480564
0.469022
0.453562
0.431965
0.402636
-0.395464
-0.421597
-0.440808
-0.454506
-0.464697
-0.471394
-0.47466
-0.474771
-0.472047
-0.466822
-0.459437
-0.450226
-0.439505
-0.427566
-0.414673
-0.401056
-0.386916
-0.372422
-0.357714
-0.342904
-0.328082
-0.313316
-0.298655
-0.284133
-0.269768
-0.255569
-0.241536
-0.227658
-0.213921
-0.200303
-0.186781
-0.173325
-0.159905
-0.146489
-0.133043
-0.119531
-0.105919
-0.0921698
-0.0782479
-0.0641171
-0.0497418
-0.0350868
-0.0201179
-0.00480157
0.0108943
0.0270003
0.043545
0.0605546
0.0780523
0.0960579
0.114587
0.133648
0.153247
0.173379
0.194031
0.21518
0.236789
0.258808
0.281169
0.303785
0.326546
0.349319
0.371941
0.394221
0.415934
0.436822
0.456593
0.474923
0.491454
0.505804
0.517574
0.526352
0.531737
0.533344
0.530816
0.523859
0.512435
0.496561
0.473832
0.442549
-0.434045
-0.462243
-0.482673
-0.496852
-0.506981
-0.513114
-0.515363
-0.51408
-0.509665
-0.502532
-0.493091
-0.481743
-0.468859
-0.454776
-0.439793
-0.424168
-0.408121
-0.391832
-0.375449
-0.359088
-0.342836
-0.326759
-0.310901
-0.295289
-0.279935
-0.26484
-0.249996
-0.235384
-0.220983
-0.206764
-0.192694
-0.178741
-0.164865
-0.151029
-0.137193
-0.123317
-0.109358
-0.0952767
-0.0810312
-0.0665803
-0.0518834
-0.0369002
-0.021591
-0.00591713
0.0101593
0.0266747
0.043664
0.0611598
0.0791926
0.0977893
0.116973
0.136763
0.157171
0.178203
0.199855
0.222114
0.244953
0.268332
0.292192
0.316453
0.341012
0.365738
0.390471
0.415014
0.439134
0.462557
0.484965
0.506001
0.525263
0.542314
0.556687
0.567895
0.575449
0.578876
0.577724
0.571614
0.560449
0.544202
0.520248
0.48677
-0.476472
-0.507056
-0.528847
-0.543484
-0.553414
-0.558743
-0.559658
-0.55661
-0.550105
-0.540652
-0.528752
-0.514883
-0.499478
-0.482927
-0.465565
-0.44768
-0.429508
-0.411241
-0.39303
-0.374991
-0.357209
-0.339742
-0.322626
-0.30588
-0.289506
-0.273496
-0.25783
-0.242483
-0.227422
-0.212611
-0.198011
-0.183578
-0.169268
-0.155037
-0.140837
-0.126624
-0.112349
-0.0979658
-0.0834284
-0.0686901
-0.053705
-0.0384275
-0.0228125
-0.00681568
0.00960657
0.0264969
0.0438965
0.0618453
0.0803809
0.0995385
0.11935
0.139843
0.16104
0.182958
0.205604
0.228976
0.253059
0.277826
0.303229
0.329199
0.355645
0.382441
0.409432
0.436422
0.463171
0.489391
0.514744
0.538836
0.56122
0.581397
0.598825
0.612926
0.623107
0.628783
0.629384
0.624417
0.613702
0.597148
0.571866
0.535903
-0.52336
-0.556719
-0.580026
-0.595071
-0.6046
-0.608804
-0.607971
-0.602687
-0.593592
-0.581318
-0.566476
-0.549632
-0.531295
-0.511908
-0.491848
-0.471428
-0.4509
-0.430464
-0.41027
-0.390431
-0.371022
-0.352093
-0.333667
-0.315752
-0.298336
-0.2814
-0.264913
-0.248838
-0.233132
-0.217749
-0.20264
-0.187754
-0.17304
-0.158444
-0.143914
-0.129397
-0.114841
-0.100193
-0.0854011
-0.0704133
-0.0551784
-0.0396456
-0.0237642
-0.00748435
0.00924363
0.0264686
0.0442386
0.0626007
0.0816005
0.101282
0.121685
0.142849
0.164807
0.187587
0.21121
0.235687
0.261019
0.287191
0.314172
0.341909
0.370322
0.3993
0.428697
0.458321
0.487932
0.517233
0.545866
0.573406
0.599357
0.623155
0.644172
0.661725
0.675096
0.683559
0.686395
0.682958
0.672956
0.6562
0.629479
0.590679
-0.575475
-0.612082
-0.637075
-0.652429
-0.661269
-0.663909
-0.660786
-0.652664
-0.640356
-0.624649
-0.606286
-0.585938
-0.564197
-0.541563
-0.518453
-0.495205
-0.47208
-0.44928
-0.426951
-0.405194
-0.384073
-0.36362
-0.343845
-0.324737
-0.306271
-0.288413
-0.271116
-0.254332
-0.238005
-0.222079
-0.206494
-0.19119
-0.176107
-0.161186
-0.146365
-0.131587
-0.116791
-0.10192
-0.0869156
-0.0717215
-0.0562807
-0.0405368
-0.0244338
-0.00791607
0.00907202
0.0265857
0.04468
0.0634093
0.0828274
0.102987
0.123939
0.145733
0.168413
0.192021
0.216593
0.242156
0.268727
0.296309
0.324891
0.354438
0.384889
0.416153
0.448098
0.480544
0.513258
0.545941
0.57822
0.609643
0.639667
0.667659
0.692897
0.714577
0.731831
0.743759
0.749449
0.748057
0.739127
0.722332
0.694057
0.651993
-0.633785
-0.674219
-0.701075
-0.716563
-0.724297
-0.724777
-0.718649
-0.706918
-0.690619
-0.670733
-0.648159
-0.623691
-0.598008
-0.571672
-0.545134
-0.518747
-0.49278
-0.467426
-0.442818
-0.419039
-0.396133
-0.374112
-0.352963
-0.332656
-0.313148
-0.294384
-0.276305
-0.258843
-0.241933
-0.225503
-0.209485
-0.193808
-0.178403
-0.163203
-0.148139
-0.133146
-0.118158
-0.103112
-0.0879446
-0.072593
-0.0569954
-0.04109
-0.0248156
-0.00811064
0.00908625
0.0268368
0.0452028
0.0642463
0.0840296
0.104614
0.126063
0.148434
0.171788
0.196179
0.221659
0.248274
0.27606
0.305042
0.33523
0.366614
0.39916
0.4328
0.467424
0.502876
0.538936
0.575313
0.611631
0.647416
0.682083
0.714931
0.745136
0.771757
0.79375
0.81
0.819349
0.820689
0.813333
0.796749
0.766806
0.720951
-0.699524
-0.744499
-0.77339
-0.788717
-0.794742
-0.792244
-0.782165
-0.765833
-0.744571
-0.719598
-0.691998
-0.662701
-0.632474
-0.601937
-0.571569
-0.54173
-0.512678
-0.484591
-0.457577
-0.431691
-0.406949
-0.383336
-0.360811
-0.339321
-0.318796
-0.299164
-0.280343
-0.262253
-0.244809
-0.227929
-0.211532
-0.195537
-0.179866
-0.164441
-0.149189
-0.134036
-0.118911
-0.103745
-0.0884684
-0.0730137
-0.0573139
-0.0413021
-0.0249117
-0.00807577
0.00927288
0.0272022
0.0457809
0.0650787
0.0851662
0.106115
0.127997
0.150884
0.17485
0.199965
0.226299
0.253915
0.282874
0.313225
0.345005
0.378235
0.412909
0.448993
0.486412
0.52504
0.564684
0.605074
0.645843
0.686508
0.726454
0.764915
0.800965
0.833509
0.8613
0.882962
0.897019
0.902014
0.896937
0.88095
0.849244
0.798947
-0.774292
-0.824691
-0.855761
-0.870444
-0.873882
-0.867275
-0.851989
-0.829783
-0.802348
-0.771191
-0.737606
-0.702668
-0.667234
-0.631965
-0.597354
-0.56375
-0.531388
-0.500411
-0.47089
-0.442842
-0.416244
-0.391043
-0.367168
-0.344533
-0.323042
-0.302597
-0.283098
-0.264443
-0.246532
-0.22927
-0.21256
-0.196313
-0.18044
-0.164856
-0.149478
-0.134228
-0.119028
-0.103802
-0.0884761
-0.0729784
-0.0572364
-0.0411785
-0.024733
-0.00782787
0.00960973
0.0276538
0.0463796
0.0658644
0.0861871
0.107429
0.129672
0.153003
0.177507
0.203272
0.230386
0.258937
0.289006
0.320673
0.354006
0.389059
0.425868
0.464438
0.504739
0.546689
0.590138
0.634854
0.680497
0.726595
0.772519
0.817452
0.860368
0.900016
0.934915
0.963373
0.983516
0.993423
0.991625
0.976828
0.94331
0.887761
-0.860196
-0.917122
-0.950436
-0.963691
-0.963257
-0.950973
-0.928806
-0.899089
-0.863978
-0.825318
-0.784637
-0.743152
-0.701791
-0.661241
-0.621979
-0.584321
-0.548455
-0.514469
-0.482381
-0.452154
-0.423716
-0.396969
-0.371801
-0.34809
-0.32571
-0.304535
-0.28444
-0.265304
-0.24701
-0.229445
-0.212503
-0.196081
-0.180082
-0.164411
-0.14898
-0.133702
-0.118494
-0.103275
-0.0879669
-0.0724916
-0.0567728
-0.0407343
-0.0242999
-0.0073927
0.0100654
0.028154
0.0469547
0.0665519
0.0870327
0.108487
0.13101
0.154698
0.179652
0.205978
0.233783
0.263177
0.294271
0.327173
0.361989
0.398812
0.437725
0.478785
0.522017
0.567398
0.614841
0.664173
0.715106
0.767208
0.81986
0.872223
0.92319
0.97135
1.01497
1.05199
1.08004
1.09657
1.09949
1.0868
1.05152
0.989707
-0.960075
-1.0249
-1.06035
-1.07091
-1.06471
-1.04456
-1.01328
-0.973958
-0.929318
-0.881592
-0.832547
-0.783521
-0.735485
-0.689108
-0.644817
-0.602861
-0.563348
-0.52629
-0.491629
-0.459259
-0.429046
-0.400838
-0.374474
-0.349792
-0.32663
-0.304832
-0.284248
-0.264735
-0.246157
-0.228388
-0.211307
-0.1948
-0.17876
-0.163085
-0.14768
-0.13245
-0.117309
-0.10217
-0.0869508
-0.0715686
-0.0559434
-0.0399949
-0.0236427
-0.00680568
0.0105989
0.028656
0.047453
0.0670808
0.0876343
0.109213
0.131921
0.155868
0.18117
0.20795
0.236336
0.266461
0.298466
0.332492
0.368684
0.407183
0.448124
0.491627
0.537785
0.586653
0.638226
0.692419
0.749029
0.807698
0.867864
0.928703
0.989061
1.0474
1.10171
1.14954
1.18789
1.21343
1.22314
1.21401
1.17722
1.10787
-1.07783
-1.15227
-1.18939
-1.19518
-1.18041
-1.14934
-1.10597
-1.05438
-0.997951
-0.939339
-0.88052
-0.822906
-0.767448
-0.714741
-0.665109
-0.618685
-0.575463
-0.535346
-0.498177
-0.463766
-0.431902
-0.402369
-0.374952
-0.349442
-0.325639
-0.303355
-0.282413
-0.262648
-0.243907
-0.226045
-0.208931
-0.19244
-0.176455
-0.160868
-0.145574
-0.130478
-0.115484
-0.100504
-0.0854493
-0.0702358
-0.0547791
-0.0389957
-0.0228015
-0.00611183
0.0111603
0.0291041
0.0478124
0.067382
0.0879148
0.109518
0.132307
0.156403
0.181936
0.209045
0.23788
0.268598
0.30137
0.336373
0.373794
0.413827
0.456666
0.502501
0.551511
0.603845
0.659608
0.718831
0.781438
0.847197
0.915656
0.986073
1.05731
1.12775
1.19517
1.25664
1.30847
1.3463
1.36584
1.36256
1.32491
1.24644
-1.21902
-1.30512
-1.34273
-1.34038
-1.31285
-1.26657
-1.20719
-1.13996
-1.06905
-0.997484
-0.927381
-0.86013
-0.796567
-0.737124
-0.68195
-0.631004
-0.584121
-0.54106
-0.501541
-0.46527
-0.431948
-0.401286
-0.373008
-0.346855
-0.322588
-0.299986
-0.278843
-0.258973
-0.240205
-0.22238
-0.205352
-0.188988
-0.173164
-0.157763
-0.142676
-0.127802
-0.113042
-0.0983033
-0.0834955
-0.0685304
-0.0533215
-0.0377822
-0.0218261
-0.0053652
0.0116906
0.0294344
0.0479633
0.0673791
0.08779
0.109311
0.132065
0.156186
0.181816
0.209112
0.238241
0.269387
0.30275
0.338544
0.377002
0.41837
0.462909
0.510892
0.562592
0.618272
0.678174
0.742482
0.811294
0.884566
0.962037
1.04314
1.12685
1.21158
1.29495
1.37363
1.44313
1.4978
1.53166
1.5379
1.50083
1.41136
-1.39181
-1.49186
-1.52734
-1.51132
-1.46475
-1.3973
-1.31672
-1.22971
-1.14117
-1.0544
-0.971496
-0.893652
-0.821447
-0.755033
-0.69429
-0.638931
-0.58858
-0.542818
-0.501218
-0.463362
-0.428854
-0.397323
-0.368431
-0.341868
-0.317352
-0.294628
-0.273468
-0.253661
-0.23502
-0.217373
-0.200564
-0.18445
-0.1689
-0.153792
-0.139012
-0.124455
-0.11002
-0.0956101
-0.0811338
-0.0665006
-0.0516219
-0.0364096
-0.0207749
-0.00462798
0.0121237
0.0295761
0.0478295
0.06699
0.0871706
0.108493
0.131087
0.155096
0.180675
0.207995
0.237243
0.268625
0.302369
0.338727
0.377975
0.420418
0.466387
0.51624
0.570359
0.62914
0.692984
0.76227
0.837323
0.91836
1.00541
1.0982
1.196
1.29739
1.40003
1.50031
1.59294
1.67078
1.72563
1.74731
1.7138
1.61126
-1.60874
-1.72472
-1.7526
-1.71378
-1.6388
-1.54189
-1.43345
-1.32167
-1.21201
-1.10775
-1.01066
-0.921502
-0.840387
-0.767034
-0.700938
-0.641492
-0.588054
-0.539992
-0.496707
-0.457648
-0.422311
-0.390243
-0.361041
-0.334343
-0.309829
-0.287213
-0.266241
-0.246685
-0.228342
-0.211029
-0.194581
-0.178847
-0.163692
-0.14899
-0.134622
-0.120482
-0.106466
-0.0924762
-0.0784193
-0.0642041
-0.0497409
-0.0349406
-0.0197137
-0.00396888
0.0123876
0.0294533
0.0473308
0.0661292
0.0859649
0.106964
0.129263
0.153013
0.178379
0.205543
0.23471
0.266107
0.299988
0.336639
0.376381
0.419572
0.466615
0.517958
0.574099
0.63558
0.702985
0.776923
0.858004
0.946789
1.04371
1.14896
1.2623
1.38278
1.50838
1.63551
1.75829
1.86803
1.95375
2.00057
1.9766
1.85938
-1.89008
-2.02189
-2.03105
-1.95435
-1.83701
-1.69937
-1.55474
-1.41248
-1.27808
-1.15426
-1.042
-0.941242
-0.851378
-0.7715
-0.700599
-0.637666
-0.581745
-0.531963
-0.487535
-0.447767
-0.412049
-0.379847
-0.350694
-0.324183
-0.299957
-0.277704
-0.257148
-0.238047
-0.220186
-0.203373
-0.187437
-0.172222
-0.157589
-0.143408
-0.129562
-0.115941
-0.102441
-0.0889639
-0.0754164
-0.0617069
-0.047746
-0.0334448
-0.0187135
-0.00346105
0.0124067
0.0289878
0.0463858
0.0647109
0.0840819
0.104628
0.126489
0.149822
0.174799
0.201612
0.230479
0.261644
0.295385
0.332016
0.371897
0.415439
0.463113
0.515455
0.573078
0.636678
0.707038
0.785027
0.871589
0.967713
1.07437
1.19241
1.32235
1.4641
1.61647
1.77646
1.93816
2.09161
2.22284
2.31064
2.30814
2.17697
-2.27058
-2.41091
-2.37887
-2.23953
-2.05944
-1.86619
-1.67544
-1.49668
-1.33432
-1.18955
-1.06188
-0.949963
-0.852133
-0.766664
-0.691923
-0.626433
-0.56889
-0.518164
-0.473285
-0.433419
-0.397857
-0.36599
-0.337298
-0.311334
-0.287712
-0.2661
-0.246206
-0.227779
-0.210594
-0.194455
-0.179188
-0.164634
-0.150652
-0.137113
-0.123899
-0.110901
-0.0980147
-0.0851444
-0.0721966
-0.0590813
-0.0457102
-0.0319954
-0.0178486
-0.00317964
0.0121047
0.0281016
0.0449142
0.0626524
0.0814352
0.101392
0.122667
0.145416
0.169818
0.196071
0.224402
0.255066
0.288358
0.324617
0.364233
0.407663
0.455434
0.508165
0.566578
0.631517
0.703967
0.785072
0.876145
0.97867
1.09428
1.22469
1.37152
1.53603
1.71859
1.91777
2.12878
2.34153
2.53956
2.6942
2.73693
2.60033
-2.81313
-2.93356
-2.81505
-2.5729
-2.30129
-2.03393
-1.78639
-1.56583
-1.37358
-1.2079
-1.06587
-0.944298
-0.840139
-0.750673
-0.673556
-0.606811
-0.548783
-0.498098
-0.45361
-0.41437
-0.379582
-0.348581
-0.320805
-0.295782
-0.273105
-0.25243
-0.233459
-0.215932
-0.199626
-0.184341
-0.169902
-0.156153
-0.142955
-0.130178
-0.117708
-0.105437
-0.0932632
-0.081093
-0.0688353
-0.0564025
-0.0437084
-0.0306677
-0.0171942
-0.00320004
0.0114057
0.0267181
0.0428381
0.0598739
0.0779427
0.0971728
0.117706
0.139701
0.163334
0.188807
0.216348
0.246222
0.278732
0.314231
0.353133
0.395923
0.443174
0.495571
0.553926
0.619214
0.692606
0.775508
0.86961
0.976927
1.09984
1.2411
1.40379
1.5911
1.80591
2.04983
2.3213
2.61266
2.9075
3.1707
3.30596
3.19488
-3.63209
-3.6503
-3.35764
-2.95027
-2.54884
-2.18661
-1.87295
-1.60794
-1.38661
-1.20241
-1.04898
-0.920698
-0.812907
-0.721797
-0.644311
-0.577997
-0.520892
-0.471419
-0.428301
-0.390501
-0.357172
-0.327613
-0.301243
-0.277575
-0.256199
-0.236769
-0.218985
-0.202592
-0.187367
-0.173116
-0.159667
-0.146868
-0.134583
-0.122689
-0.111073
-0.099631
-0.0882666
-0.0768886
-0.0654099
-0.0537462
-0.0418151
-0.0295346
-0.0168219
-0.00359281
0.0102401
0.0247684
0.0400894
0.0563075
0.0735361
0.0918999
0.111537
0.132602
0.155268
0.179734
0.206228
0.23501
0.266386
0.300714
0.338414
0.379987
0.426033
0.477273
0.534583
0.599033
0.671938
0.754926
0.850017
0.95973
1.08721
1.23634
1.4119
1.6196
1.8659
2.15742
2.4991
2.8907
3.32214
3.75841
4.07682
4.07839
-4.93392
-4.64063
-4.01643
-3.35561
-2.77796
-2.30081
-1.91619
-1.60907
-1.36374
-1.16668
-1.00709
-0.876627
-0.768949
-0.679239
-0.603831
-0.539914
-0.485313
-0.438327
-0.397614
-0.362101
-0.330927
-0.303386
-0.278902
-0.256994
-0.237262
-0.219368
-0.203023
-0.18798
-0.174026
-0.160975
-0.148664
-0.136947
-0.125694
-0.11479
-0.104126
-0.093606
-0.083137
-0.0726334
-0.0620127
-0.0511955
-0.0401038
-0.0286602
-0.0167867
-0.00440353
0.00857188
0.0222262
0.0366514
0.0519465
0.0682193
0.0855883
0.104185
0.124156
0.14567
0.168915
0.19411
0.22151
0.251411
0.284161
0.320175
0.35995
0.404084
0.453308
0.508518
0.570828
0.641631
0.722693
0.816268
0.925265
1.05347
1.20586
1.38895
1.6113
1.88398
2.2208
2.63782
3.1505
3.76664
4.46679
5.12954
5.46079
-7.17812
-6.0042
-4.75335
-3.73051
-2.93576
-2.33559
-1.88771
-1.55091
-1.29372
-1.09404
-0.936443
-0.810095
-0.707339
-0.622695
-0.552171
-0.492814
-0.442397
-0.39922
-0.36196
-0.329574
-0.301234
-0.276267
-0.254126
-0.23436
-0.216591
-0.200502
-0.185826
-0.172331
-0.15982
-0.148119
-0.137077
-0.126558
-0.116443
-0.106623
-0.0969996
-0.0874813
-0.0779833
-0.0684256
-0.058732
-0.0488287
-0.0386432
-0.0281039
-0.0171382
-0.00567224
0.00637071
0.019071
0.0325142
0.0467921
0.0620049
0.0782624
0.0956871
0.114416
0.134604
0.156429
0.180095
0.205839
0.233939
0.264723
0.298583
0.335989
0.377513
0.423855
0.475884
0.53469
0.601654
0.678555
0.767716
0.872215
0.996197
1.14535
1.32757
1.55405
1.84067
2.21012
2.69467
3.33687
4.18016
5.25642
6.56568
7.80736
-11.5602
-7.80267
-5.29306
-3.81999
-2.84176
-2.17228
-1.71134
-1.38441
-1.14418
-0.962302
-0.821116
-0.709145
-0.618726
-0.544598
-0.483042
-0.431359
-0.387546
-0.350086
-0.317807
-0.28979
-0.265306
-0.243763
-0.224682
-0.207665
-0.192382
-0.178552
-0.165941
-0.154344
-0.143585
-0.133512
-0.12399
-0.114899
-0.106133
-0.0975927
-0.0891915
-0.0808475
-0.0724844
-0.0640306
-0.0554174
-0.0465784
-0.0374486
-0.0279632
-0.0180571
-0.00766365
0.00328593
0.0148639
0.0271471
0.0402177
0.0541655
0.0690886
0.0850963
0.102311
0.12087
0.140931
0.162677
0.186316
0.212095
0.240305
0.271292
0.305473
0.343352
0.385552
0.432843
0.486195
0.546847
0.616399
0.696964
0.791381
0.903551
1.03897
1.20562
1.41538
1.68654
2.04825
2.54906
3.26602
4.30366
5.85009
8.44991
12.3182
-18.9699
-9.55626
-5.06814
-3.24738
-2.28438
-1.70022
-1.32933
-1.07807
-0.896645
-0.759562
-0.652635
-0.567219
-0.497721
-0.440349
-0.392422
-0.351984
-0.317569
-0.288053
-0.262562
-0.240401
-0.221012
-0.203941
-0.188812
-0.175315
-0.163186
-0.152204
-0.142178
-0.132942
-0.124354
-0.116288
-0.108632
-0.101286
-0.0941618
-0.0871771
-0.0802575
-0.0733338
-0.0663413
-0.0592187
-0.0519074
-0.0443504
-0.0364921
-0.0282768
-0.0196486
-0.0105506
-0.00092384
0.00929342
0.0201664
0.031765
0.044165
0.057449
0.0717084
0.0870453
0.103574
0.121425
0.140746
0.16171
0.184516
0.209398
0.236634
0.266554
0.299558
0.336133
0.376878
0.422542
0.474069
0.532675
0.599946
0.677996
0.769715
0.879173
1.01233
1.17831
1.39197
1.67957
2.09195
2.72597
3.75692
5.67367
10.2794
19.8164
)
;

boundaryField
{
    movingWall
    {
        type            zeroGradient;
    }
    fixedWalls
    {
        type            zeroGradient;
    }
    frontAndBack
    {
        type            empty;
    }
}


// ************************************************************************* //
