0.05 	0.0003125 	0.005 	0.0056631
0.05 	0.0009375 	0.005 	0.00567261
0.05 	0.0015625 	0.005 	0.00568002
0.05 	0.0021875 	0.005 	0.00568594
0.05 	0.0028125 	0.005 	0.00569108
0.05 	0.0034375 	0.005 	0.00569542
0.05 	0.0040625 	0.005 	0.00569894
0.05 	0.0046875 	0.005 	0.00570161
0.05 	0.0053125 	0.005 	0.00570338
0.05 	0.0059375 	0.005 	0.0057042
0.05 	0.0065625 	0.005 	0.00570399
0.05 	0.0071875 	0.005 	0.00570269
0.05 	0.0078125 	0.005 	0.00570024
0.05 	0.0084375 	0.005 	0.00569662
0.05 	0.0090625 	0.005 	0.00569182
0.05 	0.0096875 	0.005 	0.00568586
0.05 	0.0103125 	0.005 	0.00567876
0.05 	0.0109375 	0.005 	0.00567051
0.05 	0.0115625 	0.005 	0.00566112
0.05 	0.0121875 	0.005 	0.00565053
0.05 	0.0128125 	0.005 	0.00563868
0.05 	0.0134375 	0.005 	0.0056255
0.05 	0.0140625 	0.005 	0.00561093
0.05 	0.0146875 	0.005 	0.00559491
0.05 	0.0153125 	0.005 	0.00557742
0.05 	0.0159375 	0.005 	0.00555841
0.05 	0.0165625 	0.005 	0.00553786
0.05 	0.0171875 	0.005 	0.00551569
0.05 	0.0178125 	0.005 	0.00549183
0.05 	0.0184375 	0.005 	0.00546619
0.05 	0.0190625 	0.005 	0.00543869
0.05 	0.0196875 	0.005 	0.00540925
0.05 	0.0203125 	0.005 	0.00537781
0.05 	0.0209375 	0.005 	0.00534434
0.05 	0.0215625 	0.005 	0.0053088
0.05 	0.0221875 	0.005 	0.00527112
0.05 	0.0228125 	0.005 	0.00523123
0.05 	0.0234375 	0.005 	0.00518901
0.05 	0.0240625 	0.005 	0.00514436
0.05 	0.0246875 	0.005 	0.00509715
0.05 	0.0253125 	0.005 	0.00504726
0.05 	0.0259375 	0.005 	0.00499463
0.05 	0.0265625 	0.005 	0.00493913
0.05 	0.0271875 	0.005 	0.00488067
0.05 	0.0278125 	0.005 	0.0048191
0.05 	0.0284375 	0.005 	0.00475422
0.05 	0.0290625 	0.005 	0.00468587
0.05 	0.0296875 	0.005 	0.00461386
0.05 	0.0303125 	0.005 	0.00453805
0.05 	0.0309375 	0.005 	0.0044583
0.05 	0.0315625 	0.005 	0.00437445
0.05 	0.0321875 	0.005 	0.0042863
0.05 	0.0328125 	0.005 	0.00419363
0.05 	0.0334375 	0.005 	0.00409618
0.05 	0.0340625 	0.005 	0.00399373
0.05 	0.0346875 	0.005 	0.00388604
0.05 	0.0353125 	0.005 	0.00377289
0.05 	0.0359375 	0.005 	0.00365405
0.05 	0.0365625 	0.005 	0.00352922
0.05 	0.0371875 	0.005 	0.00339811
0.05 	0.0378125 	0.005 	0.0032604
0.05 	0.0384375 	0.005 	0.00311579
0.05 	0.0390625 	0.005 	0.00296398
0.05 	0.0396875 	0.005 	0.00280467
0.05 	0.0403125 	0.005 	0.00263753
0.05 	0.0409375 	0.005 	0.00246218
0.05 	0.0415625 	0.005 	0.00227823
0.05 	0.0421875 	0.005 	0.00208529
0.05 	0.0428125 	0.005 	0.00188298
0.05 	0.0434375 	0.005 	0.0016709
0.05 	0.0440625 	0.005 	0.00144863
0.05 	0.0446875 	0.005 	0.00121569
0.05 	0.0453125 	0.005 	0.000971631
0.05 	0.0459375 	0.005 	0.00071599
0.05 	0.0465625 	0.005 	0.000448328
0.05 	0.0471875 	0.005 	0.000168187
0.05 	0.0478125 	0.005 	-0.000124914
0.05 	0.0484375 	0.005 	-0.000431473
0.05 	0.0490625 	0.005 	-0.000751982
0.05 	0.0496875 	0.005 	-0.00108692
0.05 	0.0503125 	0.005 	-0.00143679
0.05 	0.0509375 	0.005 	-0.00180208
0.05 	0.0515625 	0.005 	-0.00218335
0.05 	0.0521875 	0.005 	-0.0025811
0.05 	0.0528125 	0.005 	-0.00299585
0.05 	0.0534375 	0.005 	-0.00342806
0.05 	0.0540625 	0.005 	-0.00387822
0.05 	0.0546875 	0.005 	-0.00434681
0.05 	0.0553125 	0.005 	-0.00483427
0.05 	0.0559375 	0.005 	-0.00534103
0.05 	0.0565625 	0.005 	-0.00586746
0.05 	0.0571875 	0.005 	-0.00641392
0.05 	0.0578125 	0.005 	-0.00698077
0.05 	0.0584375 	0.005 	-0.00756827
0.05 	0.0590625 	0.005 	-0.00817666
0.05 	0.0596875 	0.005 	-0.00880609
0.05 	0.0603125 	0.005 	-0.00945668
0.05 	0.0609375 	0.005 	-0.0101285
0.05 	0.0615625 	0.005 	-0.0108215
0.05 	0.0621875 	0.005 	-0.0115356
0.05 	0.0628125 	0.005 	-0.0122705
0.05 	0.0634375 	0.005 	-0.0130259
0.05 	0.0640625 	0.005 	-0.0138015
0.05 	0.0646875 	0.005 	-0.0145967
0.05 	0.0653125 	0.005 	-0.0154108
0.05 	0.0659375 	0.005 	-0.0162431
0.05 	0.0665625 	0.005 	-0.0170926
0.05 	0.0671875 	0.005 	-0.0179584
0.05 	0.0678125 	0.005 	-0.0188393
0.05 	0.0684375 	0.005 	-0.0197338
0.05 	0.0690625 	0.005 	-0.0206406
0.05 	0.0696875 	0.005 	-0.0215579
0.05 	0.0703125 	0.005 	-0.022484
0.05 	0.0709375 	0.005 	-0.023417
0.05 	0.0715625 	0.005 	-0.0243547
0.05 	0.0721875 	0.005 	-0.0252951
0.05 	0.0728125 	0.005 	-0.0262356
0.05 	0.0734375 	0.005 	-0.0271738
0.05 	0.0740625 	0.005 	-0.0281071
0.05 	0.0746875 	0.005 	-0.0290327
0.05 	0.0753125 	0.005 	-0.0299478
0.05 	0.0759375 	0.005 	-0.0308495
0.05 	0.0765625 	0.005 	-0.0317347
0.05 	0.0771875 	0.005 	-0.0326004
0.05 	0.0778125 	0.005 	-0.0334434
0.05 	0.0784375 	0.005 	-0.0342606
0.05 	0.0790625 	0.005 	-0.0350489
0.05 	0.0796875 	0.005 	-0.0358052
0.05 	0.0803125 	0.005 	-0.0365265
0.05 	0.0809375 	0.005 	-0.0372097
0.05 	0.0815625 	0.005 	-0.037852
0.05 	0.0821875 	0.005 	-0.0384507
0.05 	0.0828125 	0.005 	-0.0390032
0.05 	0.0834375 	0.005 	-0.0395071
0.05 	0.0840625 	0.005 	-0.0399603
0.05 	0.0846875 	0.005 	-0.040361
0.05 	0.0853125 	0.005 	-0.0407074
0.05 	0.0859375 	0.005 	-0.0409985
0.05 	0.0865625 	0.005 	-0.0412334
0.05 	0.0871875 	0.005 	-0.0414115
0.05 	0.0878125 	0.005 	-0.0415329
0.05 	0.0884375 	0.005 	-0.041598
0.05 	0.0890625 	0.005 	-0.0416078
0.05 	0.0896875 	0.005 	-0.0415635
0.05 	0.0903125 	0.005 	-0.0414672
0.05 	0.0909375 	0.005 	-0.0413212
0.05 	0.0915625 	0.005 	-0.0411284
0.05 	0.0921875 	0.005 	-0.0408921
0.05 	0.0928125 	0.005 	-0.0406162
0.05 	0.0934375 	0.005 	-0.0403048
0.05 	0.0940625 	0.005 	-0.0399624
0.05 	0.0946875 	0.005 	-0.0395935
0.05 	0.0953125 	0.005 	-0.0392028
0.05 	0.0959375 	0.005 	-0.0387951
0.05 	0.0965625 	0.005 	-0.0383748
0.05 	0.0971875 	0.005 	-0.0379461
0.05 	0.0978125 	0.005 	-0.0375151
0.05 	0.0984375 	0.005 	-0.0370875
0.05 	0.0990625 	0.005 	-0.0366332
0.05 	0.0996875 	0.005 	-0.0361229
