0.05 	0.0003125 	0.005 	0.00226174
0.05 	0.0009375 	0.005 	0.00226628
0.05 	0.0015625 	0.005 	0.00226973
0.05 	0.0021875 	0.005 	0.00227243
0.05 	0.0028125 	0.005 	0.00227469
0.05 	0.0034375 	0.005 	0.00227647
0.05 	0.0040625 	0.005 	0.00227773
0.05 	0.0046875 	0.005 	0.00227845
0.05 	0.0053125 	0.005 	0.00227861
0.05 	0.0059375 	0.005 	0.0022782
0.05 	0.0065625 	0.005 	0.00227719
0.05 	0.0071875 	0.005 	0.00227556
0.05 	0.0078125 	0.005 	0.00227329
0.05 	0.0084375 	0.005 	0.00227036
0.05 	0.0090625 	0.005 	0.00226676
0.05 	0.0096875 	0.005 	0.00226247
0.05 	0.0103125 	0.005 	0.00225747
0.05 	0.0109375 	0.005 	0.00225174
0.05 	0.0115625 	0.005 	0.00224526
0.05 	0.0121875 	0.005 	0.00223803
0.05 	0.0128125 	0.005 	0.00223003
0.05 	0.0134375 	0.005 	0.00222123
0.05 	0.0140625 	0.005 	0.00221162
0.05 	0.0146875 	0.005 	0.00220118
0.05 	0.0153125 	0.005 	0.00218989
0.05 	0.0159375 	0.005 	0.00217772
0.05 	0.0165625 	0.005 	0.00216464
0.05 	0.0171875 	0.005 	0.00215064
0.05 	0.0178125 	0.005 	0.00213567
0.05 	0.0184375 	0.005 	0.0021197
0.05 	0.0190625 	0.005 	0.00210269
0.05 	0.0196875 	0.005 	0.0020846
0.05 	0.0203125 	0.005 	0.00206538
0.05 	0.0209375 	0.005 	0.00204499
0.05 	0.0215625 	0.005 	0.00202336
0.05 	0.0221875 	0.005 	0.00200044
0.05 	0.0228125 	0.005 	0.00197616
0.05 	0.0234375 	0.005 	0.00195046
0.05 	0.0240625 	0.005 	0.00192327
0.05 	0.0246875 	0.005 	0.00189451
0.05 	0.0253125 	0.005 	0.00186409
0.05 	0.0259375 	0.005 	0.00183194
0.05 	0.0265625 	0.005 	0.00179794
0.05 	0.0271875 	0.005 	0.00176202
0.05 	0.0278125 	0.005 	0.00172406
0.05 	0.0284375 	0.005 	0.00168395
0.05 	0.0290625 	0.005 	0.00164158
0.05 	0.0296875 	0.005 	0.00159682
0.05 	0.0303125 	0.005 	0.00154954
0.05 	0.0309375 	0.005 	0.0014996
0.05 	0.0315625 	0.005 	0.00144686
0.05 	0.0321875 	0.005 	0.00139117
0.05 	0.0328125 	0.005 	0.00133237
0.05 	0.0334375 	0.005 	0.00127029
0.05 	0.0340625 	0.005 	0.00120475
0.05 	0.0346875 	0.005 	0.00113557
0.05 	0.0353125 	0.005 	0.00106256
0.05 	0.0359375 	0.005 	0.000985521
0.05 	0.0365625 	0.005 	0.000904241
0.05 	0.0371875 	0.005 	0.000818502
0.05 	0.0378125 	0.005 	0.00072808
0.05 	0.0384375 	0.005 	0.00063274
0.05 	0.0390625 	0.005 	0.000532241
0.05 	0.0396875 	0.005 	0.000426331
0.05 	0.0403125 	0.005 	0.000314753
0.05 	0.0409375 	0.005 	0.000197239
0.05 	0.0415625 	0.005 	7.3518e-05
0.05 	0.0421875 	0.005 	-5.66911e-05
0.05 	0.0428125 	0.005 	-0.000193673
0.05 	0.0434375 	0.005 	-0.000337717
0.05 	0.0440625 	0.005 	-0.000489116
0.05 	0.0446875 	0.005 	-0.000648164
0.05 	0.0453125 	0.005 	-0.000815158
0.05 	0.0459375 	0.005 	-0.000990392
0.05 	0.0465625 	0.005 	-0.00117416
0.05 	0.0471875 	0.005 	-0.00136674
0.05 	0.0478125 	0.005 	-0.00156842
0.05 	0.0484375 	0.005 	-0.00177947
0.05 	0.0490625 	0.005 	-0.00200015
0.05 	0.0496875 	0.005 	-0.00223068
0.05 	0.0503125 	0.005 	-0.00247131
0.05 	0.0509375 	0.005 	-0.00272222
0.05 	0.0515625 	0.005 	-0.0029836
0.05 	0.0521875 	0.005 	-0.00325557
0.05 	0.0528125 	0.005 	-0.00353826
0.05 	0.0534375 	0.005 	-0.00383172
0.05 	0.0540625 	0.005 	-0.00413599
0.05 	0.0546875 	0.005 	-0.00445103
0.05 	0.0553125 	0.005 	-0.00477678
0.05 	0.0559375 	0.005 	-0.0051131
0.05 	0.0565625 	0.005 	-0.00545979
0.05 	0.0571875 	0.005 	-0.00581659
0.05 	0.0578125 	0.005 	-0.00618319
0.05 	0.0584375 	0.005 	-0.00655916
0.05 	0.0590625 	0.005 	-0.00694405
0.05 	0.0596875 	0.005 	-0.00733729
0.05 	0.0603125 	0.005 	-0.00773825
0.05 	0.0609375 	0.005 	-0.00814622
0.05 	0.0615625 	0.005 	-0.00856041
0.05 	0.0621875 	0.005 	-0.00897995
0.05 	0.0628125 	0.005 	-0.0094039
0.05 	0.0634375 	0.005 	-0.00983124
0.05 	0.0640625 	0.005 	-0.0102609
0.05 	0.0646875 	0.005 	-0.0106917
0.05 	0.0653125 	0.005 	-0.0111225
0.05 	0.0659375 	0.005 	-0.011552
0.05 	0.0665625 	0.005 	-0.011979
0.05 	0.0671875 	0.005 	-0.0124022
0.05 	0.0678125 	0.005 	-0.0128201
0.05 	0.0684375 	0.005 	-0.0132316
0.05 	0.0690625 	0.005 	-0.0136354
0.05 	0.0696875 	0.005 	-0.01403
0.05 	0.0703125 	0.005 	-0.0144144
0.05 	0.0709375 	0.005 	-0.0147872
0.05 	0.0715625 	0.005 	-0.0151473
0.05 	0.0721875 	0.005 	-0.0154938
0.05 	0.0728125 	0.005 	-0.0158255
0.05 	0.0734375 	0.005 	-0.0161416
0.05 	0.0740625 	0.005 	-0.0164413
0.05 	0.0746875 	0.005 	-0.016724
0.05 	0.0753125 	0.005 	-0.016989
0.05 	0.0759375 	0.005 	-0.017236
0.05 	0.0765625 	0.005 	-0.0174647
0.05 	0.0771875 	0.005 	-0.0176748
0.05 	0.0778125 	0.005 	-0.0178664
0.05 	0.0784375 	0.005 	-0.0180395
0.05 	0.0790625 	0.005 	-0.0181944
0.05 	0.0796875 	0.005 	-0.0183313
0.05 	0.0803125 	0.005 	-0.0184509
0.05 	0.0809375 	0.005 	-0.0185536
0.05 	0.0815625 	0.005 	-0.0186402
0.05 	0.0821875 	0.005 	-0.0187113
0.05 	0.0828125 	0.005 	-0.0187679
0.05 	0.0834375 	0.005 	-0.0188107
0.05 	0.0840625 	0.005 	-0.0188408
0.05 	0.0846875 	0.005 	-0.0188591
0.05 	0.0853125 	0.005 	-0.0188664
0.05 	0.0859375 	0.005 	-0.0188636
0.05 	0.0865625 	0.005 	-0.0188516
0.05 	0.0871875 	0.005 	-0.018831
0.05 	0.0878125 	0.005 	-0.0188023
0.05 	0.0884375 	0.005 	-0.018766
0.05 	0.0890625 	0.005 	-0.0187223
0.05 	0.0896875 	0.005 	-0.0186713
0.05 	0.0903125 	0.005 	-0.0186129
0.05 	0.0909375 	0.005 	-0.0185467
0.05 	0.0915625 	0.005 	-0.0184724
0.05 	0.0921875 	0.005 	-0.0183893
0.05 	0.0928125 	0.005 	-0.0182969
0.05 	0.0934375 	0.005 	-0.0181943
0.05 	0.0940625 	0.005 	-0.0180807
0.05 	0.0946875 	0.005 	-0.0179555
0.05 	0.0953125 	0.005 	-0.0178177
0.05 	0.0959375 	0.005 	-0.0176666
0.05 	0.0965625 	0.005 	-0.0175013
0.05 	0.0971875 	0.005 	-0.0173205
0.05 	0.0978125 	0.005 	-0.0171244
0.05 	0.0984375 	0.005 	-0.0169131
0.05 	0.0990625 	0.005 	-0.0166636
0.05 	0.0996875 	0.005 	-0.01635
