/*--------------------------------*- C++ -*----------------------------------*\
  =========                 |
  \\      /  F ield         | OpenFOAM: The Open Source CFD Toolbox
   \\    /   O peration     | Website:  https://openfoam.org
    \\  /    A nd           | Version:  7
     \\/     M anipulation  |
\*---------------------------------------------------------------------------*/
FoamFile
{
    version     2.0;
    format      ascii;
    class       volScalarField;
    location    "0.325";
    object      p;
}
// * * * * * * * * * * * * * * * * * * * * * * * * * * * * * * * * * * * * * //

dimensions      [0 2 -2 0 0 0 0];

internalField   nonuniform List<scalar> 
6400
(
1.22045e-05
3.33288e-05
-0.000471706
-0.00150436
-0.00294665
-0.00468828
-0.00662889
-0.0086789
-0.0107611
-0.0128101
-0.0147708
-0.0165971
-0.0182506
-0.0196994
-0.0209179
-0.0218852
-0.0225853
-0.0230059
-0.0231386
-0.022978
-0.0225215
-0.0217694
-0.0207239
-0.0193896
-0.0177731
-0.0158826
-0.0137279
-0.0113202
-0.00867223
-0.00579788
-0.00271211
0.000569019
0.00402853
0.00764855
0.0114104
0.0152948
0.0192815
0.0233502
0.0274796
0.0316484
0.0358346
0.0400161
0.0441708
0.0482764
0.0523106
0.0562514
0.0600769
0.0637657
0.067297
0.0706504
0.0738065
0.0767469
0.0794543
0.0819124
0.0841067
0.0860242
0.0876536
0.0889858
0.0900139
0.0907331
0.0911417
0.0912404
0.0910333
0.0905278
0.089735
0.0886698
0.0873517
0.0858047
0.0840582
0.0821474
0.0801142
0.0780076
0.0758852
0.0738139
0.0718712
0.0701458
0.0687345
0.0677417
0.0672738
0.0673112
9.23371e-06
2.36474e-05
-0.000429675
-0.0013129
-0.00252667
-0.00399179
-0.00563232
-0.00737588
-0.00915722
-0.0109191
-0.0126119
-0.0141931
-0.0156267
-0.0168823
-0.0179348
-0.0187639
-0.0193533
-0.0196906
-0.0197666
-0.0195753
-0.0191135
-0.0183803
-0.0173772
-0.0161077
-0.0145772
-0.0127928
-0.0107633
-0.00849881
-0.00601079
-0.00331192
-0.000416019
0.0026621
0.00590668
0.0093011
0.0128279
0.0164691
0.0202059
0.0240191
0.0278888
0.031795
0.0357172
0.0396348
0.0435269
0.0473727
0.0511514
0.0548425
0.0584256
0.0618808
0.0651888
0.0683307
0.0712887
0.0740458
0.0765861
0.078895
0.0809593
0.0827673
0.084309
0.0855767
0.0865644
0.0872686
0.0876882
0.0878251
0.0876839
0.0872723
0.0866017
0.0856871
0.0845475
0.0832062
0.0816913
0.0800361
0.0782794
0.0764661
0.0746478
0.072883
0.071237
0.0697809
0.0685881
0.0677334
0.0673102
0.0673487
0.000517163
0.000479091
2.52617e-05
-0.000790604
-0.00188125
-0.00318336
-0.00463576
-0.00617833
-0.00775548
-0.0093172
-0.0108192
-0.0122229
-0.0134949
-0.0146068
-0.0155347
-0.0162592
-0.0167643
-0.0170377
-0.0170702
-0.0168555
-0.0163899
-0.015672
-0.0147026
-0.0134846
-0.0120226
-0.0103229
-0.00839331
-0.00624318
-0.00388303
-0.00132461
0.00141925
0.0043347
0.00740697
0.0106205
0.0139588
0.017405
0.0209413
0.0245496
0.0282112
0.0319071
0.0356179
0.0393242
0.0430063
0.0466446
0.0502194
0.0537114
0.0571014
0.0603707
0.0635011
0.0664752
0.0692761
0.071888
0.0742963
0.0764873
0.078449
0.0801706
0.0816434
0.0828601
0.0838158
0.0845077
0.0849354
0.085101
0.0850095
0.0846689
0.0840903
0.0832883
0.0822813
0.0810916
0.0797456
0.0782744
0.0767137
0.0751042
0.073492
0.0719282
0.0704685
0.0691722
0.0680985
0.0673077
0.0668854
0.0668828
0.00155015
0.00136505
0.000841368
2.21664e-05
-0.00102587
-0.00224915
-0.00359592
-0.00501545
-0.00646017
-0.00788652
-0.00925533
-0.0105319
-0.0116858
-0.0126911
-0.0135254
-0.0141705
-0.0146111
-0.0148356
-0.0148349
-0.0146026
-0.0141351
-0.0134305
-0.0124894
-0.0113142
-0.00990892
-0.00827929
-0.00643251
-0.00437715
-0.00212303
0.000318874
0.00293652
0.00571688
0.00864603
0.0117092
0.014891
0.0181751
0.0215449
0.024983
0.0284719
0.0319933
0.035529
0.0390603
0.0425686
0.0460353
0.0494417
0.0527694
0.0560003
0.0591166
0.0621012
0.0649375
0.0676096
0.0701028
0.0724031
0.0744979
0.0763758
0.0780271
0.0794434
0.0806184
0.0815475
0.0822285
0.0826612
0.0828481
0.082794
0.0825069
0.0819975
0.0812799
0.0803714
0.0792928
0.0780689
0.0767283
0.0753035
0.0738313
0.0723524
0.0709115
0.0695569
0.0683387
0.0673075
0.0665147
0.0660287
0.0658931
0.00299883
0.00258728
0.00193574
0.00106363
8.17547e-06
-0.00118578
-0.00247434
-0.00381523
-0.00516822
-0.00649585
-0.00776394
-0.00894177
-0.0100022
-0.0109215
-0.0116796
-0.0122594
-0.0126468
-0.0128309
-0.0128029
-0.012557
-0.0120892
-0.0113979
-0.0104834
-0.00934749
-0.00799406
-0.0064283
-0.00465687
-0.00268773
-0.00053005
0.00180586
0.00430869
0.00696613
0.00976505
0.0126915
0.0157307
0.0188675
0.0220858
0.0253694
0.0287012
0.0320642
0.0354409
0.0388136
0.0421644
0.0454758
0.0487299
0.0519092
0.0549964
0.0579749
0.0608281
0.0635404
0.0660968
0.0684833
0.0706867
0.0726952
0.0744981
0.0760861
0.0774516
0.0785887
0.0794933
0.0801633
0.0805988
0.0808023
0.0807786
0.0805351
0.0800822
0.079433
0.0786038
0.0776138
0.0764857
0.0752455
0.0739227
0.07255
0.0711631
0.0698007
0.068504
0.0673154
0.0662781
0.0654358
0.0648295
0.0644818
0.00476116
0.00407279
0.00325029
0.00228502
0.00118078
-2.53444e-05
-0.00129613
-0.0025969
-0.0038941
-0.00515592
-0.0063529
-0.00745827
-0.00844809
-0.00930132
-0.00999977
-0.010528
-0.0108733
-0.0110255
-0.0109765
-0.0107208
-0.0102548
-0.00957679
-0.00868699
-0.00758722
-0.0062809
-0.00477291
-0.00306946
-0.00117801
0.000892814
0.00313331
0.00553278
0.00807961
0.0107613
0.0135647
0.0164758
0.01948
0.0225622
0.0257068
0.0288977
0.0321185
0.0353526
0.0385831
0.0417931
0.0449655
0.0480835
0.0511303
0.0540896
0.0569452
0.0596816
0.0622837
0.0647374
0.0670293
0.0691469
0.0710789
0.0728153
0.0743472
0.0756674
0.0767704
0.0776523
0.0783113
0.0787474
0.078963
0.0789626
0.0787532
0.0783445
0.0777485
0.0769804
0.0760576
0.0750008
0.0738334
0.0725816
0.0712743
0.0699427
0.0686201
0.067341
0.0661409
0.0650568
0.0641253
0.0633562
0.0627454
0.00674644
0.00575308
0.00472983
0.00363981
0.00245288
0.00119958
-8.83134e-05
-0.00138279
-0.00265631
-0.00388216
-0.00503531
-0.00609273
-0.00703362
-0.00783955
-0.00849444
-0.00898459
-0.00929856
-0.00942714
-0.00936324
-0.00910175
-0.00863943
-0.00797483
-0.00710814
-0.00604117
-0.00477715
-0.0033207
-0.0016777
0.000144795
0.00213861
0.00429456
0.0066025
0.00905139
0.0116294
0.0143239
0.0171216
0.0200086
0.0229706
0.0259924
0.0290589
0.0321544
0.0352629
0.0383682
0.0414542
0.0445047
0.0475033
0.0504341
0.0532814
0.0560297
0.0586641
0.0611703
0.0635347
0.0657443
0.0677874
0.069653
0.0713315
0.0728145
0.0740951
0.0751679
0.0760292
0.0766772
0.0771118
0.0773351
0.0773513
0.0771668
0.0767903
0.0762331
0.0755086
0.0746328
0.0736243
0.0725039
0.0712947
0.0700219
0.0687127
0.0673955
0.066099
0.0648525
0.0636878
0.0626357
0.0616735
0.0607704
0.00887545
0.00756366
0.00632058
0.00508265
0.00378695
0.00245875
0.00112547
-0.00019069
-0.00146748
-0.0026828
-0.00381565
-0.00484651
-0.0057576
-0.00653299
-0.00715873
-0.00762285
-0.00791534
-0.00802809
-0.00795488
-0.00769124
-0.00723443
-0.00658327
-0.00573814
-0.00470086
-0.00347461
-0.00206384
-0.000474189
0.0012876
0.00321373
0.00529545
0.00752308
0.00988608
0.0123732
0.0149722
0.0176707
0.0204551
0.0233118
0.0262265
0.0291844
0.0321705
0.0351695
0.0381659
0.0411442
0.0440888
0.0469839
0.0498143
0.0525649
0.0552206
0.0577673
0.0601911
0.0624787
0.0646179
0.0665971
0.0684059
0.0700348
0.0714759
0.0727223
0.0737687
0.0746115
0.0752487
0.07568
0.0759072
0.075934
0.075766
0.0754112
0.0748796
0.0741834
0.0733368
0.0723563
0.0712603
0.0700691
0.0688046
0.0674899
0.0661493
0.0648067
0.0634856
0.0622141
0.0610178
0.0598431
0.0586331
0.0110812
0.00944702
0.00797304
0.00657099
0.00514708
0.00372249
0.00232127
0.000960657
-0.000341738
-0.0015679
-0.00270049
-0.00372322
-0.0046211
-0.00538065
-0.00598997
-0.00643881
-0.00671859
-0.00682238
-0.00674488
-0.00648236
-0.00603262
-0.00539487
-0.00456973
-0.00355917
-0.00236636
-0.000995689
0.000547374
0.00225632
0.00412364
0.00614095
0.00829894
0.0105875
0.0129959
0.0155124
0.018125
0.0208208
0.0235867
0.0264089
0.0292732
0.0321652
0.0350702
0.0379732
0.0408592
0.0437132
0.0465201
0.0492651
0.0519334
0.0545107
0.0569831
0.0593372
0.0615603
0.0636402
0.0655659
0.067327
0.0689145
0.0703203
0.0715377
0.0725616
0.073388
0.0740149
0.0744417
0.0746696
0.0747017
0.0745431
0.0742007
0.0736833
0.0730018
0.0721687
0.0711986
0.0701077
0.0689135
0.0676349
0.0662916
0.064904
0.0634919
0.0620743
0.0606759
0.0593188
0.0579197
0.0563977
0.0133077
0.0113531
0.00964272
0.00806571
0.0064994
0.00496201
0.00347507
0.0020516
0.000705213
-0.00054966
-0.00169894
-0.00272927
-0.00362828
-0.00438476
-0.00498877
-0.00543175
-0.00570653
-0.00580739
-0.00572998
-0.00547135
-0.0050299
-0.00440531
-0.00359853
-0.00261169
-0.00144809
-0.000112086
0.00139094
0.00305462
0.00487171
0.00683406
0.00893272
0.011158
0.0134993
0.0159457
0.0184854
0.021106
0.0237949
0.0265388
0.029324
0.0321367
0.0349625
0.037787
0.0405957
0.043374
0.0461072
0.048781
0.0513811
0.0538936
0.0563048
0.0586018
0.060772
0.0628036
0.0646856
0.0664081
0.0679619
0.0693391
0.070533
0.0715382
0.0723508
0.0729682
0.0733896
0.0736156
0.0736489
0.0734935
0.0731554
0.0726424
0.0719639
0.0711309
0.070156
0.0690534
0.0678383
0.0665268
0.0651356
0.0636819
0.0621816
0.0606501
0.05911
0.0575805
0.0559507
0.0541178
0.0155082
0.0132383
0.01129
0.00953117
0.00781244
0.00614994
0.00456343
0.00306241
0.00165708
0.000358743
-0.000821394
-0.00187263
-0.00278496
-0.00354929
-0.00415755
-0.00460278
-0.00487921
-0.00498228
-0.00490864
-0.00465614
-0.00422382
-0.00361188
-0.00282163
-0.00185546
-0.000716818
0.000589877
0.00205927
0.0036851
0.00546027
0.00737686
0.00942616
0.0115987
0.0138845
0.0162727
0.018752
0.0213105
0.0239358
0.0266152
0.0293353
0.0320828
0.0348438
0.0376043
0.04035
0.0430669
0.0457407
0.0483573
0.0509028
0.0533636
0.0557264
0.0579782
0.060107
0.0621009
0.0639492
0.0656418
0.0671698
0.0685251
0.0697009
0.0706916
0.071493
0.0721023
0.0725181
0.0727406
0.0727715
0.0726142
0.0722737
0.0717567
0.0710711
0.0702267
0.0692343
0.068106
0.0668548
0.0654947
0.0640398
0.0625043
0.0609011
0.0592424
0.0575495
0.05584
0.0539769
0.0518373
0.0176433
0.0150651
0.0128795
0.0109351
0.0090571
0.00726044
0.00556375
0.00397362
0.00249732
0.00114348
-7.92093e-05
-0.00116241
-0.00209829
-0.00287967
-0.00350023
-0.00395455
-0.00423819
-0.00434774
-0.00428081
-0.00403609
-0.00361329
-0.00301314
-0.00223737
-0.00128868
-0.000170697
0.00111204
0.00255413
0.00414939
0.00589079
0.00777057
0.00978025
0.0119106
0.0141518
0.0164935
0.0189245
0.0214335
0.0240082
0.0266364
0.0293052
0.0320013
0.0347114
0.0374218
0.0401187
0.0427881
0.0454162
0.0479892
0.0504933
0.0529153
0.055242
0.0574606
0.0595591
0.0615259
0.0633501
0.0650218
0.0665317
0.0678719
0.0690353
0.070016
0.0708094
0.0714124
0.071823
0.0720409
0.0720669
0.0719038
0.0715555
0.0710274
0.0703266
0.0694611
0.0684403
0.0672745
0.0659749
0.0645532
0.0630214
0.0613915
0.0596738
0.0578778
0.0560243
0.0541297
0.0520332
0.0495929
0.0196797
0.0168006
0.0143802
0.0122482
0.0102065
0.00826922
0.00645436
0.00476612
0.00320933
0.00179031
0.000515549
-0.000608701
-0.00157654
-0.00238257
-0.0030221
-0.00349112
-0.00378647
-0.00390585
-0.00384786
-0.00361197
-0.00319859
-0.00260901
-0.00184539
-0.00091077
0.000190965
0.00145513
0.00287627
0.00444814
0.00616381
0.0080156
0.00999517
0.0120935
0.014301
0.0166075
0.0190021
0.0214738
0.0240107
0.0266007
0.0292313
0.0318895
0.0345624
0.0372364
0.039898
0.0425335
0.0451294
0.047672
0.0501478
0.0525436
0.0548464
0.0570435
0.0591229
0.0610729
0.0628828
0.0645423
0.0660422
0.0673743
0.0685311
0.0695066
0.0702957
0.0708948
0.0713014
0.0715143
0.071534
0.0713621
0.0710017
0.0704572
0.0697343
0.0688398
0.0677816
0.0665687
0.0652103
0.0637164
0.0620973
0.0603629
0.0585215
0.0565807
0.0545609
0.0524784
0.0501496
0.047415
0.0215885
0.0184163
0.015764
0.0134441
0.0112359
0.00915345
0.0072145
0.00542129
0.00377656
0.0022847
0.000950267
-0.000222331
-0.00122893
-0.00206575
-0.00272957
-0.00321775
-0.00352832
-0.00366004
-0.00361243
-0.00338581
-0.00298123
-0.00240058
-0.00164646
-0.000722296
0.000367776
0.00161887
0.00302541
0.0045811
0.006279
0.0081115
0.0100703
0.0121467
0.0143311
0.0166135
0.0189834
0.0214298
0.0239412
0.0265057
0.0291111
0.0317447
0.0343936
0.0370445
0.0396843
0.0422994
0.0448763
0.0474015
0.0498618
0.0522438
0.0545348
0.056722
0.0587932
0.060737
0.0625422
0.0641986
0.0656966
0.0670278
0.0681844
0.0691599
0.0699488
0.070547
0.0709513
0.07116
0.0711727
0.0709902
0.0706146
0.0700494
0.0692991
0.0683693
0.0672667
0.0659986
0.0645731
0.0629986
0.0612837
0.0594367
0.0574646
0.0553732
0.0531832
0.050911
0.0483518
0.0453292
0.0233448
0.0198866
0.0170059
0.0144984
0.0121223
0.00989161
0.00782432
0.00592099
0.00418264
0.00261199
0.00121193
-1.4755e-05
-0.00106545
-0.00193787
-0.00263011
-0.00314081
-0.00346913
-0.00361484
-0.00357837
-0.00336081
-0.00296391
-0.0023901
-0.00164249
-0.000724868
0.000358325
0.00160198
0.00300037
0.0045471
0.0062352
0.00805705
0.0100045
0.0120687
0.0142404
0.0165097
0.0188663
0.0212993
0.0237974
0.026349
0.0289419
0.0315638
0.0342017
0.0368429
0.0394739
0.0420817
0.0446526
0.0471735
0.0496308
0.0520115
0.0543026
0.0564914
0.0585657
0.0605137
0.0623241
0.0639865
0.0654911
0.0668289
0.067992
0.0689732
0.0697666
0.0703675
0.0707721
0.070978
0.070984
0.0707901
0.0703975
0.0698085
0.0690269
0.0680569
0.0669042
0.0655748
0.0640756
0.0624136
0.0605962
0.0586305
0.056522
0.0542757
0.0519125
0.0494497
0.0466621
0.0433572
0.0249266
0.0211887
0.018083
0.0153888
0.0128442
0.0104634
0.00826475
0.00624756
0.00441135
0.00275742
0.00128721
2.06856e-06
-0.00109678
-0.00200836
-0.00273205
-0.00326763
-0.00361531
-0.00377586
-0.00375055
-0.00354124
-0.00315035
-0.00258087
-0.00183639
-0.000921093
0.000160246
0.00140228
0.00279908
0.00434415
0.00603043
0.00785028
0.00979554
0.0118575
0.0140269
0.0162939
0.0186485
0.0210797
0.0235766
0.0261275
0.0287206
0.0313434
0.0339834
0.0366277
0.0392631
0.0418765
0.0444545
0.0469837
0.0494508
0.0518425
0.0541457
0.0563478
0.0584363
0.0603991
0.0622249
0.0639027
0.0654225
0.0667749
0.0679515
0.0689447
0.0697479
0.0703558
0.070764
0.0709694
0.0709699
0.0707648
0.0703543
0.0697399
0.0689241
0.0679106
0.0667035
0.0653081
0.0637299
0.0619751
0.0600499
0.0579605
0.0557114
0.0533067
0.0507685
0.0481145
0.0451003
0.0415177
0.026314
0.022302
0.0189743
0.0160947
0.0133815
0.0108494
0.00851746
0.00638377
0.00444665
0.00270617
0.0011625
-0.000184254
-0.00133414
-0.00228739
-0.00304452
-0.00360639
-0.00397422
-0.00414967
-0.00413486
-0.00393237
-0.00354527
-0.00297713
-0.00223201
-0.00131451
-0.000229732
0.0010167
0.00241864
0.00396946
0.00566197
0.0074885
0.00944084
0.0115103
0.0136877
0.0159632
0.0183269
0.020768
0.0232756
0.0258381
0.0284436
0.0310801
0.0337349
0.0363953
0.039048
0.04168
0.0442779
0.0468282
0.0493176
0.0517327
0.0540603
0.0562873
0.0584013
0.0603899
0.0622413
0.0639443
0.0654884
0.0668638
0.0680615
0.0690734
0.0698923
0.0705122
0.0709281
0.0711361
0.0711333
0.0709181
0.0704899
0.0698494
0.0689981
0.0679386
0.0666743
0.0652093
0.0635483
0.0616966
0.0596595
0.0574426
0.0550495
0.0524839
0.0497687
0.0469232
0.0436837
0.039827
0.0274888
0.0232073
0.0196604
0.0165967
0.0137151
0.0110312
0.00856467
0.00631274
0.00427263
0.00244336
0.000823996
-0.000586501
-0.0017893
-0.00278573
-0.00357737
-0.00416607
-0.00455401
-0.0047437
-0.00473805
-0.00454035
-0.00415431
-0.00358404
-0.00283411
-0.00190952
-0.000815725
0.000441362
0.00185537
0.00341948
0.00512639
0.00696833
0.00893704
0.0110238
0.0132194
0.0155143
0.0178982
0.0203607
0.0228907
0.0254769
0.0281074
0.0307701
0.0334524
0.0361417
0.0388247
0.0414882
0.0441189
0.0467031
0.0492275
0.0516784
0.0540425
0.0563065
0.0584575
0.0604829
0.0623706
0.0641089
0.0656868
0.067094
0.068321
0.069359
0.0702002
0.0708379
0.0712663
0.0714808
0.0714777
0.0712545
0.07081
0.0701437
0.0692565
0.0681499
0.0668265
0.0652896
0.0635431
0.0615914
0.0594394
0.0570919
0.0545521
0.0518234
0.04893
0.0458922
0.0424282
0.0382997
0.0284339
0.0238866
0.0201229
0.0168762
0.0138267
0.0109908
0.00838906
0.00601785
0.00387348
0.00195404
0.000257633
-0.00121781
-0.00247448
-0.00351472
-0.00434109
-0.00495638
-0.00536363
-0.00556619
-0.00556771
-0.00537219
-0.00498393
-0.00440761
-0.00364828
-0.00271135
-0.00160265
-0.000328385
0.00110482
0.00268995
0.00441955
0.00628574
0.00828019
0.0103941
0.0126183
0.0149432
0.0173585
0.0198538
0.0224181
0.02504
0.0277078
0.0304092
0.0331318
0.0358628
0.0385889
0.0412969
0.0439733
0.0466044
0.0491765
0.0516759
0.0540889
0.056402
0.0586018
0.0606756
0.0626105
0.0643946
0.0660163
0.0674647
0.0687296
0.0698018
0.0706726
0.0713345
0.0717811
0.0720069
0.0720075
0.0717796
0.0713209
0.0706303
0.0697077
0.0685538
0.0671706
0.0655605
0.0637266
0.061673
0.0594037
0.0569233
0.0542347
0.0513409
0.0482678
0.0450371
0.0413485
0.0369492
0.0291335
0.0243231
0.0203442
0.0169155
0.0136986
0.0107109
0.00797365
0.00548267
0.00323341
0.00122316
-0.000550873
-0.00209168
-0.00340238
-0.00448627
-0.00534681
-0.00598767
-0.00641273
-0.00662612
-0.00663222
-0.00643567
-0.0060414
-0.00545462
-0.00468088
-0.003726
-0.00259617
-0.00129793
0.000161851
0.00177593
0.00353668
0.00543609
0.00746574
0.00961677
0.0118799
0.0142455
0.0167034
0.019243
0.0218534
0.0245231
0.0272405
0.0299932
0.0327688
0.0355543
0.0383366
0.0411021
0.0438372
0.0465282
0.0491609
0.0517216
0.0541961
0.0565707
0.0588316
0.0609654
0.0629591
0.0648
0.0664759
0.0679755
0.0692878
0.0704027
0.0713111
0.0720046
0.0724759
0.0727187
0.0727278
0.0724991
0.0720295
0.0713169
0.0703605
0.0691604
0.0677175
0.0660337
0.0641116
0.0619546
0.0595664
0.0569513
0.0541121
0.0510516
0.0477972
0.0443723
0.0404585
0.0357881
0.0295717
0.0245001
0.0203074
0.0166974
0.0133137
0.0101743
0.00730163
0.00469081
0.00233659
0.000235484
-0.00161608
-0.00322196
-0.00458615
-0.00571279
-0.00660623
-0.00727096
-0.00771165
-0.00793319
-0.00794064
-0.00773931
-0.00733471
-0.0067326
-0.005939
-0.00496016
-0.00380266
-0.00247334
-0.000979358
0.000671818
0.00247238
0.00441414
0.00648858
0.00868673
0.0109993
0.0134164
0.015928
0.0185235
0.0211918
0.0239215
0.0267008
0.0295175
0.0323588
0.0352119
0.0380633
0.0408994
0.0437065
0.0464704
0.049177
0.051812
0.054361
0.0568098
0.0591442
0.0613504
0.0634147
0.0653239
0.0670652
0.0686264
0.069996
0.0711632
0.0721179
0.0728511
0.0733544
0.0736209
0.0736443
0.0734198
0.0729433
0.0722122
0.0712246
0.0699799
0.0684784
0.0667214
0.064711
0.0624499
0.0599418
0.0571907
0.0541992
0.0509702
0.0475329
0.0439123
0.0397716
0.0348285
0.0297335
0.0244015
0.0199957
0.016205
0.0126547
0.00936407
0.00635623
0.00362588
0.00116704
-0.00102444
-0.00295287
-0.00462291
-0.00603937
-0.00720722
-0.00813161
-0.00881784
-0.00927135
-0.00949773
-0.00950274
-0.00929232
-0.00887256
-0.00824977
-0.00743042
-0.00642124
-0.00522915
-0.00386133
-0.00232523
-0.000628561
0.00122067
0.00321411
0.00534308
0.00759851
0.00997098
0.0124506
0.0150272
0.0176901
0.0204283
0.0232302
0.0260839
0.0289771
0.0318971
0.0348307
0.0377644
0.0406845
0.0435768
0.0464271
0.0492209
0.0519435
0.0545803
0.0571164
0.0595373
0.0618286
0.0639759
0.0659654
0.0677838
0.0694179
0.0708556
0.0720852
0.0730959
0.0738775
0.0744211
0.0747187
0.0747632
0.0745488
0.0740707
0.0733252
0.0723099
0.0710234
0.0694653
0.0676363
0.0655379
0.0631728
0.0605442
0.057656
0.0545108
0.0511118
0.0474896
0.043671
0.0393012
0.0340824
0.0296035
0.0240113
0.0193925
0.0154213
0.0117048
0.0082632
0.00512065
0.0022713
-0.000291432
-0.00257235
-0.00457646
-0.00630918
-0.0077761
-0.00898299
-0.00993578
-0.0106405
-0.0111034
-0.0113307
-0.0113289
-0.0111045
-0.0106643
-0.010015
-0.00916358
-0.00811723
-0.00688327
-0.0054692
-0.00388277
-0.00213195
-0.000224954
0.00182968
0.00402311
0.00634614
0.00878923
0.0113424
0.0139954
0.0167375
0.0195575
0.0224438
0.0253844
0.028367
0.0313785
0.0344059
0.0374353
0.0404527
0.0434439
0.0463943
0.0492889
0.0521128
0.0548509
0.0574879
0.0600086
0.0623981
0.0646415
0.0667241
0.0686318
0.0703508
0.0718681
0.0731711
0.074248
0.075088
0.0756811
0.0760182
0.0760914
0.075894
0.0754203
0.0746658
0.0736272
0.0723024
0.0706904
0.0687913
0.0666064
0.0641377
0.0613884
0.0583624
0.0550622
0.0514912
0.0476819
0.0436629
0.0390606
0.0335622
0.0291665
0.0233134
0.0184812
0.0143295
0.0104469
0.00685459
0.00357785
0.000610294
-0.00205529
-0.00442432
-0.00650247
-0.00829588
-0.00981091
-0.0110541
-0.0120321
-0.0127517
-0.01322
-0.0134437
-0.0134302
-0.0131865
-0.0127198
-0.0120377
-0.0111475
-0.0100567
-0.00877323
-0.00730481
-0.00565952
-0.00384559
-0.00187148
0.000254089
0.0025221
0.00492321
0.00744776
0.0100857
0.0128266
0.0156596
0.0185735
0.0215567
0.0245969
0.0276817
0.030798
0.0339323
0.0370709
0.0401994
0.0433033
0.0463675
0.049377
0.0523163
0.0551696
0.0579215
0.060556
0.0630575
0.0654104
0.0675995
0.0696096
0.0714262
0.0730354
0.0744236
0.0755781
0.0764872
0.0771397
0.0775257
0.0776364
0.0774638
0.0770016
0.0762442
0.0751877
0.0738291
0.0721667
0.0702003
0.0679306
0.0653593
0.0624896
0.0593252
0.0558689
0.052124
0.0481251
0.0439025
0.0390636
0.0332803
0.0284067
0.0222913
0.017245
0.0129123
0.00886354
0.00512084
0.00171052
-0.00137428
-0.0041414
-0.00659684
-0.00874696
-0.0105986
-0.0121588
-0.013435
-0.0144345
-0.0151648
-0.0156338
-0.0158489
-0.0158181
-0.0155491
-0.0150498
-0.014328
-0.0133917
-0.0122489
-0.0109078
-0.00937651
-0.00766348
-0.00577719
-0.00372634
-0.00151986
0.000833068
0.00332295
0.00593997
0.00867396
0.0115144
0.0144503
0.0174704
0.0205629
0.0237155
0.0269156
0.0301499
0.0334048
0.0366663
0.0399197
0.0431503
0.0463427
0.0494814
0.0525503
0.0555335
0.0584146
0.0611773
0.0638052
0.0662819
0.0685914
0.0707177
0.0726455
0.0743596
0.0758458
0.0770902
0.07808
0.078803
0.0792484
0.0794061
0.0792673
0.0788246
0.0780716
0.0770033
0.0756162
0.073908
0.0718777
0.0695256
0.0668534
0.0638638
0.0605608
0.056947
0.0530262
0.0488348
0.044405
0.0393248
0.03325
0.0273083
0.0209284
0.0156665
0.0111522
0.00693705
0.00304417
-0.000499056
-0.00369998
-0.00656707
-0.0091069
-0.0113265
-0.0132334
-0.0148354
-0.0161407
-0.0171573
-0.0178937
-0.0183582
-0.0185591
-0.0185049
-0.0182041
-0.0176651
-0.0168963
-0.0159062
-0.0147033
-0.013296
-0.0116931
-0.00990311
-0.00793489
-0.00579738
-0.00349973
-0.00105131
0.00153821
0.00425891
0.00710047
0.0100523
0.0131032
0.0162419
0.0194564
0.0227343
0.0260629
0.0294286
0.0328178
0.0362161
0.0396086
0.0429803
0.0463154
0.0495979
0.0528114
0.0559392
0.0589646
0.0618704
0.0646396
0.0672551
0.0696997
0.0719569
0.0740102
0.0758434
0.0774412
0.0787887
0.0798719
0.0806776
0.0811938
0.0814093
0.0813142
0.0809001
0.0801596
0.0790869
0.0776776
0.0759287
0.0738386
0.0714073
0.0686361
0.0655276
0.0620859
0.0583135
0.0542146
0.0498276
0.0451866
0.0398594
0.0334855
0.0258544
0.0192073
0.0137281
0.00903114
0.00464921
0.000606299
-0.00306912
-0.00638491
-0.00935014
-0.011972
-0.0142582
-0.016217
-0.0178569
-0.0191869
-0.0202158
-0.0209528
-0.021407
-0.0215874
-0.0215032
-0.0211635
-0.0205774
-0.0197537
-0.0187016
-0.01743
-0.0159477
-0.0142638
-0.0123872
-0.0103272
-0.00809276
-0.00569342
-0.00313869
-0.000438392
0.00239738
0.0053582
0.00843332
0.0116116
0.0148814
0.0182307
0.0216471
0.0251174
0.0286283
0.0321657
0.0357149
0.039261
0.0427883
0.046281
0.0497224
0.0530957
0.0563837
0.0595688
0.0626334
0.0655595
0.0683292
0.0709247
0.0733282
0.0755221
0.0774894
0.0792135
0.0806784
0.0818688
0.0827704
0.0833699
0.0836551
0.0836148
0.0832395
0.0825208
0.0814519
0.0800275
0.078244
0.0760992
0.0735925
0.0707248
0.0674988
0.0639185
0.0599865
0.0557072
0.0511211
0.0462641
0.0406835
0.0340019
0.0240278
0.0171101
0.0114114
0.00653049
0.00198117
-0.00221169
-0.00601854
-0.00944776
-0.0125091
-0.0152103
-0.0175598
-0.0195666
-0.02124
-0.0225898
-0.0236255
-0.0243572
-0.0247946
-0.0249477
-0.0248263
-0.02444
-0.0237987
-0.0229118
-0.0217889
-0.0204394
-0.0188726
-0.0170981
-0.015125
-0.0129628
-0.0106209
-0.00810906
-0.00543692
-0.0026145
0.000347966
0.00343994
0.00665054
0.0099685
0.0133821
0.0168793
0.0204473
0.0240731
0.027743
0.0314426
0.0351572
0.0388715
0.0425695
0.0462349
0.0498507
0.0533995
0.0568635
0.0602245
0.063464
0.0665634
0.0695038
0.0722664
0.0748325
0.0771833
0.0793007
0.0811668
0.0827644
0.084077
0.0850889
0.0857856
0.0861534
0.0861802
0.085855
0.0851684
0.0841127
0.0826815
0.0808704
0.0786765
0.0760988
0.0731379
0.0697961
0.0660775
0.0619849
0.0575228
0.0527338
0.0476558
0.0418147
0.0348155
0.0218105
0.0146181
0.00869715
0.00363084
-0.00108664
-0.0054294
-0.00936687
-0.012908
-0.016063
-0.0188406
-0.0212497
-0.0233002
-0.0250022
-0.0263662
-0.0274027
-0.0281225
-0.0285361
-0.0286544
-0.0284877
-0.0280466
-0.0273414
-0.0263822
-0.0251792
-0.0237422
-0.0220812
-0.0202058
-0.0181257
-0.0158507
-0.0133905
-0.010755
-0.00795406
-0.00499789
-0.00189687
0.00133835
0.00469678
0.00816705
0.0117374
0.0153955
0.0191287
0.0229236
0.0267664
0.0306427
0.0345373
0.0384347
0.0423187
0.0461724
0.0499784
0.0537189
0.0573753
0.0609289
0.0643603
0.06765
0.0707782
0.0737252
0.076471
0.0789959
0.0812804
0.0833054
0.0850523
0.0865032
0.087641
0.0884498
0.0889147
0.089022
0.0887595
0.0881167
0.0870845
0.0856558
0.083825
0.0815888
0.0789453
0.0758948
0.0724395
0.0685833
0.0643291
0.0596817
0.0546858
0.0493813
0.0432717
0.0359442
0.0191836
0.0117117
0.00556549
0.000311932
-0.00457461
-0.00906731
-0.0131345
-0.0167857
-0.020032
-0.0228825
-0.0253472
-0.0274365
-0.0291615
-0.0305336
-0.0315642
-0.0322648
-0.032647
-0.0327222
-0.0325017
-0.0319967
-0.0312183
-0.0301773
-0.0288842
-0.0273496
-0.0255838
-0.0235968
-0.0213989
-0.0190001
-0.0164103
-0.0136396
-0.0106982
-0.00759641
-0.00434474
-0.000953965
0.00256484
0.00620021
0.00994027
0.0137727
0.0176846
0.0216625
0.0256925
0.0297599
0.0338495
0.0379453
0.0420308
0.0460887
0.0501012
0.05405
0.0579158
0.0616792
0.0653199
0.0688177
0.0721518
0.0753013
0.0782451
0.0809623
0.0834321
0.0856339
0.0875478
0.0891544
0.0904351
0.0913724
0.09195
0.0921526
0.0919668
0.0913806
0.0903837
0.0889678
0.0871265
0.0848554
0.0821522
0.0790165
0.0754504
0.0714577
0.0670411
0.0622058
0.0569987
0.0514617
0.0450752
0.0374074
0.0161271
0.00837051
0.00199545
-0.00344742
-0.0085041
-0.0131468
-0.0173428
-0.0211022
-0.0244368
-0.0273566
-0.0298721
-0.0319949
-0.0337369
-0.0351103
-0.0361275
-0.036801
-0.0371432
-0.0371664
-0.0368827
-0.0363042
-0.0354426
-0.0343093
-0.0329156
-0.0312726
-0.029391
-0.0272814
-0.0249543
-0.02242
-0.019689
-0.0167713
-0.0136774
-0.0104179
-0.0070032
-0.00344434
0.00024757
0.00406099
0.00798399
0.0120041
0.0161085
0.0202835
0.0245151
0.0287884
0.033088
0.0373976
0.0417005
0.045979
0.0502147
0.0543888
0.0584815
0.0624725
0.0663409
0.0700653
0.0736241
0.0769951
0.0801561
0.083085
0.0857593
0.0881572
0.0902572
0.0920382
0.0934801
0.0945637
0.095271
0.0955854
0.0954916
0.0949762
0.0940276
0.0926362
0.0907945
0.0884972
0.0857411
0.0825254
0.0788518
0.0747239
0.0701445
0.0651187
0.0596959
0.05392
0.0472472
0.0392262
0.0126201
0.0045729
-0.00203496
-0.0076695
-0.0128975
-0.0176903
-0.0220141
-0.0258795
-0.0292993
-0.0322841
-0.0348454
-0.0369957
-0.0387478
-0.040115
-0.0411107
-0.0417483
-0.0420412
-0.0420027
-0.0416458
-0.0409832
-0.0400275
-0.038791
-0.0372854
-0.0355225
-0.0335135
-0.0312694
-0.0288013
-0.0261197
-0.0232352
-0.0201584
-0.0168997
-0.0134699
-0.00987968
-0.00613996
-0.00226202
0.00174258
0.00586186
0.0100833
0.014394
0.0187804
0.023228
0.0277221
0.032247
0.0367863
0.0413227
0.0458383
0.0503144
0.0547313
0.0590688
0.0633059
0.0674208
0.0713912
0.0751944
0.0788069
0.0822055
0.0853663
0.0882658
0.0908803
0.0931867
0.0951624
0.0967853
0.0980345
0.0988903
0.0993342
0.0993492
0.0989204
0.0980346
0.0966808
0.0948501
0.0925363
0.0897353
0.0864456
0.0826683
0.0784071
0.0736645
0.0684458
0.0628026
0.056781
0.049812
0.041424
0.00864043
0.000296127
-0.00654896
-0.0123778
-0.0177786
-0.0227216
-0.0271719
-0.031141
-0.0346423
-0.0376875
-0.0402889
-0.04246
-0.0442148
-0.0455675
-0.0465326
-0.0471247
-0.0473582
-0.0472473
-0.046806
-0.046048
-0.0449867
-0.043635
-0.0420055
-0.0401105
-0.0379618
-0.035571
-0.0329493
-0.0301078
-0.0270574
-0.0238089
-0.0203728
-0.01676
-0.0129813
-0.00904777
-0.00497067
-0.000761592
0.00356746
0.00800402
0.0125351
0.017147
0.0218254
0.0265554
0.0313211
0.0361058
0.0408922
0.0456619
0.0503957
0.0550735
0.0596744
0.0641766
0.0685576
0.0727941
0.0768621
0.0807372
0.0843946
0.0878091
0.0909555
0.0938086
0.0963433
0.0985353
0.100361
0.101796
0.102821
0.103414
0.103556
0.103231
0.102424
0.101123
0.0993159
0.0969966
0.0941597
0.0908028
0.0869267
0.0825346
0.0776288
0.0722147
0.0663462
0.0600719
0.052796
0.0440259
0.00416485
-0.00448388
-0.0115711
-0.0175971
-0.0231722
-0.0282655
-0.032841
-0.0369111
-0.04049
-0.0435903
-0.0462255
-0.04841
-0.0501591
-0.0514881
-0.0524127
-0.0529487
-0.0531115
-0.0529166
-0.0523789
-0.0515132
-0.0503336
-0.048854
-0.0470877
-0.0450477
-0.0427463
-0.0401957
-0.0374075
-0.0343931
-0.0311638
-0.0277304
-0.0241038
-0.020295
-0.0163148
-0.0121743
-0.00788472
-0.00345773
0.00109473
0.0057602
0.0105257
0.0153776
0.0203016
0.0252826
0.0303047
0.0353511
0.0404041
0.045445
0.0504543
0.0554114
0.0602947
0.0650817
0.069749
0.0742724
0.0786267
0.0827864
0.086725
0.0904161
0.0938325
0.0969474
0.0997339
0.102165
0.104216
0.105861
0.107077
0.10784
0.10813
0.107929
0.107218
0.105985
0.104216
0.101904
0.0990412
0.0956252
0.0916557
0.0871356
0.082067
0.0764553
0.0703567
0.0638221
0.0562281
0.0470599
-0.000831422
-0.00979263
-0.0171274
-0.0233539
-0.0291048
-0.0343485
-0.0390478
-0.0432158
-0.0468678
-0.0500174
-0.0526792
-0.0548689
-0.0566029
-0.057898
-0.0587711
-0.0592392
-0.0593191
-0.0590274
-0.0583802
-0.0573933
-0.0560819
-0.0544607
-0.0525438
-0.0503449
-0.0478771
-0.0451529
-0.0421844
-0.0389836
-0.0355617
-0.0319301
-0.0280997
-0.0240814
-0.0198863
-0.0155254
-0.01101
-0.00635149
-0.00156191
0.00334641
0.00836055
0.0134669
0.0186513
0.0238986
0.0291928
0.0345171
0.0398535
0.0451831
0.050486
0.0557411
0.0609263
0.0660183
0.0709928
0.0758247
0.0804877
0.0849549
0.0891984
0.09319
0.096901
0.100303
0.103366
0.106062
0.108363
0.110242
0.111672
0.112629
0.11309
0.113032
0.112438
0.111291
0.109577
0.107285
0.104409
0.100943
0.0968865
0.0922422
0.0870116
0.0812001
0.0748665
0.0680637
0.0601396
0.0505562
-0.00637462
-0.0156572
-0.0232454
-0.0296759
-0.0356046
-0.0409987
-0.04582
-0.0500825
-0.0538026
-0.0569949
-0.0596753
-0.0618609
-0.0635695
-0.0648192
-0.0656286
-0.0660159
-0.0659993
-0.0655968
-0.0648258
-0.0637031
-0.0622451
-0.0604675
-0.0583852
-0.0560126
-0.0533636
-0.0504513
-0.0472882
-0.0438866
-0.0402582
-0.0364143
-0.0323662
-0.0281249
-0.0237013
-0.0191064
-0.0143515
-0.00944784
-0.00440734
0.000757795
0.00603477
0.0114102
0.0168698
0.0223986
0.0279807
0.0335992
0.039236
0.0448719
0.0504867
0.056059
0.0615659
0.0669836
0.0722869
0.0774497
0.0824446
0.0872431
0.0918162
0.0961338
0.100165
0.10388
0.107247
0.110234
0.112813
0.114952
0.116623
0.117799
0.118454
0.118564
0.118108
0.117067
0.115425
0.113171
0.110293
0.106788
0.102653
0.0978887
0.0924977
0.0864847
0.0799109
0.072832
0.064565
0.0545482
-0.0124926
-0.0221064
-0.0299548
-0.0365932
-0.0427016
-0.048246
-0.0531874
-0.0575403
-0.0613227
-0.0645503
-0.0672403
-0.0694114
-0.071083
-0.0722747
-0.0730067
-0.0732988
-0.0731708
-0.0726422
-0.0717315
-0.0704571
-0.0688365
-0.0668863
-0.0646227
-0.0620607
-0.0592149
-0.056099
-0.0527261
-0.0491088
-0.0452591
-0.0411886
-0.0369086
-0.0324301
-0.0277641
-0.0229215
-0.0179134
-0.0127509
-0.00744562
-0.0020097
0.00354432
0.00920317
0.0149529
0.0207785
0.0266643
0.0325933
0.0385474
0.0445074
0.0504527
0.0563614
0.0622103
0.0679749
0.0736292
0.079146
0.0844968
0.0896518
0.0945802
0.0992504
0.10363
0.107686
0.111384
0.114692
0.117577
0.120005
0.121946
0.123369
0.124245
0.124548
0.124254
0.123341
0.121792
0.119592
0.116729
0.113196
0.10899
0.104113
0.0985634
0.0923474
0.0855287
0.0781651
0.0695419
0.0590722
-0.0192151
-0.0291711
-0.037287
-0.0441376
-0.0504277
-0.0561225
-0.0611814
-0.0656204
-0.0694585
-0.0727129
-0.0754024
-0.0775473
-0.0791687
-0.0802882
-0.0809275
-0.0811085
-0.0808526
-0.0801807
-0.0791132
-0.0776696
-0.0758689
-0.0737289
-0.0712666
-0.0684981
-0.0654388
-0.062103
-0.0585043
-0.0546557
-0.0505694
-0.0462573
-0.0417307
-0.0370007
-0.0320782
-0.0269739
-0.0216986
-0.0162635
-0.0106797
-0.00495912
0.000886033
0.00684274
0.0128972
0.0190349
0.02524
0.0314958
0.0377843
0.0440861
0.0503804
0.0566452
0.0628568
0.0689899
0.0750178
0.0809124
0.0866439
0.0921813
0.0974922
0.102543
0.107299
0.111726
0.115787
0.119446
0.122667
0.125416
0.127657
0.129356
0.130483
0.131008
0.130902
0.130143
0.128709
0.126583
0.123751
0.120205
0.11594
0.110955
0.10525
0.0988304
0.0917618
0.0841049
0.0751114
0.0641681
-0.0265738
-0.0368841
-0.0452757
-0.0523433
-0.0588175
-0.0646622
-0.069836
-0.0743558
-0.078242
-0.0815136
-0.0841911
-0.0862965
-0.0878531
-0.0888843
-0.0894141
-0.0894662
-0.0890638
-0.0882299
-0.0869864
-0.0853546
-0.0833546
-0.0810058
-0.0783263
-0.0753331
-0.0720424
-0.0684693
-0.0646278
-0.0605314
-0.0561926
-0.0516234
-0.0468351
-0.0418389
-0.0366454
-0.0312653
-0.0257091
-0.0199875
-0.0141114
-0.00809231
-0.00194207
0.0043267
0.0107006
0.0171652
0.0237052
0.030304
0.0369437
0.043605
0.0502672
0.0569077
0.0635026
0.0700261
0.0764509
0.0827476
0.0888856
0.0948323
0.100554
0.106015
0.111178
0.116007
0.120462
0.124505
0.128097
0.1312
0.133774
0.135784
0.137193
0.13797
0.138083
0.137504
0.13621
0.134181
0.1314
0.127856
0.123543
0.11846
0.112604
0.10598
0.0986564
0.0906973
0.0813185
0.0698795
-0.0346025
-0.0452809
-0.0539573
-0.0612471
-0.0679078
-0.0739021
-0.0791874
-0.0837819
-0.0877077
-0.0909855
-0.0936377
-0.0956887
-0.0971638
-0.0980888
-0.0984899
-0.0983931
-0.0978238
-0.0968069
-0.0953664
-0.0935252
-0.0913052
-0.088727
-0.0858101
-0.0825725
-0.0790313
-0.0752023
-0.0711001
-0.0667386
-0.0621306
-0.0572881
-0.0522227
-0.0469451
-0.0414661
-0.0357959
-0.0299447
-0.0239229
-0.0177409
-0.0114097
-0.00494062
0.00165415
0.00836167
0.015168
0.0220582
0.0290159
0.0360236
0.0430621
0.0501105
0.0571465
0.0641457
0.0710818
0.0779269
0.0846508
0.0912216
0.0976055
0.103767
0.109668
0.115271
0.120535
0.12542
0.129882
0.13388
0.137372
0.140316
0.142672
0.1444
0.145462
0.145826
0.145459
0.144333
0.142426
0.139717
0.136194
0.131848
0.126675
0.120673
0.113845
0.106263
0.0979922
0.0882125
0.0762541
-0.0433378
-0.0543996
-0.0633711
-0.0708889
-0.0777387
-0.0838819
-0.0892747
-0.0939369
-0.0978923
-0.101164
-0.103776
-0.105755
-0.10713
-0.107928
-0.108179
-0.107911
-0.107152
-0.105929
-0.104268
-0.102194
-0.0997313
-0.0969013
-0.0937249
-0.0902217
-0.0864094
-0.0823047
-0.0779229
-0.0732781
-0.0683834
-0.063251
-0.0578923
-0.0523181
-0.0465387
-0.040564
-0.0344039
-0.0280682
-0.0215668
-0.01491
-0.00810868
-0.00117431
0.00588077
0.0130432
0.0202984
0.0276307
0.0350227
0.0424557
0.0499089
0.05736
0.0647843
0.0721554
0.0794446
0.0866211
0.0936518
0.100502
0.107133
0.113507
0.119583
0.125318
0.130667
0.135586
0.140029
0.14395
0.147303
0.150044
0.152128
0.153515
0.154165
0.154043
0.153117
0.15136
0.148749
0.145268
0.140905
0.135654
0.129512
0.122481
0.114636
0.106045
0.0958474
0.0833444
-0.0528189
-0.0642814
-0.0735594
-0.0813118
-0.0883534
-0.0946446
-0.10014
-0.104862
-0.108835
-0.112086
-0.11464
-0.116528
-0.117781
-0.11843
-0.118506
-0.118042
-0.117067
-0.115612
-0.113705
-0.111373
-0.108642
-0.105536
-0.102076
-0.0982843
-0.0941788
-0.0897774
-0.0850957
-0.0801484
-0.0749488
-0.0695092
-0.0638408
-0.0579542
-0.0518594
-0.0455659
-0.0390829
-0.0324197
-0.0255856
-0.0185902
-0.0114435
-0.00415637
0.0032597
0.010792
0.0184268
0.0261487
0.0339411
0.0417855
0.0496616
0.0575471
0.0654174
0.0732458
0.0810032
0.088658
0.0961762
0.103521
0.110655
0.117535
0.124119
0.130361
0.136214
0.14163
0.146558
0.15095
0.154755
0.157923
0.160406
0.162158
0.163135
0.163296
0.162606
0.161031
0.158546
0.15513
0.150768
0.145454
0.13918
0.131949
0.123837
0.114915
0.104282
0.0912078
-0.0630882
-0.0749711
-0.0845687
-0.0925627
-0.0997992
-0.106237
-0.11183
-0.116601
-0.120579
-0.123791
-0.126268
-0.128043
-0.12915
-0.129622
-0.129497
-0.128808
-0.127589
-0.125873
-0.123691
-0.121072
-0.118045
-0.114636
-0.110867
-0.106762
-0.102339
-0.0976185
-0.0926156
-0.0873457
-0.0818221
-0.0760573
-0.0700622
-0.0638473
-0.0574219
-0.0507951
-0.0439755
-0.0369715
-0.0297918
-0.022445
-0.0149404
-0.00728781
0.000502096
0.00841756
0.0164456
0.0245717
0.0327798
0.0410521
0.0493687
0.0577076
0.0660445
0.0743524
0.082602
0.0907612
0.098795
0.106666
0.114333
0.121754
0.128883
0.135671
0.142068
0.148023
0.153482
0.15839
0.162692
0.166334
0.169263
0.171426
0.172773
0.17326
0.172844
0.171488
0.16916
0.165837
0.161499
0.156137
0.149742
0.142313
0.133931
0.124669
0.113583
0.0999072
-0.0741921
-0.0865178
-0.0964494
-0.104693
-0.112128
-0.11871
-0.124393
-0.129203
-0.133169
-0.136324
-0.138701
-0.140336
-0.141268
-0.141535
-0.141177
-0.140231
-0.138736
-0.136726
-0.134237
-0.131301
-0.127947
-0.124205
-0.120099
-0.115653
-0.110888
-0.105824
-0.100477
-0.0948631
-0.0889957
-0.082887
-0.0765479
-0.0699884
-0.0632172
-0.0562428
-0.0490729
-0.0417152
-0.0341773
-0.026467
-0.0185924
-0.0105623
-0.00238639
0.00592471
0.014359
0.022903
0.0315416
0.0402575
0.0490316
0.0578425
0.0666659
0.0754754
0.0842411
0.0929307
0.101508
0.109936
0.11817
0.126168
0.133879
0.141254
0.14824
0.154779
0.160814
0.166287
0.171137
0.175304
0.178728
0.181352
0.18312
0.183979
0.183881
0.182784
0.180651
0.177452
0.173164
0.167773
0.161269
0.153647
0.144992
0.13538
0.12382
0.109512
-0.0861809
-0.0989749
-0.109257
-0.11776
-0.125395
-0.13212
-0.137885
-0.142719
-0.146656
-0.149731
-0.151981
-0.153447
-0.154172
-0.154199
-0.153572
-0.152333
-0.150525
-0.148185
-0.145354
-0.142065
-0.138351
-0.134244
-0.129769
-0.124954
-0.119819
-0.114386
-0.108671
-0.102691
-0.0964585
-0.0899868
-0.0832859
-0.0763652
-0.0692329
-0.0618966
-0.0543632
-0.0466392
-0.0387312
-0.0306458
-0.0223899
-0.0139712
-0.00539791
0.00332045
0.0121731
0.0211479
0.0302305
0.0394049
0.0486528
0.0579533
0.0672829
0.0766153
0.0859208
0.0951668
0.104317
0.113332
0.122168
0.130778
0.139113
0.147118
0.154736
0.161907
0.16857
0.17466
0.180112
0.184858
0.188834
0.191974
0.194216
0.1955
0.195771
0.194979
0.193082
0.190042
0.185833
0.180437
0.173837
0.16603
0.157101
0.147129
0.135073
0.120099
-0.09911
-0.112402
-0.123054
-0.131825
-0.139665
-0.146528
-0.152365
-0.157207
-0.161093
-0.16406
-0.166153
-0.167415
-0.167896
-0.167645
-0.166709
-0.165136
-0.162973
-0.160264
-0.157049
-0.153369
-0.149258
-0.14475
-0.139874
-0.134657
-0.129123
-0.123293
-0.117185
-0.110814
-0.104196
-0.0973414
-0.0902605
-0.082962
-0.0754535
-0.0677413
-0.0598314
-0.0517291
-0.0434397
-0.0349684
-0.0263209
-0.0175032
-0.00852221
0.000613974
0.00989608
0.0193132
0.0288526
0.0384993
0.048236
0.058043
0.0678975
0.0777736
0.0876421
0.0974702
0.107221
0.116855
0.126327
0.135589
0.144587
0.153266
0.161565
0.16942
0.176764
0.183527
0.189638
0.195025
0.199613
0.20333
0.206107
0.207874
0.20857
0.208136
0.206521
0.203683
0.199587
0.194211
0.187535
0.179551
0.170346
0.160003
0.147429
0.131751
-0.113041
-0.126864
-0.137907
-0.146958
-0.155006
-0.162003
-0.1679
-0.172731
-0.176539
-0.179368
-0.181266
-0.182285
-0.18248
-0.181904
-0.180613
-0.17866
-0.176096
-0.172971
-0.169329
-0.165215
-0.160666
-0.155718
-0.150404
-0.144752
-0.138787
-0.13253
-0.126002
-0.119217
-0.11219
-0.104932
-0.0974522
-0.0897593
-0.0818593
-0.0737576
-0.0654588
-0.0569669
-0.0482856
-0.0394186
-0.03037
-0.0211442
-0.0117464
-0.00218308
0.0075382
0.0174081
0.0274155
0.037547
0.0477866
0.0581158
0.0685127
0.0789525
0.0894064
0.0998418
0.110222
0.120507
0.130649
0.140601
0.150305
0.159705
0.168734
0.177326
0.185408
0.192906
0.19974
0.205832
0.211099
0.215461
0.218839
0.221156
0.222339
0.222321
0.221043
0.218454
0.214512
0.209188
0.202456
0.194305
0.184825
0.174102
0.160985
0.144562
-0.128041
-0.142434
-0.153894
-0.163237
-0.171495
-0.17862
-0.184562
-0.189358
-0.193059
-0.195712
-0.197374
-0.198103
-0.197961
-0.19701
-0.195312
-0.192925
-0.189908
-0.186315
-0.182197
-0.1776
-0.172568
-0.167138
-0.161346
-0.155222
-0.148791
-0.142078
-0.1351
-0.127875
-0.120416
-0.112734
-0.104837
-0.0967331
-0.0884269
-0.0799225
-0.0712231
-0.0623309
-0.0532482
-0.0439768
-0.034519
-0.0248772
-0.0150549
-0.00505652
0.00511221
0.0154439
0.0259291
0.0365563
0.0473113
0.0581768
0.0691326
0.0801547
0.0912154
0.102283
0.11332
0.124286
0.135135
0.145816
0.15627
0.166438
0.17625
0.185636
0.194518
0.202814
0.21044
0.217307
0.223327
0.228409
0.232463
0.235402
0.237143
0.237609
0.23673
0.234444
0.230702
0.225466
0.218705
0.210402
0.200649
0.189534
0.175848
0.158635
-0.144187
-0.159195
-0.171099
-0.180748
-0.189219
-0.196464
-0.202432
-0.207166
-0.210722
-0.213156
-0.214532
-0.214917
-0.214382
-0.212996
-0.210829
-0.207949
-0.204419
-0.200301
-0.195651
-0.19052
-0.184954
-0.178996
-0.172683
-0.166046
-0.159114
-0.15191
-0.144454
-0.136762
-0.128847
-0.120719
-0.112387
-0.103855
-0.0951283
-0.0862087
-0.0770976
-0.0677958
-0.0583033
-0.04862
-0.0387461
-0.0286821
-0.0184291
-0.00798946
0.00263328
0.0134339
0.024405
0.0355372
0.0468182
0.0582328
0.0697621
0.081384
0.0930717
0.104794
0.116516
0.128195
0.139785
0.151234
0.162483
0.173469
0.184119
0.194358
0.204104
0.213268
0.221759
0.22948
0.236333
0.242216
0.247029
0.250673
0.253053
0.254079
0.253669
0.25175
0.248262
0.243158
0.236398
0.227961
0.217939
0.206422
0.192138
0.174084
-0.161563
-0.177239
-0.18962
-0.19959
-0.208277
-0.215631
-0.221602
-0.226239
-0.229606
-0.231769
-0.232801
-0.232779
-0.231783
-0.229894
-0.22719
-0.223747
-0.219638
-0.214931
-0.209686
-0.203962
-0.197809
-0.191272
-0.18439
-0.177199
-0.169726
-0.161997
-0.154031
-0.145844
-0.137449
-0.128854
-0.120067
-0.111092
-0.101931
-0.0925844
-0.0830519
-0.073332
-0.0634227
-0.0533216
-0.0430265
-0.0325355
-0.0218475
-0.0109623
0.000119096
0.0113938
0.0228569
0.0345014
0.0463172
0.0582914
0.0704072
0.0826443
0.0949776
0.107377
0.119809
0.132231
0.144598
0.156855
0.168944
0.180798
0.192343
0.203499
0.214177
0.224283
0.233719
0.242378
0.250151
0.256927
0.262591
0.267033
0.270143
0.271816
0.271956
0.270477
0.267307
0.262386
0.255666
0.247116
0.236831
0.224902
0.209988
0.191038
-0.180268
-0.196671
-0.209567
-0.219874
-0.228777
-0.236226
-0.242172
-0.246671
-0.249797
-0.251627
-0.252246
-0.251742
-0.250209
-0.247737
-0.244417
-0.240334
-0.23557
-0.2302
-0.224293
-0.217911
-0.21111
-0.203938
-0.196438
-0.188646
-0.180592
-0.172301
-0.163793
-0.155083
-0.146182
-0.1371
-0.12784
-0.118406
-0.108797
-0.0990133
-0.0890508
-0.078906
-0.0685744
-0.0580512
-0.0473316
-0.0364111
-0.0252857
-0.0139526
-0.00241017
0.00934155
0.0213005
0.0334622
0.0458193
0.0583615
0.0710746
0.0839404
0.0969359
0.110033
0.123199
0.136394
0.149571
0.162677
0.175651
0.188426
0.200925
0.213062
0.224745
0.235873
0.246339
0.256027
0.264818
0.272587
0.279206
0.28455
0.288491
0.290911
0.291695
0.290742
0.287963
0.283287
0.276651
0.268017
0.257478
0.245127
0.229548
0.209639
-0.20041
-0.217613
-0.231065
-0.241727
-0.250847
-0.258372
-0.264257
-0.268567
-0.271389
-0.272812
-0.272936
-0.271864
-0.269702
-0.266557
-0.262529
-0.257718
-0.252213
-0.246099
-0.239453
-0.232343
-0.224828
-0.216962
-0.20879
-0.200349
-0.19167
-0.182779
-0.173694
-0.164432
-0.155002
-0.14541
-0.13566
-0.125752
-0.115685
-0.105454
-0.0950548
-0.0844799
-0.0737225
-0.062775
-0.0516297
-0.040279
-0.0287163
-0.0169355
-0.00493197
0.00729726
0.0197532
0.0324345
0.045337
0.0584531
0.0717716
0.0852771
0.0989493
0.112763
0.126685
0.14068
0.1547
0.168694
0.1826
0.196349
0.209861
0.223049
0.235813
0.248048
0.259636
0.270453
0.280368
0.289241
0.29693
0.303292
0.308183
0.311463
0.313
0.312672
0.310372
0.306012
0.299516
0.290832
0.280052
0.26727
0.250986
0.230048
-0.222117
-0.240201
-0.254259
-0.265297
-0.274629
-0.282207
-0.287985
-0.292045
-0.294485
-0.295414
-0.294946
-0.293203
-0.290308
-0.286383
-0.281545
-0.275903
-0.269562
-0.262613
-0.255143
-0.247226
-0.238927
-0.230302
-0.2214
-0.212258
-0.202909
-0.193378
-0.183684
-0.17384
-0.163855
-0.153734
-0.143477
-0.133083
-0.122547
-0.111862
-0.10102
-0.0900119
-0.0788273
-0.0674555
-0.0558855
-0.0441068
-0.0321091
-0.0198834
-0.00742152
0.00528291
0.0182343
0.0314348
0.0448835
0.0585765
0.0725059
0.0866594
0.10102
0.115565
0.130265
0.145085
0.159981
0.174901
0.189784
0.20456
0.219148
0.233457
0.247383
0.260814
0.273624
0.285678
0.296832
0.306932
0.315821
0.323333
0.329306
0.333578
0.335992
0.336405
0.334689
0.330732
0.324441
0.315751
0.304747
0.291525
0.274495
0.252446
-0.245535
-0.264598
-0.279318
-0.290751
-0.30029
-0.307887
-0.313503
-0.317236
-0.319202
-0.319529
-0.318354
-0.31582
-0.31207
-0.307243
-0.301474
-0.294889
-0.287602
-0.279718
-0.27133
-0.262521
-0.25336
-0.243907
-0.234213
-0.224316
-0.21425
-0.204039
-0.193701
-0.183247
-0.172684
-0.162014
-0.151235
-0.140343
-0.12933
-0.118185
-0.106898
-0.0954562
-0.0838454
-0.0720518
-0.0600611
-0.0478589
-0.0354318
-0.0227667
-0.00985216
0.00332212
0.0167643
0.0304803
0.0444732
0.0587427
0.073285
0.0880916
0.103149
0.118438
0.133934
0.149602
0.165403
0.181286
0.197191
0.213048
0.228775
0.244278
0.25945
0.274172
0.28831
0.301718
0.314239
0.325704
0.335935
0.344747
0.351954
0.357367
0.360805
0.362096
0.361084
0.357635
0.351631
0.342987
0.331785
0.318116
0.300293
0.277039
-0.270835
-0.29099
-0.306437
-0.318286
-0.32802
-0.335594
-0.340978
-0.344287
-0.345666
-0.345264
-0.343245
-0.339778
-0.335029
-0.329159
-0.322324
-0.314664
-0.30631
-0.297378
-0.287971
-0.278176
-0.26807
-0.257715
-0.247164
-0.236457
-0.225626
-0.214695
-0.203678
-0.192586
-0.181422
-0.170186
-0.158872
-0.147473
-0.135976
-0.124369
-0.112637
-0.100763
-0.0887302
-0.0765203
-0.0641155
-0.0514977
-0.0386495
-0.025554
-0.0121957
0.00143977
0.0153646
0.029589
0.0441203
0.0589626
0.0741163
0.0895775
0.105337
0.12138
0.137685
0.154222
0.170955
0.187835
0.204806
0.221797
0.238727
0.2555
0.272005
0.288118
0.303697
0.318586
0.332613
0.345593
0.357327
0.367608
0.376222
0.382951
0.387582
0.389912
0.389751
0.386934
0.381316
0.372786
0.361418
0.347297
0.328627
0.304063
-0.298217
-0.319597
-0.335846
-0.348132
-0.358042
-0.365536
-0.370597
-0.373367
-0.374018
-0.372733
-0.369707
-0.365139
-0.359223
-0.352148
-0.34409
-0.33521
-0.325653
-0.315548
-0.305008
-0.294128
-0.282988
-0.271654
-0.260179
-0.248604
-0.236959
-0.225267
-0.213539
-0.201783
-0.189998
-0.17818
-0.166321
-0.154407
-0.142425
-0.130355
-0.118181
-0.10588
-0.093432
-0.0808146
-0.0680058
-0.0549835
-0.041726
-0.0282124
-0.0144228
-0.000338511
0.0140572
0.028779
0.0438391
0.0592463
0.0750059
0.091119
0.107581
0.124383
0.141508
0.158931
0.176619
0.194529
0.212606
0.230783
0.24898
0.267099
0.285028
0.302637
0.319778
0.336285
0.35197
0.366632
0.38005
0.39199
0.402208
0.410454
0.416478
0.420035
0.4209
0.418868
0.413757
0.405427
0.393936
0.379362
0.359785
0.333786
-0.327916
-0.350681
-0.367816
-0.38056
-0.390615
-0.397954
-0.402578
-0.404661
-0.404414
-0.402059
-0.39783
-0.391963
-0.384686
-0.376217
-0.366758
-0.356492
-0.345581
-0.334167
-0.322372
-0.310298
-0.29803
-0.285636
-0.273168
-0.260667
-0.248161
-0.235668
-0.223199
-0.210754
-0.19833
-0.185919
-0.173507
-0.161076
-0.148608
-0.136081
-0.12347
-0.110751
-0.0978988
-0.0848863
-0.0716873
-0.0582752
-0.0446241
-0.0307085
-0.0165039
-0.00198701
0.0128637
0.028068
0.0436429
0.0596028
0.0759584
0.0927163
0.109878
0.12744
0.14539
0.163711
0.182375
0.201342
0.220564
0.239977
0.259502
0.279044
0.29849
0.317705
0.336537
0.354807
0.372317
0.388845
0.404148
0.417963
0.430013
0.440008
0.447656
0.452668
0.454768
0.453705
0.449252
0.441229
0.429674
0.414651
0.394101
0.366522
-0.360215
-0.384553
-0.402671
-0.415887
-0.426043
-0.433128
-0.437168
-0.438381
-0.437025
-0.433374
-0.427708
-0.420306
-0.41144
-0.401361
-0.3903
-0.378462
-0.366029
-0.353156
-0.339974
-0.326593
-0.313098
-0.29956
-0.28603
-0.272546
-0.259133
-0.245803
-0.232563
-0.21941
-0.206334
-0.193321
-0.180353
-0.167406
-0.154458
-0.141479
-0.128443
-0.115319
-0.102077
-0.088686
-0.0751145
-0.0613315
-0.0473063
-0.0330088
-0.0184097
-0.00348064
0.011805
0.0274722
0.0435436
0.0600393
0.076976
0.0943665
0.112219
0.130536
0.149313
0.168539
0.188192
0.208241
0.228642
0.249337
0.270251
0.291293
0.312349
0.333285
0.353942
0.374133
0.393647
0.412244
0.429656
0.44559
0.459731
0.471747
0.481294
0.488029
0.491617
0.49175
0.488142
0.480563
0.469021
0.453561
0.431963
0.402633
-0.395451
-0.421585
-0.440797
-0.454496
-0.464687
-0.471385
-0.474652
-0.474762
-0.472039
-0.466815
-0.45943
-0.450219
-0.439498
-0.42756
-0.414666
-0.40105
-0.386911
-0.372417
-0.357708
-0.342899
-0.328077
-0.313311
-0.29865
-0.284128
-0.269763
-0.255564
-0.241531
-0.227653
-0.213916
-0.200298
-0.186775
-0.173319
-0.1599
-0.146483
-0.133037
-0.119525
-0.105913
-0.092164
-0.078242
-0.0641112
-0.0497359
-0.035081
-0.0201121
-0.00479584
0.0109
0.0270059
0.0435504
0.0605599
0.0780575
0.0960629
0.114591
0.133653
0.153252
0.173383
0.194035
0.215184
0.236793
0.258811
0.281172
0.303788
0.326549
0.349322
0.371944
0.394223
0.415936
0.436824
0.456595
0.474924
0.491455
0.505806
0.517575
0.526353
0.531737
0.533344
0.530816
0.523858
0.512434
0.49656
0.473829
0.442546
-0.434033
-0.462231
-0.482663
-0.496841
-0.506972
-0.513105
-0.515354
-0.514071
-0.509657
-0.502524
-0.493084
-0.481737
-0.468853
-0.45477
-0.439787
-0.424163
-0.408115
-0.391827
-0.375444
-0.359083
-0.342831
-0.326755
-0.310897
-0.295284
-0.27993
-0.264836
-0.249991
-0.235379
-0.220978
-0.206759
-0.192689
-0.178735
-0.16486
-0.151024
-0.137188
-0.123311
-0.109352
-0.0952711
-0.0810255
-0.0665746
-0.0518777
-0.0368945
-0.0215854
-0.00591157
0.0101648
0.0266801
0.0436693
0.061165
0.0791976
0.0977942
0.116978
0.136767
0.157175
0.178207
0.199859
0.222118
0.244957
0.268336
0.292195
0.316456
0.341014
0.365741
0.390473
0.415016
0.439136
0.462559
0.484967
0.506002
0.525264
0.542315
0.556688
0.567896
0.575449
0.578875
0.577724
0.571613
0.560448
0.544201
0.520245
0.486767
-0.47646
-0.507045
-0.528836
-0.543474
-0.553404
-0.558734
-0.559649
-0.556602
-0.550097
-0.540644
-0.528745
-0.514876
-0.499472
-0.482921
-0.46556
-0.447674
-0.429502
-0.411235
-0.393025
-0.374986
-0.357204
-0.339738
-0.322622
-0.305876
-0.289502
-0.273491
-0.257825
-0.242478
-0.227417
-0.212607
-0.198006
-0.183573
-0.169263
-0.155032
-0.140832
-0.126618
-0.112343
-0.0979603
-0.0834229
-0.0686846
-0.0536995
-0.038422
-0.0228071
-0.00681029
0.0096119
0.0265021
0.0439016
0.0618503
0.0803857
0.0995432
0.119354
0.139847
0.161045
0.182962
0.205607
0.228979
0.253063
0.277829
0.303232
0.329202
0.355647
0.382443
0.409434
0.436424
0.463173
0.489393
0.514745
0.538837
0.561221
0.581398
0.598825
0.612926
0.623107
0.628782
0.629384
0.624416
0.613701
0.597147
0.571863
0.5359
-0.523348
-0.556708
-0.580015
-0.595061
-0.604591
-0.608795
-0.607962
-0.602679
-0.593584
-0.581311
-0.566469
-0.549625
-0.531289
-0.511902
-0.491843
-0.471423
-0.450895
-0.430459
-0.410265
-0.390426
-0.371018
-0.352089
-0.333663
-0.315748
-0.298332
-0.281396
-0.264909
-0.248834
-0.233128
-0.217745
-0.202635
-0.187749
-0.173035
-0.158439
-0.143909
-0.129392
-0.114836
-0.100188
-0.0853957
-0.0704079
-0.0551731
-0.0396403
-0.023759
-0.00747913
0.00924878
0.0264737
0.0442436
0.0626055
0.0816051
0.101286
0.12169
0.142853
0.164811
0.187591
0.211213
0.23569
0.261022
0.287194
0.314175
0.341911
0.370324
0.399302
0.428699
0.458322
0.487933
0.517234
0.545867
0.573407
0.599358
0.623156
0.644173
0.661725
0.675096
0.683559
0.686394
0.682957
0.672954
0.656198
0.629476
0.590676
-0.575464
-0.612072
-0.637065
-0.652419
-0.66126
-0.6639
-0.660778
-0.652657
-0.640349
-0.624642
-0.606279
-0.585932
-0.564191
-0.541557
-0.518448
-0.4952
-0.472075
-0.449275
-0.426947
-0.40519
-0.384069
-0.363616
-0.343841
-0.324733
-0.306268
-0.288409
-0.271112
-0.254328
-0.238001
-0.222074
-0.206489
-0.191185
-0.176103
-0.161181
-0.14636
-0.131582
-0.116786
-0.101914
-0.0869104
-0.0717163
-0.0562755
-0.0405316
-0.0244287
-0.00791103
0.009077
0.0265906
0.0446848
0.0634139
0.0828319
0.102991
0.123943
0.145736
0.168417
0.192025
0.216597
0.242159
0.26873
0.296312
0.324893
0.35444
0.384891
0.416155
0.448099
0.480546
0.513259
0.545942
0.578221
0.609644
0.639668
0.66766
0.692898
0.714577
0.731831
0.743759
0.749448
0.748056
0.739126
0.72233
0.694054
0.65199
-0.633774
-0.674209
-0.701065
-0.716553
-0.724288
-0.724769
-0.718641
-0.70691
-0.690611
-0.670726
-0.648152
-0.623685
-0.598003
-0.571667
-0.545129
-0.518743
-0.492776
-0.467422
-0.442814
-0.419035
-0.396129
-0.374108
-0.352959
-0.332653
-0.313144
-0.294381
-0.276301
-0.258839
-0.241929
-0.225499
-0.209481
-0.193804
-0.178399
-0.163198
-0.148134
-0.133141
-0.118153
-0.103107
-0.0879396
-0.072588
-0.0569904
-0.0410851
-0.0248106
-0.00810576
0.00909107
0.0268415
0.0452074
0.0642508
0.0840339
0.104619
0.126066
0.148438
0.171791
0.196182
0.221663
0.248277
0.276062
0.305044
0.335232
0.366617
0.399162
0.432801
0.467426
0.502877
0.538937
0.575314
0.611632
0.647416
0.682083
0.714931
0.745136
0.771757
0.79375
0.81
0.819348
0.820688
0.813331
0.796747
0.766804
0.720948
-0.699513
-0.744489
-0.77338
-0.788708
-0.794733
-0.792235
-0.782157
-0.765825
-0.744564
-0.719592
-0.691992
-0.662695
-0.632469
-0.601932
-0.571564
-0.541725
-0.512674
-0.484587
-0.457573
-0.431687
-0.406946
-0.383332
-0.360808
-0.339317
-0.318793
-0.29916
-0.280339
-0.262249
-0.244805
-0.227925
-0.211528
-0.195533
-0.179861
-0.164437
-0.149184
-0.134031
-0.118907
-0.10374
-0.0884636
-0.0730089
-0.057309
-0.0412973
-0.0249069
-0.00807104
0.00927755
0.0272068
0.0457854
0.0650831
0.0851704
0.106119
0.128
0.150888
0.174854
0.199968
0.226302
0.253918
0.282877
0.313227
0.345008
0.378237
0.412911
0.448995
0.486414
0.525041
0.564685
0.605075
0.645844
0.686509
0.726455
0.764916
0.800965
0.833509
0.8613
0.882961
0.897018
0.902013
0.896936
0.880948
0.849242
0.798945
-0.774282
-0.824681
-0.855752
-0.870436
-0.873874
-0.867267
-0.851982
-0.829776
-0.802341
-0.771184
-0.7376
-0.702663
-0.667229
-0.63196
-0.597349
-0.563746
-0.531385
-0.500408
-0.470887
-0.442838
-0.41624
-0.39104
-0.367165
-0.344529
-0.323039
-0.302594
-0.283095
-0.264439
-0.246529
-0.229266
-0.212556
-0.196309
-0.180436
-0.164851
-0.149474
-0.134224
-0.119023
-0.103797
-0.0884715
-0.0729737
-0.0572317
-0.0411738
-0.0247283
-0.00782327
0.00961427
0.0276582
0.046384
0.0658686
0.0861911
0.107433
0.129676
0.153006
0.17751
0.203275
0.230389
0.258939
0.289009
0.320675
0.354008
0.389061
0.425869
0.46444
0.504741
0.54669
0.590139
0.634855
0.680498
0.726596
0.772519
0.817452
0.860368
0.900016
0.934915
0.963372
0.983516
0.993422
0.991623
0.976826
0.943308
0.887758
-0.860187
-0.917113
-0.950428
-0.963683
-0.963249
-0.950965
-0.928799
-0.899082
-0.863971
-0.825312
-0.784632
-0.743147
-0.701787
-0.661236
-0.621975
-0.584317
-0.548451
-0.514466
-0.482377
-0.452151
-0.423712
-0.396966
-0.371798
-0.348087
-0.325707
-0.304532
-0.284437
-0.2653
-0.247006
-0.229441
-0.212499
-0.196078
-0.180078
-0.164407
-0.148976
-0.133698
-0.11849
-0.103271
-0.0879624
-0.0724871
-0.0567682
-0.0407298
-0.0242954
-0.00738822
0.0100698
0.0281583
0.046959
0.0665561
0.0870367
0.108491
0.131013
0.154701
0.179655
0.205981
0.233786
0.26318
0.294274
0.327176
0.36199
0.398814
0.437727
0.478786
0.522018
0.567399
0.614842
0.664174
0.715107
0.767208
0.819861
0.872223
0.92319
0.971349
1.01497
1.05199
1.08003
1.09657
1.09949
1.0868
1.05152
0.989704
-0.960066
-1.02489
-1.06034
-1.0709
-1.0647
-1.04455
-1.01327
-0.973952
-0.929312
-0.881587
-0.832542
-0.783517
-0.735481
-0.689103
-0.644813
-0.602857
-0.563345
-0.526287
-0.491626
-0.459256
-0.429043
-0.400835
-0.374471
-0.349789
-0.326627
-0.304829
-0.284245
-0.264731
-0.246154
-0.228385
-0.211303
-0.194796
-0.178756
-0.163081
-0.147676
-0.132446
-0.117305
-0.102166
-0.0869465
-0.0715643
-0.055939
-0.0399905
-0.0236383
-0.00680131
0.0106033
0.0286603
0.0474572
0.0670849
0.0876382
0.109217
0.131924
0.155871
0.181174
0.207953
0.236339
0.266464
0.298468
0.332494
0.368685
0.407185
0.448126
0.491628
0.537786
0.586654
0.638227
0.69242
0.74903
0.807699
0.867865
0.928703
0.989061
1.0474
1.10171
1.14954
1.18789
1.21343
1.22313
1.21401
1.17722
1.10786
-1.07783
-1.15226
-1.18938
-1.19517
-1.1804
-1.14933
-1.10597
-1.05437
-0.997945
-0.939334
-0.880515
-0.822901
-0.767444
-0.714737
-0.665106
-0.618682
-0.57546
-0.535343
-0.498175
-0.463764
-0.4319
-0.402367
-0.374949
-0.349439
-0.325636
-0.303352
-0.28241
-0.262645
-0.243903
-0.226042
-0.208928
-0.192436
-0.176451
-0.160864
-0.14557
-0.130474
-0.11548
-0.1005
-0.0854451
-0.0702316
-0.0547748
-0.0389914
-0.0227973
-0.00610754
0.0111645
0.0291083
0.0478165
0.067386
0.0879186
0.109522
0.132311
0.156406
0.181939
0.209048
0.237882
0.268601
0.301372
0.336375
0.373796
0.413828
0.456667
0.502503
0.551512
0.603846
0.659609
0.718832
0.781439
0.847197
0.915657
0.986073
1.05731
1.12775
1.19517
1.25664
1.30847
1.3463
1.36584
1.36256
1.32491
1.24644
-1.21902
-1.30511
-1.34272
-1.34037
-1.31284
-1.26657
-1.20718
-1.13995
-1.06904
-0.997479
-0.927376
-0.860126
-0.796563
-0.73712
-0.681947
-0.631001
-0.584118
-0.541057
-0.501539
-0.465268
-0.431946
-0.401283
-0.373005
-0.346853
-0.322586
-0.299983
-0.27884
-0.258971
-0.240202
-0.222376
-0.205349
-0.188985
-0.173161
-0.157759
-0.142673
-0.127798
-0.113038
-0.0982993
-0.0834914
-0.0685263
-0.0533173
-0.0377781
-0.0218219
-0.005361
0.0116948
0.0294385
0.0479673
0.067383
0.0877938
0.109315
0.132069
0.156189
0.181819
0.209114
0.238244
0.26939
0.302752
0.338546
0.377004
0.418371
0.462911
0.510894
0.562593
0.618273
0.678174
0.742483
0.811295
0.884567
0.962038
1.04314
1.12685
1.21158
1.29495
1.37363
1.44313
1.4978
1.53166
1.5379
1.50083
1.41136
-1.3918
-1.49185
-1.52733
-1.51131
-1.46475
-1.39729
-1.31671
-1.2297
-1.14117
-1.0544
-0.971492
-0.893648
-0.821444
-0.75503
-0.694287
-0.638928
-0.588577
-0.542816
-0.501216
-0.46336
-0.428852
-0.397321
-0.368429
-0.341866
-0.317349
-0.294626
-0.273465
-0.253658
-0.235017
-0.21737
-0.200561
-0.184447
-0.168897
-0.153788
-0.139009
-0.124451
-0.110016
-0.0956062
-0.0811299
-0.0664966
-0.0516179
-0.0364055
-0.0207708
-0.00462385
0.0121278
0.0295801
0.0478335
0.0669939
0.0871744
0.108496
0.131091
0.1551
0.180679
0.207998
0.237245
0.268627
0.302371
0.338729
0.377977
0.42042
0.466389
0.516242
0.57036
0.629141
0.692985
0.76227
0.837323
0.918361
1.00541
1.0982
1.196
1.29739
1.40003
1.50031
1.59294
1.67078
1.72562
1.74731
1.7138
1.61126
-1.60873
-1.72471
-1.7526
-1.71377
-1.63879
-1.54188
-1.43345
-1.32167
-1.21201
-1.10775
-1.01066
-0.921498
-0.840384
-0.767031
-0.700935
-0.641489
-0.588051
-0.539989
-0.496705
-0.457646
-0.422309
-0.390241
-0.361039
-0.334341
-0.309827
-0.287211
-0.266239
-0.246683
-0.228339
-0.211026
-0.194578
-0.178844
-0.163689
-0.148986
-0.134619
-0.120478
-0.106462
-0.0924724
-0.0784155
-0.0642002
-0.0497369
-0.0349366
-0.0197096
-0.0039648
0.0123916
0.0294573
0.0473348
0.066133
0.0859687
0.106968
0.129267
0.153017
0.178382
0.205546
0.234713
0.26611
0.299991
0.336642
0.376383
0.419573
0.466616
0.51796
0.5741
0.635581
0.702986
0.776924
0.858005
0.946789
1.04371
1.14896
1.2623
1.38278
1.50838
1.63551
1.75829
1.86803
1.95375
2.00057
1.9766
1.85938
-1.89007
-2.02188
-2.03104
-1.95434
-1.837
-1.69936
-1.55473
-1.41247
-1.27808
-1.15426
-1.04199
-0.941239
-0.851375
-0.771497
-0.700597
-0.637664
-0.581743
-0.531961
-0.487533
-0.447765
-0.412047
-0.379845
-0.350692
-0.324181
-0.299956
-0.277702
-0.257146
-0.238045
-0.220184
-0.203371
-0.187434
-0.172219
-0.157586
-0.143405
-0.129559
-0.115937
-0.102437
-0.0889602
-0.0754126
-0.0617031
-0.0477421
-0.0334408
-0.0187095
-0.003457
0.0124107
0.0289918
0.0463897
0.0647148
0.0840857
0.104631
0.126493
0.149825
0.174802
0.201615
0.230482
0.261647
0.295388
0.332018
0.371899
0.415441
0.463115
0.515456
0.573079
0.636679
0.707039
0.785028
0.87159
0.967713
1.07437
1.19241
1.32235
1.4641
1.61647
1.77646
1.93816
2.09161
2.22284
2.31063
2.30814
2.17696
-2.27057
-2.4109
-2.37886
-2.23952
-2.05943
-1.86619
-1.67543
-1.49667
-1.33431
-1.18955
-1.06188
-0.94996
-0.85213
-0.766661
-0.691921
-0.626431
-0.568888
-0.518162
-0.473283
-0.433418
-0.397855
-0.365988
-0.337296
-0.311332
-0.28771
-0.266098
-0.246205
-0.227777
-0.210592
-0.194453
-0.179185
-0.164631
-0.150649
-0.13711
-0.123896
-0.110897
-0.0980112
-0.0851408
-0.0721929
-0.0590775
-0.0457063
-0.0319915
-0.0178446
-0.00317562
0.0121087
0.0281056
0.0449181
0.0626563
0.081439
0.101396
0.12267
0.14542
0.169821
0.196075
0.224405
0.255069
0.288361
0.324619
0.364236
0.407665
0.455436
0.508167
0.566579
0.631518
0.703968
0.785073
0.876145
0.978671
1.09428
1.22469
1.37152
1.53603
1.71859
1.91777
2.12878
2.34153
2.53956
2.6942
2.73693
2.60033
-2.81312
-2.93356
-2.81504
-2.5729
-2.30128
-2.03392
-1.78638
-1.56583
-1.37358
-1.2079
-1.06587
-0.944295
-0.840137
-0.750671
-0.673554
-0.606809
-0.548782
-0.498096
-0.453609
-0.414369
-0.379581
-0.348579
-0.320804
-0.29578
-0.273104
-0.252429
-0.233457
-0.215931
-0.199624
-0.184338
-0.1699
-0.156151
-0.142952
-0.130176
-0.117705
-0.105433
-0.0932599
-0.0810895
-0.0688317
-0.0563987
-0.0437046
-0.0306638
-0.0171902
-0.00319602
0.0114097
0.0267221
0.0428421
0.0598779
0.0779466
0.0971766
0.11771
0.139704
0.163337
0.18881
0.216352
0.246225
0.278735
0.314234
0.353135
0.395925
0.443177
0.495573
0.553928
0.619215
0.692607
0.77551
0.869611
0.976928
1.09984
1.2411
1.40379
1.5911
1.80591
2.04983
2.3213
2.61266
2.9075
3.1707
3.30596
3.19488
-3.63209
-3.65029
-3.35763
-2.95027
-2.54884
-2.18661
-1.87295
-1.60793
-1.3866
-1.20241
-1.04897
-0.920696
-0.812904
-0.721795
-0.644309
-0.577996
-0.520891
-0.471417
-0.428299
-0.3905
-0.357171
-0.327612
-0.301242
-0.277574
-0.256198
-0.236767
-0.218983
-0.20259
-0.187365
-0.173114
-0.159665
-0.146866
-0.134581
-0.122686
-0.11107
-0.0996278
-0.0882633
-0.0768851
-0.0654062
-0.0537425
-0.0418113
-0.0295307
-0.0168179
-0.00358878
0.0102442
0.0247725
0.0400935
0.0563115
0.0735401
0.0919038
0.111541
0.132605
0.155272
0.179738
0.206231
0.235013
0.266389
0.300717
0.338416
0.37999
0.426035
0.477275
0.534585
0.599035
0.67194
0.754927
0.850018
0.959731
1.08721
1.23634
1.4119
1.6196
1.8659
2.15742
2.4991
2.8907
3.32214
3.75841
4.07682
4.07839
-4.93392
-4.64062
-4.01643
-3.35561
-2.77795
-2.3008
-1.91619
-1.60906
-1.36374
-1.16668
-1.00709
-0.876624
-0.768947
-0.679237
-0.60383
-0.539913
-0.485312
-0.438326
-0.397613
-0.362101
-0.330926
-0.303386
-0.278901
-0.256993
-0.237262
-0.219367
-0.203022
-0.187979
-0.174025
-0.160974
-0.148662
-0.136945
-0.125692
-0.114787
-0.104124
-0.093603
-0.0831338
-0.07263
-0.0620091
-0.0511918
-0.0401
-0.0286563
-0.0167827
-0.00439945
0.00857601
0.0222303
0.0366555
0.0519506
0.0682234
0.0855923
0.104189
0.12416
0.145673
0.168918
0.194114
0.221514
0.251414
0.284164
0.320178
0.359952
0.404087
0.45331
0.50852
0.57083
0.641633
0.722694
0.816269
0.925267
1.05348
1.20586
1.38895
1.6113
1.88398
2.2208
2.63782
3.1505
3.76664
4.46679
5.12954
5.46079
-7.17812
-6.0042
-4.75334
-3.7305
-2.93575
-2.33559
-1.88771
-1.5509
-1.29371
-1.09404
-0.93644
-0.810092
-0.707337
-0.622693
-0.55217
-0.492812
-0.442397
-0.399219
-0.361959
-0.329574
-0.301233
-0.276267
-0.254126
-0.234359
-0.21659
-0.200501
-0.185825
-0.17233
-0.159819
-0.148117
-0.137075
-0.126556
-0.116441
-0.106621
-0.0969969
-0.0874784
-0.0779801
-0.0684223
-0.0587285
-0.048825
-0.0386394
-0.0281
-0.0171342
-0.00566811
0.00637491
0.0190753
0.0325185
0.0467964
0.0620091
0.0782666
0.0956912
0.11442
0.134608
0.156433
0.180099
0.205842
0.233942
0.264726
0.298586
0.335992
0.377516
0.423858
0.475887
0.534692
0.601656
0.678557
0.767718
0.872216
0.996199
1.14535
1.32757
1.55405
1.84067
2.21012
2.69467
3.33687
4.18016
5.25642
6.56568
7.80736
-11.5602
-7.80266
-5.29306
-3.81998
-2.84176
-2.17228
-1.71134
-1.38441
-1.14417
-0.962299
-0.821114
-0.709142
-0.618724
-0.544596
-0.48304
-0.431358
-0.387546
-0.350086
-0.317807
-0.28979
-0.265305
-0.243763
-0.224682
-0.207665
-0.192381
-0.178552
-0.16594
-0.154343
-0.143584
-0.133511
-0.123989
-0.114898
-0.10613
-0.0975904
-0.089189
-0.0808447
-0.0724814
-0.0640274
-0.0554139
-0.0465748
-0.0374447
-0.0279592
-0.018053
-0.00765944
0.00329024
0.0148683
0.0271515
0.0402222
0.0541699
0.069093
0.0851006
0.102315
0.120874
0.140936
0.162681
0.18632
0.212099
0.240309
0.271296
0.305476
0.343356
0.385555
0.432846
0.486198
0.546849
0.616401
0.696966
0.791383
0.903552
1.03897
1.20562
1.41538
1.68654
2.04825
2.54906
3.26602
4.30366
5.85009
8.44991
12.3182
-18.9699
-9.55625
-5.06814
-3.24738
-2.28437
-1.70022
-1.32932
-1.07807
-0.896641
-0.759559
-0.652633
-0.567217
-0.497719
-0.440347
-0.392421
-0.351983
-0.317569
-0.288054
-0.262563
-0.240402
-0.221013
-0.203941
-0.188812
-0.175315
-0.163186
-0.152204
-0.142177
-0.132942
-0.124353
-0.116287
-0.10863
-0.101285
-0.0941599
-0.087175
-0.0802551
-0.0733311
-0.0663384
-0.0592155
-0.051904
-0.0443468
-0.0364882
-0.0282728
-0.0196445
-0.0105463
-0.000919393
0.00929796
0.020171
0.0317697
0.0441696
0.0574536
0.071713
0.0870498
0.103579
0.121429
0.140751
0.161714
0.18452
0.209402
0.236638
0.266558
0.299562
0.336136
0.376881
0.422545
0.474072
0.532677
0.599948
0.677998
0.769717
0.879175
1.01233
1.17832
1.39197
1.67957
2.09195
2.72597
3.75692
5.67367
10.2794
19.8164
)
;

boundaryField
{
    movingWall
    {
        type            zeroGradient;
    }
    fixedWalls
    {
        type            zeroGradient;
    }
    frontAndBack
    {
        type            empty;
    }
}


// ************************************************************************* //
