0.05 	0.0003125 	0.005 	-0.00205305 	6.77956e-07 	0
0.05 	0.0009375 	0.005 	-0.00603113 	4.22425e-06 	0
0.05 	0.0015625 	0.005 	-0.00989035 	1.1565e-05 	0
0.05 	0.0021875 	0.005 	-0.0136389 	2.17146e-05 	0
0.05 	0.0028125 	0.005 	-0.0172845 	3.40891e-05 	0
0.05 	0.0034375 	0.005 	-0.0208344 	4.83554e-05 	0
0.05 	0.0040625 	0.005 	-0.0242955 	6.42473e-05 	0
0.05 	0.0046875 	0.005 	-0.0276746 	8.15733e-05 	0
0.05 	0.0053125 	0.005 	-0.030978 	0.000100226 	0
0.05 	0.0059375 	0.005 	-0.0342119 	0.000120178 	0
0.05 	0.0065625 	0.005 	-0.037382 	0.000141483 	0
0.05 	0.0071875 	0.005 	-0.0404941 	0.000164265 	0
0.05 	0.0078125 	0.005 	-0.0435534 	0.000188728 	0
0.05 	0.0084375 	0.005 	-0.0465651 	0.000215144 	0
0.05 	0.0090625 	0.005 	-0.0495339 	0.000243857 	0
0.05 	0.0096875 	0.005 	-0.0524647 	0.000275281 	0
0.05 	0.0103125 	0.005 	-0.0553618 	0.000309895 	0
0.05 	0.0109375 	0.005 	-0.0582295 	0.00034825 	0
0.05 	0.0115625 	0.005 	-0.0610718 	0.000390958 	0
0.05 	0.0121875 	0.005 	-0.0638926 	0.0004387 	0
0.05 	0.0128125 	0.005 	-0.0666955 	0.000492219 	0
0.05 	0.0134375 	0.005 	-0.0694838 	0.000552321 	0
0.05 	0.0140625 	0.005 	-0.072261 	0.000619878 	0
0.05 	0.0146875 	0.005 	-0.07503 	0.00069582 	0
0.05 	0.0153125 	0.005 	-0.0777936 	0.00078114 	0
0.05 	0.0159375 	0.005 	-0.0805546 	0.000876893 	0
0.05 	0.0165625 	0.005 	-0.0833153 	0.000984189 	0
0.05 	0.0171875 	0.005 	-0.086078 	0.0011042 	0
0.05 	0.0178125 	0.005 	-0.0888448 	0.00123816 	0
0.05 	0.0184375 	0.005 	-0.0916174 	0.00138734 	0
0.05 	0.0190625 	0.005 	-0.0943975 	0.00155309 	0
0.05 	0.0196875 	0.005 	-0.0971864 	0.00173679 	0
0.05 	0.0203125 	0.005 	-0.0999854 	0.00193989 	0
0.05 	0.0209375 	0.005 	-0.102795 	0.00216389 	0
0.05 	0.0215625 	0.005 	-0.105617 	0.00241031 	0
0.05 	0.0221875 	0.005 	-0.108451 	0.00268074 	0
0.05 	0.0228125 	0.005 	-0.111297 	0.00297681 	0
0.05 	0.0234375 	0.005 	-0.114155 	0.00330017 	0
0.05 	0.0240625 	0.005 	-0.117025 	0.00365252 	0
0.05 	0.0246875 	0.005 	-0.119907 	0.00403557 	0
0.05 	0.0253125 	0.005 	-0.122799 	0.00445109 	0
0.05 	0.0259375 	0.005 	-0.125701 	0.00490084 	0
0.05 	0.0265625 	0.005 	-0.12861 	0.0053866 	0
0.05 	0.0271875 	0.005 	-0.131526 	0.00591018 	0
0.05 	0.0278125 	0.005 	-0.134446 	0.00647336 	0
0.05 	0.0284375 	0.005 	-0.137368 	0.00707795 	0
0.05 	0.0290625 	0.005 	-0.140289 	0.00772572 	0
0.05 	0.0296875 	0.005 	-0.143206 	0.00841845 	0
0.05 	0.0303125 	0.005 	-0.146117 	0.00915787 	0
0.05 	0.0309375 	0.005 	-0.149017 	0.00994569 	0
0.05 	0.0315625 	0.005 	-0.151902 	0.0107836 	0
0.05 	0.0321875 	0.005 	-0.154769 	0.0116731 	0
0.05 	0.0328125 	0.005 	-0.157613 	0.0126159 	0
0.05 	0.0334375 	0.005 	-0.160429 	0.0136134 	0
0.05 	0.0340625 	0.005 	-0.163213 	0.0146669 	0
0.05 	0.0346875 	0.005 	-0.165957 	0.0157778 	0
0.05 	0.0353125 	0.005 	-0.168658 	0.0169473 	0
0.05 	0.0359375 	0.005 	-0.171309 	0.0181765 	0
0.05 	0.0365625 	0.005 	-0.173903 	0.0194662 	0
0.05 	0.0371875 	0.005 	-0.176434 	0.0208173 	0
0.05 	0.0378125 	0.005 	-0.178896 	0.0222304 	0
0.05 	0.0384375 	0.005 	-0.181282 	0.0237061 	0
0.05 	0.0390625 	0.005 	-0.183583 	0.0252446 	0
0.05 	0.0396875 	0.005 	-0.185794 	0.0268461 	0
0.05 	0.0403125 	0.005 	-0.187906 	0.0285106 	0
0.05 	0.0409375 	0.005 	-0.189912 	0.0302376 	0
0.05 	0.0415625 	0.005 	-0.191804 	0.0320268 	0
0.05 	0.0421875 	0.005 	-0.193575 	0.0338774 	0
0.05 	0.0428125 	0.005 	-0.195215 	0.0357885 	0
0.05 	0.0434375 	0.005 	-0.196719 	0.0377589 	0
0.05 	0.0440625 	0.005 	-0.198077 	0.0397871 	0
0.05 	0.0446875 	0.005 	-0.199281 	0.0418713 	0
0.05 	0.0453125 	0.005 	-0.200325 	0.0440098 	0
0.05 	0.0459375 	0.005 	-0.2012 	0.0462001 	0
0.05 	0.0465625 	0.005 	-0.2019 	0.0484398 	0
0.05 	0.0471875 	0.005 	-0.202415 	0.0507261 	0
0.05 	0.0478125 	0.005 	-0.202741 	0.0530559 	0
0.05 	0.0484375 	0.005 	-0.202869 	0.055426 	0
0.05 	0.0490625 	0.005 	-0.202794 	0.0578328 	0
0.05 	0.0496875 	0.005 	-0.202509 	0.0602723 	0
0.05 	0.0503125 	0.005 	-0.202008 	0.0627406 	0
0.05 	0.0509375 	0.005 	-0.201286 	0.0652332 	0
0.05 	0.0515625 	0.005 	-0.200338 	0.0677455 	0
0.05 	0.0521875 	0.005 	-0.199159 	0.0702727 	0
0.05 	0.0528125 	0.005 	-0.197746 	0.0728097 	0
0.05 	0.0534375 	0.005 	-0.196095 	0.0753514 	0
0.05 	0.0540625 	0.005 	-0.194202 	0.0778922 	0
0.05 	0.0546875 	0.005 	-0.192065 	0.0804265 	0
0.05 	0.0553125 	0.005 	-0.189682 	0.0829486 	0
0.05 	0.0559375 	0.005 	-0.187052 	0.0854524 	0
0.05 	0.0565625 	0.005 	-0.184174 	0.0879321 	0
0.05 	0.0571875 	0.005 	-0.181047 	0.0903812 	0
0.05 	0.0578125 	0.005 	-0.177671 	0.0927938 	0
0.05 	0.0584375 	0.005 	-0.174047 	0.0951633 	0
0.05 	0.0590625 	0.005 	-0.170177 	0.0974835 	0
0.05 	0.0596875 	0.005 	-0.166061 	0.0997479 	0
0.05 	0.0603125 	0.005 	-0.161702 	0.10195 	0
0.05 	0.0609375 	0.005 	-0.157103 	0.104084 	0
0.05 	0.0615625 	0.005 	-0.152265 	0.106143 	0
0.05 	0.0621875 	0.005 	-0.147193 	0.10812 	0
0.05 	0.0628125 	0.005 	-0.141889 	0.11001 	0
0.05 	0.0634375 	0.005 	-0.136358 	0.111806 	0
0.05 	0.0640625 	0.005 	-0.130603 	0.113503 	0
0.05 	0.0646875 	0.005 	-0.124627 	0.115094 	0
0.05 	0.0653125 	0.005 	-0.118436 	0.116573 	0
0.05 	0.0659375 	0.005 	-0.112031 	0.117934 	0
0.05 	0.0665625 	0.005 	-0.105418 	0.119173 	0
0.05 	0.0671875 	0.005 	-0.0985988 	0.120283 	0
0.05 	0.0678125 	0.005 	-0.0915766 	0.121259 	0
0.05 	0.0684375 	0.005 	-0.0843537 	0.122097 	0
0.05 	0.0690625 	0.005 	-0.0769319 	0.122791 	0
0.05 	0.0696875 	0.005 	-0.0693122 	0.123336 	0
0.05 	0.0703125 	0.005 	-0.0614946 	0.123728 	0
0.05 	0.0709375 	0.005 	-0.0534781 	0.123963 	0
0.05 	0.0715625 	0.005 	-0.0452605 	0.124035 	0
0.05 	0.0721875 	0.005 	-0.0368384 	0.123942 	0
0.05 	0.0728125 	0.005 	-0.0282065 	0.12368 	0
0.05 	0.0734375 	0.005 	-0.0193581 	0.123244 	0
0.05 	0.0740625 	0.005 	-0.0102843 	0.122631 	0
0.05 	0.0746875 	0.005 	-0.000974454 	0.121839 	0
0.05 	0.0753125 	0.005 	0.00858482 	0.120865 	0
0.05 	0.0759375 	0.005 	0.0184092 	0.119705 	0
0.05 	0.0765625 	0.005 	0.0285173 	0.118357 	0
0.05 	0.0771875 	0.005 	0.0389305 	0.116821 	0
0.05 	0.0778125 	0.005 	0.0496736 	0.115093 	0
0.05 	0.0784375 	0.005 	0.0607746 	0.113173 	0
0.05 	0.0790625 	0.005 	0.0722652 	0.111061 	0
0.05 	0.0796875 	0.005 	0.0841809 	0.108756 	0
0.05 	0.0803125 	0.005 	0.0965611 	0.106258 	0
0.05 	0.0809375 	0.005 	0.109449 	0.10357 	0
0.05 	0.0815625 	0.005 	0.122892 	0.100692 	0
0.05 	0.0821875 	0.005 	0.136942 	0.0976283 	0
0.05 	0.0828125 	0.005 	0.151655 	0.0943827 	0
0.05 	0.0834375 	0.005 	0.16709 	0.0909602 	0
0.05 	0.0840625 	0.005 	0.183309 	0.0873674 	0
0.05 	0.0846875 	0.005 	0.20038 	0.0836123 	0
0.05 	0.0853125 	0.005 	0.218371 	0.0797043 	0
0.05 	0.0859375 	0.005 	0.237353 	0.075655 	0
0.05 	0.0865625 	0.005 	0.2574 	0.0714774 	0
0.05 	0.0871875 	0.005 	0.278582 	0.0671871 	0
0.05 	0.0878125 	0.005 	0.300973 	0.0628016 	0
0.05 	0.0884375 	0.005 	0.32464 	0.0583407 	0
0.05 	0.0890625 	0.005 	0.34965 	0.0538268 	0
0.05 	0.0896875 	0.005 	0.37606 	0.0492849 	0
0.05 	0.0903125 	0.005 	0.403923 	0.0447421 	0
0.05 	0.0909375 	0.005 	0.43328 	0.0402284 	0
0.05 	0.0915625 	0.005 	0.464157 	0.035776 	0
0.05 	0.0921875 	0.005 	0.49657 	0.0314192 	0
0.05 	0.0928125 	0.005 	0.530513 	0.0271943 	0
0.05 	0.0934375 	0.005 	0.56596 	0.0231391 	0
0.05 	0.0940625 	0.005 	0.602864 	0.0192927 	0
0.05 	0.0946875 	0.005 	0.64115 	0.0156943 	0
0.05 	0.0953125 	0.005 	0.680718 	0.012383 	0
0.05 	0.0959375 	0.005 	0.721436 	0.00939673 	0
0.05 	0.0965625 	0.005 	0.763142 	0.00677128 	0
0.05 	0.0971875 	0.005 	0.805645 	0.00453934 	0
0.05 	0.0978125 	0.005 	0.848719 	0.00272779 	0
0.05 	0.0984375 	0.005 	0.892112 	0.00135496 	0
0.05 	0.0990625 	0.005 	0.935544 	0.000447739 	0
0.05 	0.0996875 	0.005 	0.978711 	5.77662e-05 	0
