/*--------------------------------*- C++ -*----------------------------------*\
  =========                 |
  \\      /  F ield         | OpenFOAM: The Open Source CFD Toolbox
   \\    /   O peration     | Website:  https://openfoam.org
    \\  /    A nd           | Version:  7
     \\/     M anipulation  |
\*---------------------------------------------------------------------------*/
FoamFile
{
    version     2.0;
    format      ascii;
    class       volScalarField;
    location    "0.5";
    object      p;
}
// * * * * * * * * * * * * * * * * * * * * * * * * * * * * * * * * * * * * * //

dimensions      [0 2 -2 0 0 0 0];

internalField   nonuniform List<scalar> 
6400
(
9.97993e-06
2.95004e-05
-0.000476035
-0.00150909
-0.00295191
-0.00469418
-0.00663554
-0.0086864
-0.0107696
-0.0128196
-0.0147813
-0.0166086
-0.0182629
-0.0197126
-0.0209319
-0.0218999
-0.0226006
-0.0230219
-0.023155
-0.0229947
-0.0225386
-0.0217865
-0.0207412
-0.019407
-0.0177904
-0.0158998
-0.0137448
-0.0113369
-0.00868865
-0.00581393
-0.00272775
0.000553852
0.00401387
0.00763444
0.0113969
0.0152819
0.0192693
0.0233386
0.0274687
0.0316382
0.035825
0.0400073
0.0441627
0.048269
0.0523038
0.0562452
0.0600713
0.0637607
0.0672925
0.0706464
0.073803
0.0767438
0.0794514
0.0819098
0.0841042
0.0860218
0.0876513
0.0889835
0.0900113
0.0907304
0.0911386
0.0912369
0.0910293
0.0905232
0.0897297
0.0886638
0.0873448
0.0857969
0.0840495
0.0821378
0.0801036
0.077996
0.0758727
0.0738005
0.0718571
0.070131
0.0687193
0.0677261
0.0672581
0.0672957
5.28054e-06
1.94689e-05
-0.00043407
-0.00131761
-0.00253183
-0.00399751
-0.00563871
-0.00738305
-0.00916523
-0.010928
-0.0126217
-0.0142038
-0.0156382
-0.0168945
-0.0179478
-0.0187775
-0.0193675
-0.0197053
-0.0197818
-0.0195909
-0.0191293
-0.0183963
-0.0173933
-0.0161238
-0.0145933
-0.0128089
-0.0107793
-0.00851457
-0.00602629
-0.00332713
-0.000430871
0.00264765
0.00589266
0.00928755
0.0128149
0.0164566
0.020194
0.0240077
0.027878
0.0317848
0.0357076
0.0396258
0.0435185
0.0473649
0.0511442
0.0548358
0.0584194
0.0618751
0.0651835
0.0683259
0.0712842
0.0740417
0.0765823
0.0788914
0.0809557
0.0827638
0.0843056
0.0855731
0.0865607
0.0872646
0.087684
0.0878205
0.0876787
0.0872666
0.0865954
0.0856801
0.0845397
0.0831976
0.0816819
0.0800258
0.0782682
0.0764541
0.0746351
0.0728694
0.0712227
0.0697661
0.0685729
0.0677178
0.0672945
0.0673332
0.00051295
0.000474912
2.09452e-05
-0.00079517
-0.00188619
-0.0031888
-0.00464183
-0.00618515
-0.00776309
-0.00932562
-0.0108284
-0.0122329
-0.0135056
-0.0146182
-0.0155469
-0.0162719
-0.0167776
-0.0170515
-0.0170845
-0.0168702
-0.0164048
-0.0156871
-0.0147178
-0.0134999
-0.0120379
-0.0103381
-0.00840844
-0.00625816
-0.00389781
-0.00133914
0.00140502
0.00432081
0.00739346
0.0106074
0.0139462
0.0173928
0.0209296
0.0245384
0.0282005
0.0318969
0.0356083
0.0393151
0.0429977
0.0466365
0.0502118
0.0537043
0.0570947
0.0603645
0.0634953
0.0664697
0.0692709
0.0718831
0.0742916
0.0764828
0.0784445
0.0801662
0.0816389
0.0828556
0.0838112
0.0845028
0.0849302
0.0850954
0.0850034
0.0846623
0.0840831
0.0832805
0.0822728
0.0810823
0.0797355
0.0782635
0.076702
0.0750918
0.0734789
0.0719144
0.070454
0.0691572
0.0680832
0.0672921
0.0668696
0.0668671
0.00154623
0.00136116
0.000837323
1.7875e-05
-0.00103051
-0.00225426
-0.00360163
-0.00502189
-0.00646738
-0.00789449
-0.00926402
-0.0105413
-0.0116959
-0.0127018
-0.0135368
-0.0141825
-0.0146237
-0.0148486
-0.0148483
-0.0146164
-0.0141491
-0.0134448
-0.0125039
-0.0113287
-0.00992345
-0.0082938
-0.00644696
-0.00439148
-0.00213719
0.000304924
0.00292282
0.00570347
0.00863293
0.0116965
0.0148786
0.0181631
0.0215334
0.024972
0.0284612
0.0319831
0.0355192
0.039051
0.0425598
0.046027
0.0494338
0.0527619
0.0559932
0.0591099
0.0620949
0.0649314
0.0676038
0.0700972
0.0723977
0.0744926
0.0763706
0.0780219
0.0794382
0.080613
0.081542
0.0822227
0.0826552
0.0828416
0.0827871
0.0824995
0.0819896
0.0812713
0.0803621
0.0792829
0.0780583
0.0767169
0.0752913
0.0738184
0.0723389
0.0708974
0.0695421
0.0683235
0.0672918
0.0664989
0.0660127
0.0658771
0.00299545
0.00258388
0.00193215
0.00105975
3.91175e-06
-0.00119053
-0.00247967
-0.00382125
-0.00517497
-0.00650333
-0.0077721
-0.00895057
-0.0100116
-0.0109316
-0.0116903
-0.0122707
-0.0126587
-0.0128432
-0.0128157
-0.0125701
-0.0121026
-0.0114115
-0.010497
-0.00936127
-0.0080079
-0.00644215
-0.00467068
-0.00270146
-0.000543649
0.00179244
0.00429547
0.00695316
0.00975234
0.0126791
0.0157187
0.0188558
0.0220745
0.0253584
0.0286907
0.0320541
0.0354311
0.0388042
0.0421555
0.0454672
0.0487217
0.0519013
0.054989
0.0579677
0.0608212
0.0635338
0.0660904
0.0684771
0.0706807
0.0726892
0.0744921
0.0760802
0.0774456
0.0785826
0.079487
0.0801568
0.080592
0.0807951
0.0807709
0.080527
0.0800736
0.0794238
0.0785938
0.0776032
0.0764744
0.0752336
0.0739101
0.0725366
0.071149
0.0697861
0.0684889
0.0672998
0.0662621
0.0654194
0.064813
0.0644653
0.00475848
0.00407002
0.00324728
0.00228165
0.00117696
-2.97022e-05
-0.00130108
-0.00260249
-0.00390037
-0.00516287
-0.00636051
-0.00746651
-0.00845695
-0.00931079
-0.0100098
-0.0105387
-0.0108845
-0.0110371
-0.0109885
-0.0107332
-0.0102674
-0.00958962
-0.00869999
-0.00760035
-0.00629412
-0.00478616
-0.0030827
-0.00119119
0.000879724
0.00312035
0.00551999
0.00806701
0.010749
0.0135526
0.0164639
0.0194685
0.022551
0.0256959
0.0288872
0.0321084
0.0353428
0.0385736
0.0417839
0.0449567
0.048075
0.0511222
0.0540817
0.0569376
0.0596742
0.0622766
0.0647305
0.0670226
0.0691403
0.0710723
0.0728087
0.0743405
0.0756607
0.0767636
0.0776453
0.078304
0.0787398
0.078955
0.0789542
0.0787444
0.0783351
0.0777386
0.0769698
0.0760464
0.0749889
0.0738209
0.0725685
0.0712605
0.0699283
0.068605
0.0673255
0.0661249
0.0650404
0.0641085
0.0633391
0.0627282
0.0067446
0.00575102
0.00472745
0.003637
0.00244955
0.00119566
-9.28409e-05
-0.00138794
-0.00266208
-0.00388857
-0.00504236
-0.00610041
-0.00704193
-0.00784846
-0.00850394
-0.00899464
-0.00930913
-0.00943818
-0.00937467
-0.00911348
-0.00865142
-0.00798702
-0.00712052
-0.0060537
-0.00478979
-0.00333341
-0.00169042
0.000132097
0.00212598
0.00428203
0.00659009
0.00903913
0.0116173
0.014312
0.0171099
0.0199972
0.0229594
0.0259816
0.0290484
0.0321442
0.0352529
0.0383586
0.0414449
0.0444956
0.0474945
0.0504256
0.0532732
0.0560217
0.0586564
0.0611628
0.0635273
0.065737
0.0677802
0.0696458
0.0713243
0.0728072
0.0740877
0.0751604
0.0760216
0.0766693
0.0771036
0.0773265
0.0773423
0.0771573
0.0767804
0.0762225
0.0754974
0.074621
0.0736119
0.0724908
0.071281
0.0700077
0.0686978
0.0673799
0.0660829
0.0648358
0.0636707
0.0626182
0.0616558
0.0607524
0.00887454
0.00756235
0.00631885
0.00508042
0.00378416
0.00245535
0.00112143
-0.000195349
-0.00147275
-0.00268868
-0.00382215
-0.00485365
-0.00576537
-0.00654137
-0.00716769
-0.00763235
-0.00792533
-0.00803853
-0.0079657
-0.00770238
-0.00724583
-0.00659489
-0.00574996
-0.00471286
-0.00348674
-0.00207606
-0.000486454
0.00127534
0.00320151
0.00528329
0.007511
0.00987411
0.0123613
0.0149606
0.0176592
0.0204439
0.0233008
0.0262157
0.0291738
0.0321602
0.0351595
0.0381562
0.0411347
0.0440795
0.0469749
0.0498056
0.0525563
0.0552123
0.0577591
0.060183
0.0624708
0.0646101
0.0665893
0.0683981
0.0700271
0.071468
0.0727143
0.0737606
0.0746032
0.0752401
0.0756711
0.0758979
0.0759243
0.0757559
0.0754007
0.0748685
0.0741717
0.0733244
0.0723433
0.0712466
0.0700548
0.0687897
0.0674745
0.0661332
0.06479
0.0634684
0.0621964
0.0609997
0.0598246
0.0586142
0.0110813
0.00944651
0.00797198
0.00656937
0.00514486
0.00371965
0.00231779
0.000956535
-0.000346486
-0.00157327
-0.00270647
-0.00372983
-0.00462836
-0.00538853
-0.00599843
-0.00644779
-0.00672805
-0.00683227
-0.00675514
-0.00649295
-0.00604348
-0.00540597
-0.00458105
-0.00357068
-0.00237803
-0.00100748
0.000535521
0.00224444
0.00411178
0.00612911
0.00828715
0.0105758
0.0129842
0.0155009
0.0181136
0.0208097
0.0235757
0.0263981
0.0292626
0.0321548
0.03506
0.0379633
0.0408496
0.0437038
0.0465109
0.049256
0.0519245
0.054502
0.0569745
0.0593288
0.0615519
0.0636319
0.0655576
0.0673187
0.0689062
0.0703119
0.0715292
0.0725529
0.0733791
0.0740057
0.0744322
0.0746597
0.0746915
0.0745324
0.0741895
0.0736716
0.0729895
0.0721559
0.0711851
0.0700935
0.0688986
0.0676193
0.0662755
0.0648874
0.0634747
0.0620564
0.0606575
0.0592999
0.0579003
0.0563779
0.0133088
0.0113534
0.00964237
0.00806473
0.00649779
0.00495977
0.00347218
0.00204804
0.000700993
-0.000554529
-0.00170444
-0.00273541
-0.00363506
-0.00439215
-0.00499674
-0.00544025
-0.0057155
-0.00581677
-0.00573973
-0.00548144
-0.00504028
-0.00441595
-0.00360941
-0.00262278
-0.00145936
-0.000123487
0.00137944
0.00304308
0.00486015
0.0068225
0.00892117
0.0111464
0.0134878
0.0159343
0.0184741
0.0210949
0.023784
0.026528
0.0293134
0.0321262
0.0349522
0.0377769
0.0405858
0.0433643
0.0460977
0.0487717
0.051372
0.0538846
0.0562959
0.0585929
0.0607632
0.0627948
0.0646769
0.0663993
0.0679531
0.0693302
0.070524
0.071529
0.0723413
0.0729584
0.0733795
0.0736052
0.0736381
0.0734822
0.0731437
0.0726302
0.071951
0.0711174
0.070142
0.0690387
0.0678229
0.0665107
0.0651189
0.0636646
0.0621638
0.0606316
0.0590908
0.0575608
0.0559304
0.0540969
0.0155104
0.0132395
0.0112904
0.00953089
0.00781148
0.00614831
0.00456112
0.00305942
0.00165338
0.000354353
-0.000826452
-0.00187833
-0.0027913
-0.00355624
-0.00416507
-0.00461083
-0.00488773
-0.00499121
-0.00491794
-0.00466578
-0.00423377
-0.00362211
-0.00283212
-0.00186618
-0.000727734
0.00057881
0.00204809
0.00367385
0.00544897
0.00736552
0.0094148
0.0115874
0.0138732
0.0162614
0.0187408
0.0212994
0.0239248
0.0266043
0.0293247
0.0320723
0.0348334
0.037594
0.0403399
0.043057
0.0457309
0.0483477
0.0508933
0.0533542
0.0557171
0.057969
0.0600977
0.0620917
0.06394
0.0656326
0.0671605
0.0685157
0.0696914
0.0706819
0.0714831
0.0720921
0.0725075
0.0727296
0.0727601
0.0726024
0.0722615
0.0717439
0.0710578
0.0702128
0.0692197
0.0680908
0.066839
0.0654781
0.0640225
0.0624863
0.0608825
0.0592232
0.0575296
0.0558194
0.0539556
0.0518153
0.0176465
0.0150672
0.0128808
0.0109356
0.0090568
0.00725941
0.00556201
0.00397115
0.00249412
0.00113955
-8.3844e-05
-0.00116772
-0.00210423
-0.00288621
-0.00350734
-0.00396218
-0.00424629
-0.00435625
-0.00428971
-0.00404534
-0.00362287
-0.00302302
-0.00224753
-0.00129908
-0.000181314
0.00110125
0.00254322
0.00413838
0.0058797
0.00775942
0.00976904
0.0118994
0.0141406
0.0164823
0.0189134
0.0214223
0.0239972
0.0266255
0.0292944
0.0319906
0.0347009
0.0374114
0.0401083
0.0427779
0.0454062
0.0479793
0.0504835
0.0529056
0.0552323
0.057451
0.0595495
0.0615163
0.0633405
0.0650121
0.066522
0.067862
0.0690253
0.0700058
0.070799
0.0714016
0.0718119
0.0720294
0.0720551
0.0718915
0.0715427
0.0710142
0.0703128
0.0694467
0.0684252
0.0672587
0.0659584
0.064536
0.0630036
0.0613729
0.0596545
0.0578579
0.0560036
0.0541083
0.052011
0.0495698
0.0196839
0.0168037
0.0143823
0.0122495
0.0102069
0.00826878
0.00645313
0.00476413
0.00320657
0.00178681
0.000511318
-0.000613623
-0.0015821
-0.00238875
-0.00302882
-0.00349836
-0.00379418
-0.003914
-0.0038564
-0.00362088
-0.00320784
-0.00261858
-0.00185525
-0.000920905
0.000180602
0.00144458
0.00286557
0.00443732
0.00615288
0.00800458
0.00998407
0.0120823
0.0142898
0.0165963
0.0189909
0.0214626
0.0239996
0.0265897
0.0292204
0.0318787
0.0345516
0.0372257
0.0398874
0.0425231
0.0451191
0.0476618
0.0501377
0.0525336
0.0548364
0.0570335
0.0591129
0.0610629
0.0628727
0.0645322
0.066032
0.0673639
0.0685206
0.0694959
0.0702848
0.0708836
0.0712898
0.0715024
0.0715217
0.0713493
0.0709885
0.0704435
0.06972
0.0688249
0.0677661
0.0665524
0.0651933
0.0636988
0.0620789
0.0603437
0.0585016
0.0565601
0.0545395
0.0524561
0.0501265
0.0473909
0.0215937
0.0184202
0.0157669
0.013446
0.0112369
0.00915355
0.00721375
0.00541972
0.00377421
0.00228158
0.00094641
-0.00022689
-0.00123414
-0.00207158
-0.00273596
-0.00322465
-0.00353569
-0.00366786
-0.00362068
-0.00339443
-0.00299022
-0.00240989
-0.00165609
-0.000732205
0.000357621
0.00160851
0.00301487
0.00457042
0.00626819
0.00810057
0.0100593
0.0121355
0.0143199
0.0166022
0.0189721
0.0214186
0.02393
0.0264946
0.0291001
0.0317337
0.0343826
0.0370337
0.0396735
0.0422887
0.0448657
0.047391
0.0498514
0.0522335
0.0545244
0.0567116
0.0587829
0.0607266
0.0625318
0.0641881
0.065686
0.067017
0.0681735
0.0691488
0.0699375
0.0705353
0.0709393
0.0711476
0.0711599
0.0709769
0.0706009
0.0700352
0.0692843
0.0683539
0.0672507
0.0659819
0.0645557
0.0629805
0.0612648
0.0594171
0.0574441
0.0553519
0.053161
0.0508879
0.0483278
0.0453041
0.023351
0.0198913
0.0170094
0.0145009
0.0121238
0.00989221
0.007824
0.0059198
0.00418063
0.0026092
0.0012084
-1.89844e-05
-0.00107035
-0.00194338
-0.0026362
-0.00314741
-0.00347622
-0.00362239
-0.00358636
-0.0033692
-0.00297268
-0.00239921
-0.00165193
-0.000734598
0.000348333
0.00159176
0.00298995
0.00453651
0.00622444
0.00804615
0.00999345
0.0120576
0.0142292
0.0164984
0.018855
0.021288
0.0237862
0.0263378
0.0289307
0.0315526
0.0341906
0.0368317
0.0394629
0.0420707
0.0446417
0.0471626
0.0496201
0.0520008
0.0542919
0.0564807
0.058555
0.0605029
0.0623133
0.0639756
0.0654801
0.0668178
0.0679806
0.0689616
0.0697548
0.0703554
0.0707597
0.0709652
0.0709708
0.0707764
0.0703833
0.0697939
0.0690116
0.0680411
0.0668878
0.0655577
0.0640577
0.062395
0.0605768
0.0586102
0.0565009
0.0542537
0.0518897
0.0494259
0.0466373
0.0433311
0.0249337
0.0211942
0.0180871
0.0153919
0.0128462
0.0104644
0.00826482
0.00624671
0.00440965
0.00275491
0.00128396
-1.87886e-06
-0.00110139
-0.0020136
-0.00273788
-0.00327399
-0.00362218
-0.0037832
-0.00375835
-0.00354945
-0.00315894
-0.00258982
-0.00184568
-0.000930692
0.000150367
0.00139215
0.00278873
0.0043336
0.00601969
0.00783938
0.00978448
0.0118463
0.0140156
0.0162826
0.018637
0.0210683
0.0235652
0.0261161
0.0287092
0.031332
0.033972
0.0366163
0.0392518
0.0418653
0.0444433
0.0469726
0.0494397
0.0518314
0.0541347
0.0563368
0.0584252
0.060388
0.0622137
0.0638915
0.0654112
0.0667634
0.0679398
0.0689327
0.0697357
0.0703433
0.0707512
0.0709562
0.0709563
0.0707507
0.0703397
0.0697248
0.0689085
0.0678943
0.0666866
0.0652905
0.0637116
0.061956
0.06003
0.0579398
0.0556898
0.0532842
0.0507449
0.04809
0.0450746
0.0414907
0.0263218
0.0223081
0.018979
0.0160983
0.0133839
0.0108508
0.00851784
0.00638322
0.00444521
0.00270391
0.00115949
-0.000187972
-0.00133853
-0.00229241
-0.00305014
-0.00361256
-0.00398092
-0.00415686
-0.00414251
-0.00394045
-0.00355374
-0.00298597
-0.0022412
-0.00132403
-0.000239548
0.00100661
0.00240831
0.0039589
0.00565121
0.00747754
0.00942971
0.011499
0.0136763
0.0159518
0.0183154
0.0207564
0.0232639
0.0258264
0.028432
0.0310685
0.0337233
0.0363836
0.0390364
0.0416685
0.0442664
0.0468168
0.0493062
0.0517213
0.0540489
0.0562759
0.0583899
0.0603784
0.0622297
0.0639327
0.0654767
0.0668519
0.0680494
0.069061
0.0698797
0.0704994
0.0709149
0.0711225
0.0711193
0.0709036
0.0704749
0.0698339
0.068982
0.0679219
0.066657
0.0651913
0.0635296
0.0616771
0.0596392
0.0574213
0.0550274
0.0524608
0.0497446
0.046898
0.0436572
0.0397991
0.0274972
0.0232139
0.0196656
0.0166006
0.0137178
0.0110328
0.0085653
0.00631242
0.00427142
0.0024413
0.000821171
-0.000590044
-0.00179352
-0.00279059
-0.00358284
-0.00417212
-0.00456059
-0.00475079
-0.0047456
-0.00454834
-0.0041627
-0.00359282
-0.00284325
-0.001919
-0.000825531
0.000431263
0.00184501
0.00340887
0.00511555
0.00695728
0.00892581
0.0110124
0.0132079
0.0155026
0.0178865
0.0203489
0.0228789
0.025465
0.0280955
0.0307581
0.0334405
0.0361297
0.0388127
0.0414763
0.044107
0.0466913
0.0492157
0.0516666
0.0540307
0.0562947
0.0584457
0.0604711
0.0623587
0.0640969
0.0656747
0.0670817
0.0683085
0.0693463
0.0701872
0.0708246
0.0712527
0.0714668
0.0714633
0.0712398
0.0707947
0.0701279
0.0692401
0.0681328
0.0668088
0.0652712
0.063524
0.0615715
0.0594186
0.0570702
0.0545295
0.0517998
0.0489053
0.0458664
0.0424011
0.038271
0.0284429
0.0238937
0.0201284
0.0168804
0.0138296
0.0109927
0.00838988
0.0060177
0.00387243
0.00195214
0.000254946
-0.00122124
-0.0024786
-0.0035195
-0.00434649
-0.00496236
-0.00537015
-0.00557322
-0.00557522
-0.00538014
-0.0049923
-0.00441637
-0.00365742
-0.00272086
-0.0016125
-0.000338549
0.00109437
0.00267924
0.0044086
0.00627456
0.00826881
0.0103826
0.0126066
0.0149313
0.0173465
0.0198418
0.022406
0.0250279
0.0276956
0.030397
0.0331196
0.0358505
0.0385766
0.0412847
0.0439611
0.0465922
0.0491643
0.0516637
0.0540767
0.0563898
0.0585896
0.0606633
0.0625982
0.0643822
0.0660038
0.0674521
0.0687168
0.0697887
0.0706592
0.0713209
0.0717672
0.0719927
0.0719929
0.0717645
0.0713053
0.0706142
0.0696909
0.0685365
0.0671526
0.0655417
0.0637072
0.0616527
0.0593825
0.0569012
0.0542116
0.0513168
0.0482426
0.0450107
0.0413208
0.0369198
0.0291428
0.0243304
0.02035
0.0169199
0.0137018
0.0107129
0.00797459
0.00548262
0.00323245
0.00122134
-0.000553491
-0.00209505
-0.00340647
-0.00449103
-0.00535219
-0.00599364
-0.00641925
-0.00663315
-0.00663973
-0.00644363
-0.00604978
-0.00546342
-0.00469007
-0.00373558
-0.00260611
-0.00130821
0.000151269
0.00176507
0.00352557
0.00542474
0.00745416
0.00960499
0.011868
0.0142334
0.0166911
0.0192307
0.021841
0.0245107
0.027228
0.0299807
0.0327562
0.0355417
0.0383239
0.0410895
0.0438247
0.0465156
0.0491484
0.051709
0.0541836
0.0565581
0.058819
0.0609528
0.0629464
0.0647873
0.0664631
0.0679625
0.0692746
0.0703893
0.0712974
0.0719906
0.0724616
0.0727041
0.0727129
0.0724837
0.0720136
0.0713005
0.0703435
0.0691428
0.0676992
0.0660147
0.0640918
0.061934
0.0595449
0.0569289
0.0540887
0.0510271
0.0477716
0.0443455
0.0404303
0.0357581
0.0295813
0.0245076
0.0203133
0.0167019
0.0133169
0.0101764
0.00730261
0.00469079
0.00233563
0.00023366
-0.00161871
-0.00322535
-0.00459026
-0.00571759
-0.00661166
-0.00727697
-0.00771821
-0.00794026
-0.00794819
-0.00774732
-0.00734317
-0.00674149
-0.0059483
-0.00496987
-0.00381275
-0.00248378
-0.000990116
0.00066077
0.00246106
0.00440258
0.00647677
0.00867471
0.010987
0.013404
0.0159155
0.0185109
0.0211791
0.0239087
0.026688
0.0295046
0.0323459
0.0351989
0.0380502
0.0408864
0.0436935
0.0464574
0.0491641
0.051799
0.054348
0.0567968
0.0591312
0.0613374
0.0634016
0.0653108
0.067052
0.0686131
0.0699825
0.0711494
0.0721039
0.0728367
0.0733398
0.0736059
0.073629
0.0734041
0.0729272
0.0721955
0.0712074
0.0699621
0.0684599
0.0667021
0.0646909
0.062429
0.05992
0.057168
0.0541755
0.0509454
0.047507
0.0438851
0.039743
0.0347981
0.0297432
0.0244091
0.0200016
0.0162095
0.012658
0.00936609
0.00635716
0.00362579
0.001166
-0.00102635
-0.0029556
-0.0046264
-0.00604358
-0.00721211
-0.00813714
-0.00882395
-0.009278
-0.00950489
-0.00951039
-0.00930043
-0.00888114
-0.00825879
-0.00743988
-0.00643112
-0.00523943
-0.00387198
-0.00233621
-0.000639837
0.00120911
0.00320229
0.005331
0.0075862
0.00995845
0.0124379
0.0150144
0.0176772
0.0204152
0.023217
0.0260707
0.0289638
0.0318837
0.0348172
0.037751
0.040671
0.0435634
0.0464137
0.0492075
0.0519302
0.0545669
0.057103
0.0595239
0.0618151
0.0639624
0.0659519
0.0677702
0.0694042
0.0708417
0.0720711
0.0730815
0.0738629
0.0744062
0.0747034
0.0747476
0.0745328
0.0740542
0.0733083
0.0722925
0.0710053
0.0694465
0.0676168
0.0655177
0.0631517
0.0605222
0.0576331
0.0544869
0.0510867
0.0474634
0.0436435
0.0392722
0.0340517
0.0296132
0.0240188
0.0193983
0.0154257
0.0117079
0.00826508
0.00512142
0.00227105
-0.000292634
-0.00257443
-0.00457936
-0.00631284
-0.00778048
-0.00898804
-0.00994145
-0.0106468
-0.0111102
-0.011338
-0.0113367
-0.0111128
-0.010673
-0.0100242
-0.00917324
-0.00812733
-0.00689378
-0.0054801
-0.00389401
-0.00214349
-0.00023679
0.00181757
0.00401072
0.0063335
0.00877636
0.0113294
0.0139822
0.0167241
0.019544
0.0224302
0.0253708
0.0283532
0.0313647
0.034392
0.0374214
0.0404388
0.04343
0.0463804
0.0492751
0.052099
0.0548371
0.0574741
0.0599948
0.0623843
0.0646276
0.0667101
0.0686178
0.0703367
0.0718539
0.0731566
0.0742333
0.075073
0.0756658
0.0760026
0.0760755
0.0758777
0.0754036
0.0746486
0.0736095
0.0722841
0.0706715
0.0687717
0.066586
0.0641164
0.0613662
0.0583393
0.0550381
0.051466
0.0476555
0.0436352
0.0390314
0.0335312
0.0291759
0.0233207
0.0184868
0.0143336
0.0104497
0.00685621
0.00357836
0.000609788
-0.00205675
-0.00442665
-0.00650561
-0.00829977
-0.0098155
-0.0110593
-0.012038
-0.0127582
-0.0132269
-0.0134512
-0.0134382
-0.013195
-0.0127288
-0.0120471
-0.0111574
-0.0100671
-0.00878402
-0.00731599
-0.00567105
-0.00385744
-0.00188364
0.000241641
0.00250937
0.00491022
0.00743452
0.0100722
0.012813
0.0156458
0.0185596
0.0215427
0.0245828
0.0276675
0.0307837
0.033918
0.0370565
0.040185
0.0432889
0.0463532
0.0493627
0.052302
0.0551554
0.0579072
0.0605417
0.0630432
0.0653961
0.0675851
0.0695951
0.0714117
0.0730207
0.0744088
0.0755631
0.0764719
0.0771241
0.0775099
0.0776202
0.0774473
0.0769846
0.0762268
0.0751697
0.0738106
0.0721476
0.0701806
0.06791
0.065338
0.0624673
0.059302
0.0558446
0.0520986
0.0480986
0.0438747
0.0390344
0.0332492
0.0284157
0.0222982
0.0172502
0.012916
0.00886598
0.00512209
0.00171067
-0.00137514
-0.0041432
-0.0065995
-0.00875041
-0.0106028
-0.0121637
-0.0134405
-0.0144406
-0.0151715
-0.015641
-0.0158567
-0.0158264
-0.0155579
-0.015059
-0.0143377
-0.0134019
-0.0122596
-0.0109189
-0.00938802
-0.00767536
-0.00578941
-0.00373887
-0.00153268
0.000819951
0.00330955
0.00592631
0.00866008
0.0115003
0.0144361
0.0174561
0.0205485
0.023701
0.0269009
0.0301351
0.03339
0.0366514
0.0399049
0.0431355
0.0463279
0.0494666
0.0525356
0.0555188
0.0583999
0.0611626
0.0637904
0.0662671
0.0685766
0.0707029
0.0726305
0.0743446
0.0758306
0.0770749
0.0780644
0.0787872
0.0792323
0.0793897
0.0792506
0.0788074
0.078054
0.0769852
0.0755976
0.0738888
0.0718578
0.069505
0.0668319
0.0638414
0.0605375
0.0569227
0.0530008
0.0488083
0.0443772
0.0392956
0.033219
0.0273167
0.0209347
0.0156712
0.0111554
0.00693899
0.00304493
-0.000499373
-0.00370129
-0.00656929
-0.00910996
-0.0113303
-0.0132379
-0.0148407
-0.0161466
-0.0171638
-0.0179007
-0.0183657
-0.0185672
-0.0185135
-0.0182132
-0.0176747
-0.0169064
-0.0159168
-0.0147143
-0.0133075
-0.011705
-0.00991538
-0.0079475
-0.00581032
-0.00351298
-0.00106487
0.00152438
0.00424481
0.00708614
0.0100377
0.0130885
0.0162271
0.0194414
0.0227193
0.0260477
0.0294134
0.0328025
0.0362007
0.0395932
0.0429649
0.0463
0.0495825
0.0527961
0.055924
0.0589494
0.0618553
0.0646245
0.0672399
0.0696846
0.0719417
0.0739948
0.075828
0.0774256
0.078773
0.079856
0.0806615
0.0811774
0.0813926
0.0812972
0.0808827
0.0801418
0.0790687
0.0776588
0.0759093
0.0738186
0.0713867
0.0686146
0.0655053
0.0620626
0.0582893
0.0541893
0.0498012
0.0451588
0.0398302
0.0334546
0.025862
0.0192129
0.0137321
0.00903371
0.00465053
0.000606468
-0.00307
-0.00638675
-0.00935287
-0.0119755
-0.0142625
-0.016222
-0.0178626
-0.0191932
-0.0202227
-0.0209602
-0.0214149
-0.0215959
-0.0215122
-0.021173
-0.0205874
-0.0197642
-0.0187126
-0.0174414
-0.0159596
-0.0142761
-0.0123999
-0.0103402
-0.00810616
-0.00570714
-0.00315272
-0.00045271
0.0023828
0.00534339
0.00841829
0.0115964
0.014866
0.0182152
0.0216314
0.0251017
0.0286125
0.0321498
0.035699
0.039245
0.0427724
0.0462651
0.0497065
0.0530799
0.0563679
0.0595531
0.0626177
0.0655439
0.0683137
0.0709091
0.0733125
0.0755064
0.0774736
0.0791976
0.0806623
0.0818526
0.0827541
0.0833534
0.0836382
0.0835976
0.083222
0.0825029
0.0814335
0.0800087
0.0782246
0.0760792
0.0735718
0.0707034
0.0674765
0.0638953
0.0599623
0.055682
0.0510947
0.0462365
0.0406545
0.0339712
0.0240345
0.0171148
0.0114145
0.00653229
0.00198175
-0.00221221
-0.00602007
-0.00945022
-0.0125124
-0.0152144
-0.0175646
-0.0195721
-0.0212462
-0.0225965
-0.0236329
-0.0243651
-0.0248031
-0.0249566
-0.0248357
-0.02445
-0.0238091
-0.0229227
-0.0218003
-0.0204513
-0.018885
-0.0171108
-0.0151381
-0.0129763
-0.0106348
-0.00812329
-0.00545147
-0.00262934
0.000332865
0.00342461
0.006635
0.00995277
0.0133662
0.0168632
0.0204312
0.0240568
0.0277266
0.0314261
0.0351407
0.038855
0.042553
0.0462185
0.0498343
0.0533832
0.0568472
0.0602083
0.0634479
0.0665473
0.0694878
0.0722504
0.0748164
0.0771672
0.0792845
0.0811505
0.082748
0.0840605
0.0850723
0.0857687
0.0861363
0.0861628
0.0858373
0.0851504
0.0840942
0.0826626
0.080851
0.0786565
0.0760781
0.0731165
0.0697739
0.0660545
0.0619609
0.0574978
0.0527077
0.0476285
0.041786
0.0347851
0.0218162
0.0146218
0.00869934
0.00363175
-0.00108689
-0.00543072
-0.00936915
-0.0129111
-0.016067
-0.0188453
-0.0212551
-0.0233063
-0.0250089
-0.0263735
-0.0274106
-0.0281309
-0.0285451
-0.0286638
-0.0284976
-0.028057
-0.0273523
-0.0263937
-0.0251911
-0.0237546
-0.022094
-0.020219
-0.0181394
-0.0158648
-0.013405
-0.0107698
-0.00796915
-0.00501328
-0.00191253
0.00132246
0.00468069
0.00815078
0.0117209
0.0153789
0.0191119
0.0229067
0.0267494
0.0306256
0.0345203
0.0384177
0.0423017
0.0461554
0.0499615
0.053702
0.0573585
0.0609121
0.0643436
0.0676334
0.0707617
0.0737088
0.0764546
0.0789795
0.0812639
0.0832888
0.0850356
0.0864864
0.0876241
0.0884328
0.0888974
0.0890045
0.0887417
0.0880986
0.087066
0.0856368
0.0838056
0.0815688
0.0789247
0.0758735
0.0724174
0.0685605
0.0643054
0.059657
0.05466
0.0493543
0.0432435
0.0359143
0.019188
0.0117143
0.00556661
0.000311848
-0.00457579
-0.0090695
-0.0131376
-0.0167897
-0.0200367
-0.022888
-0.0253533
-0.0274432
-0.0291689
-0.0305415
-0.0315726
-0.0322738
-0.0326565
-0.0327321
-0.0325122
-0.0320077
-0.0312298
-0.0301892
-0.0288967
-0.0273625
-0.0255971
-0.0236107
-0.0214132
-0.0190147
-0.0164253
-0.0136549
-0.0107139
-0.00761237
-0.00436097
-0.000970429
0.00254817
0.00618336
0.00992325
0.0137555
0.0176672
0.021645
0.0256749
0.0297423
0.0338318
0.0379276
0.0420132
0.0460712
0.0500838
0.0540326
0.0578985
0.0616619
0.0653028
0.0688007
0.0721348
0.0752844
0.0782283
0.0809455
0.0834153
0.085617
0.0875308
0.0891373
0.0904179
0.0913551
0.0919325
0.092135
0.0919489
0.0913624
0.0903652
0.0889489
0.0871071
0.0848355
0.0821317
0.0789954
0.0754285
0.071435
0.0670177
0.0621814
0.0569733
0.0514352
0.0450474
0.0373781
0.0161301
0.0083718
0.0019954
-0.00344861
-0.00850632
-0.01315
-0.0173468
-0.021107
-0.0244423
-0.0273628
-0.0298789
-0.0320023
-0.0337449
-0.0351188
-0.0361366
-0.0368106
-0.0371532
-0.0371769
-0.0368938
-0.0363158
-0.0354546
-0.0343218
-0.0329286
-0.0312861
-0.0294049
-0.0272957
-0.0249691
-0.0224352
-0.0197045
-0.0167872
-0.0136937
-0.0104344
-0.00702003
-0.0034614
0.000230295
0.00404353
0.00796637
0.0119864
0.0160906
0.0202655
0.0244969
0.0287701
0.0330697
0.0373794
0.0416823
0.0459608
0.0501967
0.0543708
0.0584636
0.0624547
0.0663232
0.0700477
0.0736066
0.0769777
0.0801389
0.0830677
0.0857421
0.08814
0.0902399
0.0920208
0.0934627
0.0945462
0.0952534
0.0955676
0.0954736
0.0949579
0.094009
0.0926173
0.0907751
0.0884773
0.0857207
0.0825044
0.0788301
0.0747015
0.0701213
0.0650947
0.0596709
0.053894
0.04722
0.0391976
0.0126215
0.00457279
-0.00203631
-0.0076719
-0.0129009
-0.0176946
-0.0220191
-0.0258853
-0.0293057
-0.0322911
-0.034853
-0.0370039
-0.0387565
-0.0401243
-0.0411205
-0.0417586
-0.0420519
-0.0420139
-0.0416574
-0.0409953
-0.0400401
-0.0388041
-0.037299
-0.0355365
-0.033528
-0.0312844
-0.0288167
-0.0261354
-0.0232513
-0.0201749
-0.0169166
-0.0134871
-0.00989711
-0.00615765
-0.00227992
0.00172449
0.00584361
0.0100649
0.0143755
0.0187617
0.0232093
0.0277033
0.0322281
0.0367674
0.0413039
0.0458196
0.0502958
0.0547128
0.0590504
0.0632876
0.0674026
0.0713731
0.0751764
0.0787891
0.0821878
0.0853487
0.0882482
0.0908628
0.0931692
0.0951448
0.0967676
0.0980168
0.0988725
0.0993162
0.0993311
0.0989021
0.098016
0.0966618
0.0948308
0.0925166
0.0897151
0.0864248
0.082647
0.0783851
0.0736417
0.0684222
0.0627781
0.0567556
0.0497855
0.0413961
0.00864021
0.000294492
-0.00655171
-0.0123815
-0.0177832
-0.0227269
-0.027178
-0.0311477
-0.0346497
-0.0376954
-0.0402974
-0.042469
-0.0442243
-0.0455775
-0.0465431
-0.0471357
-0.0473696
-0.0472591
-0.0468183
-0.0460607
-0.0449999
-0.0436487
-0.0420197
-0.0401251
-0.0379769
-0.0355865
-0.0329653
-0.0301242
-0.0270742
-0.023826
-0.0203902
-0.0167777
-0.0129994
-0.00906608
-0.00498921
-0.000780327
0.00354856
0.00798498
0.0125159
0.0171277
0.0218061
0.026536
0.0313016
0.0360864
0.0408728
0.0456426
0.0503765
0.0550544
0.0596555
0.0641578
0.0685389
0.0727755
0.0768437
0.0807189
0.0843764
0.0877911
0.0909375
0.0937906
0.0963254
0.0985174
0.100343
0.101779
0.102803
0.103396
0.103538
0.103213
0.102406
0.101104
0.0992967
0.096977
0.0941397
0.0907824
0.0869057
0.0825129
0.0776064
0.0721916
0.0663224
0.0600472
0.0527703
0.0439989
0.00416283
-0.00448716
-0.0115754
-0.0176023
-0.0231781
-0.0282721
-0.0328483
-0.0369189
-0.0404984
-0.0435993
-0.0462349
-0.0484199
-0.0501694
-0.0514989
-0.052424
-0.0529604
-0.0531236
-0.0529291
-0.0523919
-0.0515266
-0.0503475
-0.0488683
-0.0471025
-0.045063
-0.042762
-0.0402118
-0.0374241
-0.0344101
-0.0311811
-0.0277481
-0.0241219
-0.0203134
-0.0163335
-0.0121932
-0.0079039
-0.00347711
0.00107517
0.0057405
0.0105059
0.0153577
0.0202817
0.0252626
0.0302847
0.0353311
0.0403841
0.0454251
0.0504346
0.0553918
0.0602752
0.0650624
0.0697298
0.0742533
0.0786078
0.0827676
0.0867065
0.0903976
0.0938142
0.0969291
0.0997157
0.102147
0.104198
0.105843
0.107059
0.107822
0.108112
0.10791
0.1072
0.105966
0.104197
0.101884
0.0990214
0.095605
0.091635
0.0871144
0.0820452
0.0764328
0.0703335
0.0637981
0.0562032
0.0470338
-0.000835348
-0.00979764
-0.0171332
-0.0233605
-0.0291121
-0.0343564
-0.0390563
-0.0432248
-0.0468773
-0.0500274
-0.0526896
-0.0548797
-0.0566141
-0.0579096
-0.0587831
-0.0592516
-0.059332
-0.0590407
-0.0583939
-0.0574074
-0.0560965
-0.0544757
-0.0525593
-0.0503608
-0.0478934
-0.0451697
-0.0422016
-0.0390012
-0.0355797
-0.0319484
-0.0281183
-0.0241004
-0.0199056
-0.015545
-0.0110298
-0.00637151
-0.00158211
0.00332606
0.00834009
0.0134464
0.0186308
0.023878
0.0291722
0.0344965
0.039833
0.0451627
0.0504657
0.055721
0.0609063
0.0659984
0.0709732
0.0758052
0.0804684
0.0849357
0.0891794
0.0931711
0.0968823
0.100284
0.103347
0.106044
0.108345
0.110224
0.111654
0.112611
0.113071
0.113014
0.112419
0.111272
0.109558
0.107266
0.104389
0.100923
0.0968661
0.0922214
0.0869903
0.0811783
0.074844
0.0680406
0.0601156
0.0505312
-0.00638055
-0.015664
-0.023253
-0.0296841
-0.0356134
-0.041008
-0.0458298
-0.0500927
-0.0538132
-0.0570059
-0.0596867
-0.0618727
-0.0635816
-0.0648317
-0.0656415
-0.0660291
-0.066013
-0.0656109
-0.0648402
-0.063718
-0.0622604
-0.0604832
-0.0584013
-0.0560292
-0.0533806
-0.0504687
-0.0473061
-0.0439048
-0.0402768
-0.0364332
-0.0323855
-0.0281444
-0.0237211
-0.0191266
-0.0143719
-0.00946847
-0.00442816
0.000736811
0.00601368
0.011389
0.0168486
0.0223775
0.0279596
0.0335781
0.0392149
0.0448509
0.0504659
0.0560382
0.0615453
0.0669632
0.0722668
0.0774298
0.0824248
0.0872236
0.0917968
0.0961146
0.100146
0.103861
0.107228
0.110216
0.112794
0.114934
0.116605
0.117781
0.118436
0.118546
0.11809
0.117048
0.115407
0.113152
0.110274
0.106768
0.102633
0.0978684
0.092477
0.0864635
0.0798892
0.0728097
0.064542
0.0545243
-0.0125006
-0.0221151
-0.0299641
-0.036603
-0.0427118
-0.0482567
-0.0531984
-0.0575518
-0.0613345
-0.0645624
-0.0672528
-0.0694242
-0.071096
-0.0722881
-0.0730204
-0.0733129
-0.0731853
-0.0726569
-0.0717467
-0.0704727
-0.0688525
-0.0669027
-0.0646395
-0.0620779
-0.0592325
-0.056117
-0.0527445
-0.0491276
-0.0452783
-0.0412082
-0.0369285
-0.0324503
-0.0277846
-0.0229422
-0.0179343
-0.012772
-0.00746702
-0.00203128
0.00352261
0.00918139
0.0149311
0.0207568
0.0266426
0.0325716
0.0385258
0.0444859
0.0504313
0.0563401
0.0621893
0.0679541
0.0736086
0.0791256
0.0844766
0.0896318
0.0945605
0.0992309
0.103611
0.107666
0.111365
0.114673
0.117558
0.119987
0.121927
0.12335
0.124226
0.124529
0.124235
0.123323
0.121773
0.119573
0.11671
0.113177
0.108971
0.104093
0.0985433
0.0923269
0.0855077
0.0781437
0.0695199
0.0590495
-0.0192253
-0.0291817
-0.0372981
-0.044149
-0.0504395
-0.0561346
-0.0611938
-0.0656331
-0.0694714
-0.0727261
-0.0754159
-0.077561
-0.0791827
-0.0803025
-0.0809422
-0.0811235
-0.0808678
-0.0801963
-0.0791291
-0.0776859
-0.0758856
-0.073746
-0.0712841
-0.068516
-0.0654571
-0.0621216
-0.0585233
-0.0546751
-0.0505892
-0.0462774
-0.0417512
-0.0370215
-0.0320992
-0.0269951
-0.0217202
-0.0162852
-0.0107017
-0.00498124
0.000863769
0.00682038
0.0128749
0.0190125
0.0252177
0.0314736
0.0377622
0.0440641
0.0503586
0.0566235
0.0628352
0.0689685
0.0749967
0.0808915
0.0866233
0.0921609
0.0974721
0.102523
0.10728
0.111706
0.115767
0.119427
0.122649
0.125397
0.127638
0.129338
0.130465
0.130989
0.130884
0.130125
0.128691
0.126564
0.123733
0.120186
0.115921
0.110936
0.105231
0.0988107
0.0917417
0.0840845
0.0750905
0.0641466
-0.0265861
-0.0368968
-0.0452886
-0.0523564
-0.0588308
-0.0646758
-0.0698498
-0.0743697
-0.0782562
-0.081528
-0.0842056
-0.0863113
-0.087868
-0.0888995
-0.0894296
-0.0894819
-0.0890798
-0.0882462
-0.087003
-0.0853715
-0.083372
-0.0810236
-0.0783444
-0.0753516
-0.0720613
-0.0684885
-0.0646474
-0.0605514
-0.0562129
-0.0516441
-0.0468561
-0.0418602
-0.036667
-0.0312871
-0.0257311
-0.0200097
-0.0141339
-0.00811493
-0.00196484
0.00430382
0.0106776
0.0171423
0.0236824
0.0302813
0.0369211
0.0435826
0.0502449
0.0568856
0.0634806
0.0700044
0.0764293
0.0827264
0.0888646
0.0948116
0.100533
0.105994
0.111158
0.115987
0.120443
0.124486
0.128079
0.131181
0.133755
0.135765
0.137175
0.137952
0.138065
0.137486
0.136192
0.134163
0.131382
0.127838
0.123525
0.118441
0.112585
0.105961
0.0986372
0.0906778
0.0812987
0.0698592
-0.0346171
-0.0452956
-0.0539721
-0.061262
-0.0679227
-0.0739172
-0.0792025
-0.0837971
-0.0877231
-0.091001
-0.0936533
-0.0957045
-0.0971797
-0.0981049
-0.0985062
-0.0984096
-0.0978406
-0.096824
-0.0953838
-0.0935429
-0.0913233
-0.0887454
-0.0858288
-0.0825916
-0.0790508
-0.0752221
-0.0711203
-0.0667591
-0.0621514
-0.0573093
-0.0522442
-0.046967
-0.0414882
-0.0358182
-0.0299673
-0.0239456
-0.0177638
-0.0114328
-0.00496384
0.00163081
0.00833826
0.0151446
0.0220348
0.0289927
0.0360005
0.0430391
0.0500878
0.057124
0.0641233
0.0710597
0.077905
0.0846291
0.0912003
0.0975845
0.103746
0.109648
0.115251
0.120515
0.1254
0.129863
0.133861
0.137353
0.140298
0.142653
0.144381
0.145444
0.145808
0.145441
0.144315
0.142408
0.1397
0.136176
0.13183
0.126657
0.120655
0.113827
0.106244
0.0979738
0.0881939
0.0762352
-0.0433546
-0.0544162
-0.0633876
-0.0709054
-0.0777552
-0.0838984
-0.0892912
-0.0939534
-0.0979088
-0.10118
-0.103792
-0.105772
-0.107147
-0.107945
-0.108196
-0.107928
-0.107169
-0.105947
-0.104286
-0.102213
-0.0997499
-0.0969202
-0.0937443
-0.0902414
-0.0864294
-0.0823251
-0.0779436
-0.0732991
-0.0684047
-0.0632727
-0.0579143
-0.0523405
-0.0465613
-0.0405869
-0.034427
-0.0280914
-0.0215901
-0.0149335
-0.00813232
-0.00119805
0.00585695
0.0130193
0.0202746
0.027607
0.0349992
0.0424323
0.0498858
0.057337
0.0647616
0.0721329
0.0794224
0.0865991
0.0936301
0.10048
0.107112
0.113487
0.119563
0.125298
0.130647
0.135567
0.14001
0.143931
0.147285
0.150025
0.15211
0.153497
0.154147
0.154025
0.1531
0.151343
0.148732
0.14525
0.140887
0.135637
0.129495
0.122464
0.114619
0.106027
0.0958299
0.0833268
-0.0528379
-0.0643
-0.0735778
-0.08133
-0.0883715
-0.0946625
-0.100158
-0.10488
-0.108853
-0.112103
-0.114658
-0.116546
-0.117799
-0.118448
-0.118524
-0.11806
-0.117086
-0.115631
-0.113724
-0.111392
-0.108661
-0.105555
-0.102096
-0.0983045
-0.0941994
-0.0897982
-0.0851169
-0.0801699
-0.0749706
-0.0695313
-0.0638632
-0.057977
-0.0518825
-0.0455892
-0.0391064
-0.0324434
-0.0256094
-0.0186141
-0.0114676
-0.00418048
0.00323552
0.0107678
0.0184026
0.0261246
0.0339171
0.0417617
0.049638
0.0575237
0.0653943
0.073223
0.0809806
0.0886357
0.0961542
0.1035
0.110633
0.117514
0.124098
0.130341
0.136194
0.14161
0.146539
0.150931
0.154736
0.157905
0.160388
0.16214
0.163117
0.163279
0.162588
0.161014
0.158529
0.155113
0.150751
0.145437
0.139164
0.131932
0.12382
0.114899
0.104266
0.0911916
-0.0631094
-0.0749918
-0.0845889
-0.0925826
-0.0998188
-0.106256
-0.111849
-0.11662
-0.120598
-0.12381
-0.126287
-0.128062
-0.129168
-0.129641
-0.129516
-0.128827
-0.127608
-0.125892
-0.12371
-0.121092
-0.118065
-0.114656
-0.110888
-0.106782
-0.10236
-0.0976399
-0.0926373
-0.0873676
-0.0818444
-0.0760798
-0.0700851
-0.0638704
-0.0574454
-0.0508188
-0.0439994
-0.0369957
-0.0298161
-0.0224694
-0.0149648
-0.00731227
0.00047761
0.00839306
0.0164211
0.0245473
0.0327555
0.041028
0.0493448
0.057684
0.0660211
0.0743293
0.0825792
0.0907386
0.0987728
0.106644
0.114312
0.121733
0.128862
0.135651
0.142049
0.148004
0.153463
0.158371
0.162674
0.166316
0.169245
0.171408
0.172756
0.173243
0.172827
0.171471
0.169144
0.16582
0.161483
0.156121
0.149726
0.142298
0.133916
0.124654
0.113568
0.0998924
-0.0742154
-0.0865403
-0.0964714
-0.104715
-0.112149
-0.118731
-0.124414
-0.129223
-0.133189
-0.136344
-0.138721
-0.140356
-0.141288
-0.141555
-0.141197
-0.140251
-0.138755
-0.136746
-0.134257
-0.131321
-0.127968
-0.124225
-0.12012
-0.115674
-0.11091
-0.105846
-0.100499
-0.0948855
-0.0890183
-0.0829099
-0.0765711
-0.0700118
-0.0632409
-0.0562668
-0.0490972
-0.0417397
-0.0342019
-0.0264917
-0.0186171
-0.0105871
-0.00241116
0.00589996
0.0143343
0.0228784
0.031517
0.0402331
0.0490075
0.0578185
0.0666423
0.075452
0.0842181
0.092908
0.101486
0.109914
0.118149
0.126146
0.133858
0.141234
0.14822
0.154759
0.160795
0.166268
0.171119
0.175286
0.17871
0.181335
0.183102
0.183962
0.183865
0.182768
0.180635
0.177436
0.173148
0.167758
0.161253
0.153632
0.144978
0.135366
0.123806
0.109499
-0.0862062
-0.0989993
-0.109281
-0.117783
-0.125418
-0.132142
-0.137907
-0.14274
-0.146677
-0.149751
-0.152001
-0.153467
-0.154192
-0.154219
-0.153592
-0.152354
-0.150545
-0.148206
-0.145374
-0.142085
-0.138372
-0.134265
-0.129791
-0.124975
-0.119841
-0.114408
-0.108693
-0.102713
-0.0964816
-0.0900101
-0.0833094
-0.0763889
-0.0692569
-0.0619209
-0.0543877
-0.046664
-0.0387562
-0.0306708
-0.022415
-0.0139962
-0.00542293
0.00329547
0.0121482
0.021123
0.0302057
0.0393803
0.0486284
0.0579292
0.0672591
0.0765917
0.0858976
0.095144
0.104295
0.11331
0.122146
0.130757
0.139092
0.147097
0.154716
0.161888
0.168551
0.174641
0.180093
0.18484
0.188816
0.191957
0.194199
0.195483
0.195755
0.194963
0.193066
0.190027
0.185818
0.180422
0.173823
0.166016
0.157087
0.147116
0.13506
0.120086
-0.0991373
-0.112428
-0.123079
-0.13185
-0.139689
-0.146551
-0.152388
-0.15723
-0.161115
-0.164082
-0.166174
-0.167437
-0.167918
-0.167666
-0.16673
-0.165157
-0.162994
-0.160285
-0.15707
-0.15339
-0.149279
-0.144771
-0.139896
-0.134679
-0.129145
-0.123315
-0.117207
-0.110837
-0.104219
-0.097365
-0.0902843
-0.0829861
-0.0754777
-0.0677658
-0.0598561
-0.051754
-0.0434648
-0.0349937
-0.0263462
-0.0175285
-0.00854745
0.000588815
0.009871
0.0192882
0.0288277
0.0384745
0.0482115
0.0580187
0.0678735
0.0777499
0.0876188
0.0974473
0.107199
0.116833
0.126305
0.135567
0.144566
0.153245
0.161545
0.1694
0.176745
0.183508
0.18962
0.195007
0.199595
0.203313
0.20609
0.207858
0.208554
0.20812
0.206506
0.203668
0.199573
0.194197
0.187521
0.179538
0.170333
0.159991
0.147418
0.13174
-0.11307
-0.126892
-0.137934
-0.146984
-0.155031
-0.162027
-0.167924
-0.172754
-0.176562
-0.179391
-0.181288
-0.182307
-0.182502
-0.181926
-0.180635
-0.178682
-0.176118
-0.172992
-0.169351
-0.165236
-0.160687
-0.15574
-0.150426
-0.144774
-0.138809
-0.132553
-0.126024
-0.11924
-0.112213
-0.104955
-0.0974762
-0.0897835
-0.0818837
-0.0737822
-0.0654836
-0.0569919
-0.0483108
-0.039444
-0.0303955
-0.0211696
-0.0117718
-0.00220838
0.007513
0.0173831
0.0273906
0.0375222
0.047762
0.0580914
0.0684887
0.0789287
0.089383
0.0998189
0.1102
0.120484
0.130628
0.140579
0.150285
0.159684
0.168714
0.177307
0.185389
0.192887
0.199722
0.205814
0.211082
0.215445
0.218823
0.22114
0.222323
0.222306
0.221029
0.21844
0.214498
0.209174
0.202443
0.194293
0.184814
0.174091
0.160975
0.144552
-0.128072
-0.142463
-0.153922
-0.163264
-0.171521
-0.178646
-0.184587
-0.189383
-0.193082
-0.195735
-0.197397
-0.198126
-0.197984
-0.197033
-0.195334
-0.192947
-0.18993
-0.186337
-0.182219
-0.177622
-0.17259
-0.167161
-0.161369
-0.155244
-0.148814
-0.1421
-0.135123
-0.127898
-0.12044
-0.112758
-0.104861
-0.0967575
-0.0884515
-0.0799473
-0.071248
-0.062356
-0.0532735
-0.0440023
-0.0345445
-0.0249027
-0.0150804
-0.00508191
0.00508694
0.0154187
0.0259041
0.0365315
0.0472867
0.0581524
0.0691085
0.080131
0.0911921
0.10226
0.113298
0.124264
0.135114
0.145794
0.15625
0.166418
0.176231
0.185617
0.194499
0.202796
0.210422
0.21729
0.22331
0.228392
0.232447
0.235386
0.237128
0.237595
0.236716
0.23443
0.230689
0.225453
0.218693
0.210391
0.200639
0.189524
0.175839
0.158627
-0.144219
-0.159226
-0.171129
-0.180776
-0.189247
-0.196491
-0.202458
-0.207192
-0.210747
-0.21318
-0.214556
-0.214941
-0.214405
-0.213019
-0.210852
-0.207971
-0.204442
-0.200323
-0.195673
-0.190542
-0.184976
-0.179019
-0.172705
-0.166069
-0.159137
-0.151933
-0.144477
-0.136785
-0.128871
-0.120743
-0.112411
-0.10388
-0.0951529
-0.0862335
-0.0771226
-0.0678209
-0.0583285
-0.0486454
-0.0387716
-0.0287076
-0.0184546
-0.00801486
0.002608
0.0134087
0.0243801
0.0355125
0.0467937
0.0582085
0.0697381
0.0813603
0.0930484
0.104771
0.116493
0.128173
0.139764
0.151213
0.162463
0.173448
0.184099
0.194339
0.204085
0.21325
0.221741
0.229463
0.236316
0.242199
0.247013
0.250658
0.253038
0.254065
0.253655
0.251737
0.248249
0.243146
0.236387
0.227951
0.217929
0.206413
0.19213
0.174077
-0.161597
-0.177271
-0.189651
-0.199619
-0.208305
-0.215658
-0.221628
-0.226265
-0.229632
-0.231794
-0.232825
-0.232803
-0.231807
-0.229917
-0.227213
-0.22377
-0.219661
-0.214953
-0.209709
-0.203984
-0.197831
-0.191294
-0.184413
-0.177221
-0.169749
-0.16202
-0.154054
-0.145867
-0.137472
-0.128878
-0.120091
-0.111116
-0.101955
-0.0926091
-0.0830768
-0.0733571
-0.0634479
-0.0533469
-0.0430519
-0.032561
-0.0218729
-0.0109876
9.38719e-05
0.0113687
0.022832
0.0344767
0.0462928
0.0582672
0.0703834
0.0826208
0.0949545
0.107355
0.119786
0.132209
0.144576
0.156834
0.168924
0.180778
0.192324
0.20348
0.214158
0.224266
0.233702
0.242361
0.250135
0.256911
0.262576
0.267018
0.270128
0.271802
0.271943
0.270465
0.267295
0.262375
0.255655
0.247107
0.236822
0.224894
0.209981
0.191032
-0.180303
-0.196705
-0.209598
-0.219904
-0.228807
-0.236255
-0.242199
-0.246698
-0.249823
-0.251653
-0.252271
-0.251766
-0.250232
-0.24776
-0.24444
-0.240357
-0.235593
-0.230222
-0.224315
-0.217933
-0.211132
-0.203961
-0.196461
-0.188669
-0.180615
-0.172324
-0.163816
-0.155106
-0.146206
-0.137123
-0.127864
-0.11843
-0.108822
-0.0990379
-0.0890756
-0.0789309
-0.0685995
-0.0580764
-0.0473569
-0.0364363
-0.025311
-0.0139778
-0.00243526
0.00931661
0.0212757
0.0334376
0.0457951
0.0583376
0.071051
0.0839171
0.096913
0.110011
0.123177
0.136372
0.149549
0.162656
0.175631
0.188407
0.200905
0.213043
0.224727
0.235856
0.246322
0.256011
0.264802
0.272571
0.279191
0.284535
0.288477
0.290898
0.291683
0.29073
0.287952
0.283276
0.276641
0.268008
0.25747
0.24512
0.229542
0.209634
-0.200446
-0.217647
-0.231097
-0.241759
-0.250877
-0.258401
-0.264285
-0.268594
-0.271416
-0.272838
-0.272961
-0.271888
-0.269726
-0.26658
-0.262553
-0.257741
-0.252236
-0.246122
-0.239476
-0.232365
-0.224851
-0.216985
-0.208812
-0.200371
-0.191693
-0.182801
-0.173717
-0.164455
-0.155025
-0.145433
-0.135684
-0.125776
-0.115709
-0.105479
-0.0950794
-0.0845047
-0.0737475
-0.0628
-0.0516547
-0.0403041
-0.0287413
-0.0169604
-0.00495684
0.00727254
0.0197287
0.0324102
0.0453129
0.0584293
0.0717482
0.0852541
0.0989267
0.11274
0.126664
0.140658
0.154679
0.168674
0.182581
0.19633
0.209843
0.22303
0.235795
0.248031
0.259619
0.270437
0.280352
0.289225
0.296916
0.303278
0.308169
0.31145
0.312988
0.31266
0.310362
0.306002
0.299507
0.290824
0.280045
0.267263
0.250981
0.230044
-0.222154
-0.240236
-0.254293
-0.265329
-0.27466
-0.282236
-0.288014
-0.292072
-0.294512
-0.29544
-0.294971
-0.293228
-0.290332
-0.286407
-0.281568
-0.275926
-0.269584
-0.262636
-0.255166
-0.247248
-0.238949
-0.230325
-0.221422
-0.21228
-0.202931
-0.1934
-0.183706
-0.173863
-0.163878
-0.153757
-0.143501
-0.133107
-0.122571
-0.111886
-0.101044
-0.0900365
-0.078852
-0.0674803
-0.0559103
-0.0441316
-0.0321339
-0.0199081
-0.00744611
0.00525846
0.0182101
0.0314108
0.0448598
0.0585531
0.0724828
0.0866367
0.100998
0.115543
0.130244
0.145064
0.15996
0.174881
0.189765
0.204541
0.21913
0.233439
0.247366
0.260797
0.273607
0.285662
0.296816
0.306918
0.315806
0.32332
0.329293
0.333565
0.335981
0.336395
0.334678
0.330723
0.324433
0.315743
0.304741
0.29152
0.274491
0.252443
-0.245573
-0.264633
-0.279352
-0.290783
-0.300321
-0.307917
-0.313532
-0.317264
-0.319229
-0.319555
-0.31838
-0.315845
-0.312094
-0.307267
-0.301498
-0.294912
-0.287624
-0.27974
-0.271353
-0.262543
-0.253382
-0.243929
-0.234234
-0.224338
-0.214272
-0.204061
-0.193723
-0.183269
-0.172707
-0.162037
-0.151258
-0.140366
-0.129353
-0.118209
-0.106922
-0.0954804
-0.0838698
-0.0720763
-0.0600856
-0.0478835
-0.0354563
-0.0227911
-0.00987642
0.003298
0.0167404
0.0304566
0.0444497
0.0587196
0.0732623
0.0880693
0.103127
0.118417
0.133913
0.149582
0.165383
0.181266
0.197172
0.21303
0.228757
0.244261
0.259434
0.274156
0.288294
0.301703
0.314224
0.32569
0.335921
0.344734
0.351941
0.357355
0.360794
0.362086
0.361075
0.357626
0.351623
0.34298
0.33178
0.318111
0.300289
0.277037
-0.270874
-0.291026
-0.306471
-0.318319
-0.328052
-0.335624
-0.341007
-0.344316
-0.345693
-0.34529
-0.343271
-0.339803
-0.335053
-0.329183
-0.322347
-0.314687
-0.306333
-0.297401
-0.287993
-0.278198
-0.268092
-0.257737
-0.247186
-0.236479
-0.225648
-0.214716
-0.2037
-0.192608
-0.181445
-0.170209
-0.158895
-0.147496
-0.135999
-0.124393
-0.112661
-0.100787
-0.0887542
-0.0765445
-0.0641397
-0.0515219
-0.0386736
-0.0255781
-0.0122196
0.00141603
0.0153411
0.0295657
0.0440972
0.0589398
0.0740939
0.0895555
0.105315
0.121359
0.137664
0.154202
0.170935
0.187816
0.204787
0.221779
0.238709
0.255483
0.271989
0.288102
0.303681
0.318571
0.332599
0.345579
0.357314
0.367596
0.37621
0.382939
0.387572
0.389902
0.389742
0.386926
0.381308
0.37278
0.361413
0.347293
0.328624
0.304062
-0.298255
-0.319634
-0.33588
-0.348165
-0.358073
-0.365566
-0.370626
-0.373395
-0.374045
-0.37276
-0.369733
-0.365163
-0.359247
-0.352172
-0.344113
-0.335232
-0.325675
-0.31557
-0.30503
-0.294149
-0.283009
-0.271675
-0.2602
-0.248625
-0.23698
-0.225288
-0.21356
-0.201804
-0.19002
-0.178202
-0.166343
-0.15443
-0.142447
-0.130378
-0.118204
-0.105904
-0.0934556
-0.0808383
-0.0680296
-0.0550073
-0.0417498
-0.0282361
-0.0144463
-0.000361852
0.0140341
0.0287561
0.0438164
0.0592239
0.074984
0.0910975
0.10756
0.124363
0.141488
0.158912
0.1766
0.194511
0.212588
0.230766
0.248963
0.267082
0.285012
0.302622
0.319763
0.33627
0.351957
0.366619
0.380037
0.391978
0.402197
0.410443
0.416467
0.420026
0.420892
0.41886
0.41375
0.405421
0.393932
0.379359
0.359783
0.333786
-0.327955
-0.350718
-0.367851
-0.380593
-0.390646
-0.397984
-0.402607
-0.404689
-0.404441
-0.402086
-0.397856
-0.391987
-0.38471
-0.37624
-0.366781
-0.356514
-0.345603
-0.334188
-0.322393
-0.310319
-0.298051
-0.285656
-0.273189
-0.260688
-0.248182
-0.235689
-0.223219
-0.210775
-0.198352
-0.185941
-0.173529
-0.161098
-0.148631
-0.136103
-0.123493
-0.110774
-0.097922
-0.0849096
-0.0717106
-0.0582986
-0.0446474
-0.0307317
-0.016527
-0.00200992
0.012841
0.0280455
0.0436207
0.059581
0.0759369
0.0926952
0.109858
0.12742
0.145371
0.163692
0.182356
0.201324
0.220547
0.23996
0.259485
0.279028
0.298474
0.317691
0.336523
0.354794
0.372304
0.388832
0.404135
0.417951
0.430002
0.439998
0.447647
0.452659
0.45476
0.453698
0.449246
0.441224
0.42967
0.414648
0.3941
0.366523
-0.360254
-0.384589
-0.402705
-0.41592
-0.426075
-0.433159
-0.437197
-0.438409
-0.437052
-0.4334
-0.427733
-0.420331
-0.411464
-0.401384
-0.390322
-0.378484
-0.36605
-0.353177
-0.339995
-0.326613
-0.313119
-0.29958
-0.286051
-0.272566
-0.259153
-0.245823
-0.232584
-0.21943
-0.206355
-0.193342
-0.180374
-0.167428
-0.154479
-0.141501
-0.128465
-0.115342
-0.1021
-0.0887088
-0.0751373
-0.0613543
-0.0473292
-0.0330316
-0.0184323
-0.00350311
0.0117827
0.0274502
0.0435219
0.0600179
0.076955
0.0943459
0.112199
0.130516
0.149294
0.16852
0.188174
0.208224
0.228625
0.24932
0.270235
0.291277
0.312334
0.333271
0.353928
0.37412
0.393634
0.412232
0.429644
0.445579
0.459721
0.471737
0.481285
0.48802
0.49161
0.491743
0.488136
0.480559
0.469018
0.453559
0.431962
0.402634
-0.395489
-0.421621
-0.440831
-0.454528
-0.464718
-0.471415
-0.47468
-0.47479
-0.472066
-0.466841
-0.459455
-0.450243
-0.439521
-0.427582
-0.414688
-0.401071
-0.386931
-0.372437
-0.357728
-0.342919
-0.328097
-0.313331
-0.29867
-0.284147
-0.269782
-0.255584
-0.241551
-0.227673
-0.213936
-0.200319
-0.186796
-0.17334
-0.159921
-0.146505
-0.133059
-0.119547
-0.105935
-0.0921862
-0.0782643
-0.0641335
-0.0497582
-0.0351033
-0.0201343
-0.00481785
0.0108782
0.0269843
0.0435292
0.060539
0.078037
0.0960428
0.114572
0.133634
0.153233
0.173365
0.194018
0.215167
0.236776
0.258795
0.281157
0.303773
0.326535
0.349308
0.371931
0.39421
0.415924
0.436812
0.456584
0.474914
0.491445
0.505796
0.517566
0.526345
0.53173
0.533338
0.530811
0.523854
0.512431
0.496558
0.473829
0.442548
-0.434071
-0.462267
-0.482696
-0.496874
-0.507003
-0.513135
-0.515383
-0.514099
-0.509684
-0.502549
-0.493109
-0.48176
-0.468875
-0.454792
-0.439808
-0.424183
-0.408136
-0.391847
-0.375463
-0.359102
-0.34285
-0.326773
-0.310915
-0.295303
-0.279949
-0.264855
-0.25001
-0.235399
-0.220997
-0.206778
-0.192709
-0.178756
-0.16488
-0.151045
-0.137209
-0.123332
-0.109374
-0.0952928
-0.0810473
-0.0665964
-0.0518995
-0.0369163
-0.0216071
-0.00593309
0.0101435
0.0266591
0.0436485
0.0611446
0.0791776
0.0977746
0.116959
0.136749
0.157157
0.178189
0.199842
0.222101
0.244941
0.26832
0.29218
0.316441
0.341001
0.365728
0.390461
0.415004
0.439125
0.462547
0.484956
0.505992
0.525255
0.542307
0.55668
0.567888
0.575443
0.57887
0.577719
0.57161
0.560446
0.544199
0.520245
0.486769
-0.476497
-0.507079
-0.528869
-0.543506
-0.553434
-0.558763
-0.559677
-0.556629
-0.550123
-0.540669
-0.528769
-0.514899
-0.499494
-0.482942
-0.46558
-0.447694
-0.429522
-0.411254
-0.393043
-0.375004
-0.357222
-0.339755
-0.32264
-0.305893
-0.28952
-0.273509
-0.257844
-0.242497
-0.227436
-0.212626
-0.198025
-0.183592
-0.169283
-0.155052
-0.140853
-0.126639
-0.112364
-0.0979815
-0.0834441
-0.0687059
-0.0537208
-0.0384433
-0.0228282
-0.00683131
0.00959106
0.0264815
0.0438813
0.0618303
0.0803662
0.0995241
0.119336
0.139829
0.161027
0.182945
0.205591
0.228963
0.253047
0.277814
0.303218
0.329189
0.355634
0.382431
0.409422
0.436413
0.463162
0.489382
0.514735
0.538828
0.561212
0.58139
0.598818
0.612919
0.623101
0.628777
0.629379
0.624412
0.613699
0.597146
0.571864
0.535902
-0.523384
-0.556742
-0.580048
-0.595092
-0.60462
-0.608823
-0.60799
-0.602705
-0.593609
-0.581335
-0.566492
-0.549647
-0.53131
-0.511923
-0.491862
-0.471442
-0.450914
-0.430477
-0.410283
-0.390444
-0.371035
-0.352106
-0.33368
-0.315765
-0.298349
-0.281413
-0.264927
-0.248852
-0.233146
-0.217763
-0.202654
-0.187768
-0.173054
-0.158458
-0.143929
-0.129412
-0.114856
-0.100208
-0.0854164
-0.0704287
-0.0551939
-0.039661
-0.0237796
-0.00749966
0.00922844
0.0264536
0.0442238
0.0625861
0.0815861
0.101267
0.121671
0.142836
0.164794
0.187574
0.211197
0.235675
0.261007
0.28718
0.314161
0.341898
0.370311
0.39929
0.428687
0.458311
0.487923
0.517224
0.545858
0.573398
0.599349
0.623148
0.644165
0.661718
0.67509
0.683554
0.68639
0.682954
0.672952
0.656197
0.629477
0.590679
-0.575499
-0.612105
-0.637096
-0.65245
-0.661288
-0.663928
-0.660804
-0.652682
-0.640373
-0.624666
-0.606301
-0.585953
-0.564211
-0.541577
-0.518467
-0.495218
-0.472093
-0.449293
-0.426964
-0.405207
-0.384085
-0.363632
-0.343857
-0.324749
-0.306284
-0.288425
-0.271129
-0.254345
-0.238018
-0.222092
-0.206507
-0.191204
-0.176121
-0.1612
-0.14638
-0.131601
-0.116806
-0.101935
-0.0869306
-0.0717366
-0.0562958
-0.0405519
-0.0244489
-0.00793107
0.00905713
0.026571
0.0446654
0.0633949
0.0828133
0.102973
0.123926
0.145719
0.1684
0.192009
0.216581
0.242144
0.268715
0.296298
0.32488
0.354427
0.384879
0.416144
0.448089
0.480535
0.513249
0.545932
0.578212
0.609635
0.63966
0.667653
0.692891
0.714571
0.731825
0.743754
0.749445
0.748054
0.739124
0.72233
0.694055
0.651992
-0.633808
-0.674241
-0.701095
-0.716583
-0.724316
-0.724795
-0.718667
-0.706935
-0.690635
-0.670748
-0.648174
-0.623706
-0.598022
-0.571685
-0.545147
-0.51876
-0.492793
-0.467438
-0.44283
-0.419051
-0.396145
-0.374123
-0.352974
-0.332668
-0.31316
-0.294396
-0.276317
-0.258856
-0.241945
-0.225516
-0.209498
-0.193821
-0.178417
-0.163216
-0.148153
-0.13316
-0.118172
-0.103127
-0.0879593
-0.0726077
-0.0570101
-0.0411048
-0.0248303
-0.00812533
0.00907166
0.0268223
0.0451885
0.0642323
0.0840157
0.104601
0.126049
0.148421
0.171775
0.196167
0.221647
0.248262
0.276048
0.305031
0.335219
0.366604
0.399151
0.43279
0.467415
0.502867
0.538928
0.575306
0.611624
0.647408
0.682076
0.714924
0.74513
0.771751
0.793744
0.809996
0.819345
0.820685
0.81333
0.796746
0.766805
0.720951
-0.699546
-0.744519
-0.773409
-0.788736
-0.79476
-0.792261
-0.782182
-0.765849
-0.744587
-0.719613
-0.692013
-0.662714
-0.632488
-0.60195
-0.571581
-0.541742
-0.51269
-0.484602
-0.457588
-0.431702
-0.40696
-0.383347
-0.360822
-0.339332
-0.318808
-0.299175
-0.280355
-0.262264
-0.244821
-0.227942
-0.211545
-0.19555
-0.179879
-0.164454
-0.149202
-0.13405
-0.118925
-0.103759
-0.0884827
-0.0730281
-0.0573283
-0.0413165
-0.0249261
-0.00809016
0.00925857
0.027188
0.0457669
0.0650649
0.0851526
0.106101
0.127984
0.150872
0.174838
0.199953
0.226287
0.253904
0.282863
0.313215
0.344995
0.378225
0.412899
0.448984
0.486404
0.525031
0.564676
0.605067
0.645836
0.686502
0.726448
0.764909
0.800959
0.833504
0.861295
0.882957
0.897015
0.902011
0.896934
0.880947
0.849243
0.798947
-0.774312
-0.82471
-0.85578
-0.870463
-0.8739
-0.867292
-0.852006
-0.829798
-0.802363
-0.771205
-0.73762
-0.702681
-0.667246
-0.631977
-0.597365
-0.563761
-0.531399
-0.500422
-0.470901
-0.442852
-0.416254
-0.391053
-0.367178
-0.344543
-0.323053
-0.302608
-0.283109
-0.264454
-0.246544
-0.229281
-0.212572
-0.196325
-0.180452
-0.164868
-0.149491
-0.134241
-0.119041
-0.103815
-0.08849
-0.0729924
-0.0572505
-0.0411926
-0.0247471
-0.00784197
0.00959569
0.0276398
0.0463659
0.0658508
0.0861737
0.107416
0.129659
0.15299
0.177495
0.20326
0.230375
0.258926
0.288995
0.320663
0.353996
0.389049
0.425858
0.46443
0.504731
0.546681
0.590131
0.634847
0.68049
0.726589
0.772512
0.817446
0.860363
0.900011
0.93491
0.963368
0.983513
0.99342
0.991622
0.976826
0.943309
0.88776
-0.860216
-0.917141
-0.950454
-0.963708
-0.963274
-0.950989
-0.928822
-0.899104
-0.863992
-0.825332
-0.78465
-0.743164
-0.701803
-0.661252
-0.62199
-0.584332
-0.548465
-0.514479
-0.48239
-0.452163
-0.423725
-0.396979
-0.371811
-0.3481
-0.32572
-0.304545
-0.28445
-0.265314
-0.247021
-0.229456
-0.212515
-0.196093
-0.180094
-0.164424
-0.148993
-0.133715
-0.118507
-0.103289
-0.0879805
-0.0725053
-0.0567866
-0.0407481
-0.0243138
-0.00740654
0.0100516
0.0281403
0.0469412
0.0665386
0.0870195
0.108474
0.130997
0.154685
0.17964
0.205966
0.233772
0.263167
0.294261
0.327163
0.361979
0.398803
0.437716
0.478776
0.522009
0.56739
0.614834
0.664166
0.7151
0.767201
0.819854
0.872218
0.923184
0.971344
1.01496
1.05198
1.08003
1.09657
1.09948
1.0868
1.05152
0.989706
-0.960093
-1.02492
-1.06037
-1.07092
-1.06472
-1.04458
-1.0133
-0.973972
-0.929331
-0.881605
-0.832559
-0.783533
-0.735496
-0.689118
-0.644827
-0.602871
-0.563358
-0.526299
-0.491638
-0.459268
-0.429055
-0.400847
-0.374483
-0.349801
-0.326639
-0.304842
-0.284258
-0.264745
-0.246168
-0.228399
-0.211318
-0.194811
-0.178772
-0.163097
-0.147692
-0.132463
-0.117322
-0.102184
-0.086964
-0.071582
-0.0559569
-0.0400084
-0.0236563
-0.00681929
0.0105854
0.0286425
0.0474396
0.0670676
0.0876213
0.1092
0.131908
0.155856
0.181159
0.207939
0.236325
0.266451
0.298455
0.332482
0.368674
0.407174
0.448116
0.491619
0.537777
0.586645
0.638219
0.692412
0.749022
0.807692
0.867858
0.928697
0.989056
1.04739
1.10171
1.14954
1.18789
1.21343
1.22313
1.21401
1.17722
1.10787
-1.07785
-1.15228
-1.18941
-1.19519
-1.18042
-1.14935
-1.10599
-1.05439
-0.997964
-0.939351
-0.880531
-0.822916
-0.767458
-0.71475
-0.665119
-0.618694
-0.575472
-0.535354
-0.498186
-0.463775
-0.431911
-0.402378
-0.374961
-0.34945
-0.325648
-0.303364
-0.282422
-0.262658
-0.243917
-0.226056
-0.208942
-0.192451
-0.176466
-0.160879
-0.145586
-0.13049
-0.115497
-0.100516
-0.0854622
-0.0702489
-0.0547923
-0.039009
-0.0228149
-0.00612522
0.0111469
0.0290908
0.0477992
0.0673689
0.0879019
0.109506
0.132295
0.156391
0.181924
0.209034
0.237868
0.268587
0.301359
0.336362
0.373784
0.413817
0.456657
0.502493
0.551503
0.603838
0.659601
0.718824
0.781432
0.84719
0.915651
0.986067
1.05731
1.12775
1.19516
1.25664
1.30847
1.34629
1.36583
1.36256
1.32491
1.24644
-1.21904
-1.30514
-1.34275
-1.3404
-1.31286
-1.26659
-1.2072
-1.13997
-1.06906
-0.997495
-0.927392
-0.86014
-0.796576
-0.737133
-0.681959
-0.631013
-0.584129
-0.541068
-0.501549
-0.465278
-0.431956
-0.401294
-0.373015
-0.346863
-0.322597
-0.299994
-0.278852
-0.258983
-0.240214
-0.222389
-0.205362
-0.188999
-0.173175
-0.157774
-0.142688
-0.127814
-0.113054
-0.0983157
-0.0835081
-0.0685432
-0.0533344
-0.0377953
-0.0218393
-0.00537841
0.0116774
0.0294212
0.0479501
0.0673661
0.0877772
0.109298
0.132053
0.156174
0.181804
0.2091
0.23823
0.269376
0.30274
0.338534
0.376992
0.41836
0.462901
0.510884
0.562584
0.618265
0.678166
0.742475
0.811288
0.88456
0.962032
1.04313
1.12684
1.21157
1.29494
1.37363
1.44313
1.4978
1.53166
1.5379
1.50083
1.41136
-1.39183
-1.49187
-1.52735
-1.51133
-1.46477
-1.39731
-1.31673
-1.22972
-1.14118
-1.05442
-0.971507
-0.893662
-0.821456
-0.755042
-0.694298
-0.638938
-0.588587
-0.542825
-0.501226
-0.46337
-0.428861
-0.397331
-0.368439
-0.341875
-0.31736
-0.294637
-0.273476
-0.25367
-0.235029
-0.217382
-0.200574
-0.18446
-0.16891
-0.153802
-0.139023
-0.124466
-0.110031
-0.0956222
-0.0811461
-0.0665132
-0.0516346
-0.0364224
-0.0207879
-0.00464103
0.0121106
0.029563
0.0478164
0.066977
0.0871578
0.10848
0.131075
0.155084
0.180664
0.207983
0.237231
0.268614
0.302358
0.338716
0.377965
0.420409
0.466378
0.516232
0.570351
0.629133
0.692977
0.762263
0.837316
0.918354
1.0054
1.09819
1.19599
1.29738
1.40003
1.50031
1.59294
1.67078
1.72562
1.74731
1.7138
1.61126
-1.60876
-1.72473
-1.75262
-1.71379
-1.63881
-1.5419
-1.43346
-1.32168
-1.21203
-1.10776
-1.01067
-0.921511
-0.840396
-0.767042
-0.700945
-0.641499
-0.58806
-0.539998
-0.496714
-0.457654
-0.422317
-0.39025
-0.361048
-0.33435
-0.309837
-0.287221
-0.266249
-0.246693
-0.22835
-0.211038
-0.19459
-0.178857
-0.163702
-0.149
-0.134633
-0.120493
-0.106477
-0.0924879
-0.0784314
-0.0642164
-0.0497534
-0.0349533
-0.0197265
-0.00398181
0.0123746
0.0294402
0.0473178
0.0661162
0.0859521
0.106951
0.129251
0.153001
0.178367
0.205532
0.234699
0.266096
0.299978
0.336629
0.376371
0.419562
0.466605
0.51795
0.574091
0.635572
0.702977
0.776916
0.857997
0.946782
1.04371
1.14896
1.2623
1.38278
1.50838
1.63551
1.75829
1.86802
1.95374
2.00056
1.9766
1.85938
-1.89009
-2.0219
-2.03106
-1.95436
-1.83702
-1.69938
-1.55475
-1.41249
-1.27809
-1.15427
-1.04201
-0.94125
-0.851386
-0.771507
-0.700606
-0.637673
-0.581752
-0.531969
-0.487541
-0.447773
-0.412055
-0.379853
-0.3507
-0.32419
-0.299964
-0.277711
-0.257156
-0.238055
-0.220194
-0.203382
-0.187446
-0.172231
-0.157598
-0.143418
-0.129573
-0.115952
-0.102452
-0.0889754
-0.0754282
-0.061719
-0.0477584
-0.0334573
-0.0187262
-0.00347389
0.0123937
0.0289748
0.0463728
0.064698
0.084069
0.104615
0.126476
0.149809
0.174786
0.2016
0.230468
0.261633
0.295374
0.332005
0.371887
0.41543
0.463103
0.515446
0.573069
0.63667
0.70703
0.78502
0.871582
0.967706
1.07436
1.1924
1.32234
1.4641
1.61647
1.77646
1.93815
2.09161
2.22283
2.31063
2.30814
2.17696
-2.27059
-2.41092
-2.37888
-2.23954
-2.05945
-1.8662
-1.67545
-1.49669
-1.33433
-1.18956
-1.06189
-0.949971
-0.85214
-0.766671
-0.69193
-0.626439
-0.568895
-0.51817
-0.47329
-0.433424
-0.397862
-0.365995
-0.337303
-0.31134
-0.287718
-0.266106
-0.246213
-0.227786
-0.210602
-0.194463
-0.179196
-0.164642
-0.150661
-0.137123
-0.123909
-0.110911
-0.0980256
-0.0851556
-0.0722081
-0.0590932
-0.0457224
-0.0320078
-0.0178613
-0.00319243
0.0120917
0.0280886
0.0449011
0.0626393
0.0814222
0.101379
0.122654
0.145404
0.169806
0.196059
0.22439
0.255054
0.288347
0.324606
0.364223
0.407653
0.455424
0.508156
0.566569
0.631508
0.703959
0.785064
0.876138
0.978664
1.09428
1.22468
1.37151
1.53603
1.71859
1.91776
2.12877
2.34152
2.53956
2.6942
2.73693
2.60033
-2.81314
-2.93357
-2.81506
-2.57291
-2.3013
-2.03394
-1.7864
-1.56584
-1.37359
-1.20791
-1.06588
-0.944305
-0.840146
-0.750679
-0.673562
-0.606817
-0.548789
-0.498103
-0.453615
-0.414375
-0.379587
-0.348586
-0.320811
-0.295787
-0.273111
-0.252436
-0.233465
-0.215939
-0.199633
-0.184348
-0.16991
-0.156162
-0.142963
-0.130188
-0.117718
-0.105447
-0.0932738
-0.081104
-0.0688467
-0.0564142
-0.0437205
-0.03068
-0.0172068
-0.00321282
0.0113927
0.026705
0.042825
0.0598607
0.0779295
0.0971597
0.117693
0.139688
0.163321
0.188794
0.216336
0.24621
0.278721
0.31422
0.353122
0.395912
0.443164
0.495561
0.553917
0.619205
0.692598
0.775501
0.869603
0.97692
1.09983
1.2411
1.40379
1.5911
1.8059
2.04982
2.3213
2.61266
2.9075
3.1707
3.30596
3.19488
-3.6321
-3.65031
-3.35765
-2.95029
-2.54885
-2.18662
-1.87296
-1.60794
-1.38661
-1.20242
-1.04898
-0.920705
-0.812913
-0.721803
-0.644316
-0.578002
-0.520897
-0.471423
-0.428305
-0.390506
-0.357176
-0.327617
-0.301247
-0.27758
-0.256204
-0.236774
-0.218991
-0.202598
-0.187373
-0.173123
-0.159674
-0.146876
-0.134592
-0.122698
-0.111082
-0.0996408
-0.0882769
-0.0768993
-0.065421
-0.0537578
-0.0418271
-0.0295468
-0.0168345
-0.00360562
0.0102271
0.0247553
0.0400761
0.0562941
0.0735227
0.0918865
0.111524
0.132588
0.155255
0.179721
0.206215
0.234997
0.266374
0.300702
0.338402
0.379976
0.426022
0.477263
0.534573
0.599024
0.67193
0.754918
0.850009
0.959723
1.0872
1.23633
1.4119
1.61959
1.86589
2.15742
2.4991
2.8907
3.32214
3.75841
4.07681
4.07838
-4.93393
-4.64064
-4.01644
-3.35562
-2.77797
-2.30082
-1.9162
-1.60908
-1.36375
-1.16669
-1.0071
-0.876633
-0.768955
-0.679244
-0.603836
-0.539919
-0.485317
-0.438331
-0.397617
-0.362105
-0.330931
-0.30339
-0.278906
-0.256999
-0.237267
-0.219373
-0.203028
-0.187986
-0.174032
-0.160982
-0.148671
-0.136954
-0.125702
-0.114798
-0.104136
-0.0936156
-0.0831471
-0.0726439
-0.0620237
-0.051207
-0.0401157
-0.0286725
-0.0167993
-0.0044164
0.00855875
0.0222128
0.0366378
0.0519329
0.0682057
0.0855746
0.104171
0.124143
0.145656
0.168901
0.194097
0.221498
0.251398
0.284149
0.320163
0.359938
0.404073
0.453297
0.508508
0.570818
0.641622
0.722684
0.816259
0.925258
1.05347
1.20585
1.38894
1.61129
1.88397
2.2208
2.63782
3.15049
3.76664
4.46679
5.12954
5.46079
-7.17813
-6.00421
-4.75336
-3.73052
-2.93577
-2.3356
-1.88772
-1.55092
-1.29372
-1.09405
-0.936449
-0.810101
-0.707345
-0.622699
-0.552175
-0.492818
-0.442401
-0.399223
-0.361963
-0.329577
-0.301237
-0.27627
-0.25413
-0.234363
-0.216594
-0.200506
-0.18583
-0.172336
-0.159826
-0.148125
-0.137083
-0.126565
-0.116451
-0.106631
-0.0970084
-0.0874906
-0.0779931
-0.068436
-0.0587429
-0.0488401
-0.0386551
-0.0281162
-0.0171509
-0.00568523
0.00635743
0.0190575
0.0325004
0.0467782
0.0619908
0.0782484
0.095673
0.114402
0.13459
0.156415
0.180081
0.205825
0.233926
0.26471
0.298571
0.335977
0.377501
0.423844
0.475874
0.534679
0.601644
0.678546
0.767708
0.872207
0.99619
1.14534
1.32757
1.55405
1.84067
2.21011
2.69467
3.33687
4.18015
5.25642
6.56568
7.80736
-11.5602
-7.80268
-5.29307
-3.82
-2.84177
-2.17229
-1.71135
-1.38442
-1.14418
-0.962309
-0.821122
-0.70915
-0.61873
-0.544602
-0.483045
-0.431362
-0.387549
-0.350088
-0.317809
-0.289793
-0.265308
-0.243765
-0.224685
-0.207668
-0.192385
-0.178556
-0.165945
-0.154348
-0.14359
-0.133518
-0.123996
-0.114906
-0.10614
-0.0976005
-0.0892
-0.0808565
-0.0724941
-0.0640409
-0.0554282
-0.0465898
-0.0374604
-0.0279755
-0.0180698
-0.00767682
0.00327242
0.0148501
0.027133
0.0402035
0.0541511
0.0690741
0.0850817
0.102296
0.120855
0.140917
0.162663
0.186302
0.212082
0.240292
0.271279
0.30546
0.34334
0.38554
0.432832
0.486185
0.546836
0.616389
0.696955
0.791372
0.903543
1.03896
1.20561
1.41537
1.68653
2.04825
2.54905
3.26602
4.30365
5.85009
8.4499
12.3182
-18.9699
-9.55627
-5.06815
-3.24739
-2.28439
-1.70023
-1.32934
-1.07808
-0.896652
-0.759568
-0.652641
-0.567224
-0.497725
-0.440352
-0.392425
-0.351986
-0.317571
-0.288055
-0.262564
-0.240403
-0.221014
-0.203942
-0.188814
-0.175317
-0.163188
-0.152207
-0.142181
-0.132946
-0.124358
-0.116293
-0.108637
-0.101292
-0.0941685
-0.0871845
-0.0802656
-0.0733426
-0.0663507
-0.0592288
-0.0519181
-0.0443618
-0.036504
-0.0282893
-0.0196616
-0.0105641
-0.000937676
0.00927923
0.0201519
0.0317503
0.04415
0.0574339
0.0716933
0.0870301
0.103559
0.12141
0.140731
0.161696
0.184502
0.209384
0.23662
0.266541
0.299545
0.336121
0.376866
0.42253
0.474058
0.532665
0.599936
0.677986
0.769706
0.879165
1.01232
1.17831
1.39197
1.67956
2.09194
2.72597
3.75692
5.67366
10.2794
19.8164
)
;

boundaryField
{
    movingWall
    {
        type            zeroGradient;
    }
    fixedWalls
    {
        type            zeroGradient;
    }
    frontAndBack
    {
        type            empty;
    }
}


// ************************************************************************* //
