/*--------------------------------*- C++ -*----------------------------------*\
  =========                 |
  \\      /  F ield         | OpenFOAM: The Open Source CFD Toolbox
   \\    /   O peration     | Website:  https://openfoam.org
    \\  /    A nd           | Version:  7
     \\/     M anipulation  |
\*---------------------------------------------------------------------------*/
FoamFile
{
    version     2.0;
    format      ascii;
    class       volScalarField;
    location    "0.225";
    object      p;
}
// * * * * * * * * * * * * * * * * * * * * * * * * * * * * * * * * * * * * * //

dimensions      [0 2 -2 0 0 0 0];

internalField   nonuniform List<scalar> 
6400
(
1.96588e-07
1.24678e-05
-0.000494396
-0.00152714
-0.00296927
-0.00471041
-0.0066504
-0.00869971
-0.0107812
-0.0128293
-0.0147891
-0.0166144
-0.0182668
-0.0197146
-0.0209321
-0.0218983
-0.0225972
-0.0230168
-0.0231484
-0.0229867
-0.0225292
-0.0217759
-0.0207294
-0.0193942
-0.0177768
-0.0158853
-0.0137298
-0.0113213
-0.00867265
-0.00579765
-0.00271128
0.00057043
0.00403049
0.00765104
0.0114134
0.0152983
0.0192855
0.0233547
0.0274845
0.0316537
0.0358403
0.0400223
0.0441774
0.0482835
0.0523181
0.0562594
0.0600854
0.0637747
0.0673064
0.0706604
0.073817
0.076758
0.0794659
0.0819246
0.0841196
0.0860377
0.0876679
0.0890009
0.0900297
0.0907497
0.091159
0.0912585
0.0910522
0.0905476
0.0897556
0.0886912
0.0873739
0.0858278
0.0840821
0.0821721
0.0801396
0.0780336
0.0759117
0.0738409
0.0718986
0.0701733
0.068762
0.0677688
0.0673006
0.0673377
-1.08785e-05
2.06258e-06
-0.00045166
-0.00133491
-0.00254853
-0.00401322
-0.00565317
-0.00739612
-0.00917678
-0.0109379
-0.0126299
-0.0142102
-0.0156428
-0.0168974
-0.0179489
-0.0187769
-0.0193653
-0.0197015
-0.0197765
-0.0195842
-0.0191213
-0.018387
-0.0173829
-0.0161124
-0.0145809
-0.0127957
-0.0107654
-0.00850014
-0.0060114
-0.00331187
-0.000415343
0.00266335
0.00590849
0.00930345
0.0128308
0.0164725
0.0202098
0.0240234
0.0278936
0.0318002
0.0357229
0.0396409
0.0435334
0.0473797
0.051159
0.0548505
0.0584341
0.0618899
0.0651983
0.0683408
0.0712994
0.074057
0.076598
0.0789075
0.0809724
0.082781
0.0843235
0.0855919
0.0865804
0.0872853
0.0877057
0.0878434
0.0877029
0.0872921
0.0866224
0.0857086
0.0845697
0.0832292
0.081715
0.0800605
0.0783044
0.0764917
0.074674
0.0729095
0.0712637
0.0698078
0.068615
0.06776
0.0673365
0.0673747
0.000495819
0.000457485
3.61192e-06
-0.000812168
-0.00190262
-0.00320434
-0.00465626
-0.00619824
-0.00777475
-0.0093358
-0.010837
-0.0122398
-0.0135108
-0.0146218
-0.0155487
-0.0162722
-0.0167763
-0.0170487
-0.0170802
-0.0168645
-0.0163978
-0.0156789
-0.0147085
-0.0134895
-0.0120265
-0.0103259
-0.00839557
-0.00624469
-0.00388383
-0.00132473
0.00141975
0.00433579
0.00740864
0.0106227
0.0139616
0.0174083
0.0209451
0.0245539
0.0282159
0.0319122
0.0356236
0.0393303
0.0430129
0.0466517
0.050227
0.0537195
0.05711
0.0603798
0.0635108
0.0664854
0.0692869
0.0718994
0.0743083
0.0764999
0.0784622
0.0801846
0.081658
0.0828755
0.083832
0.0845246
0.084953
0.0851193
0.0850286
0.0846887
0.0841109
0.0833097
0.0823035
0.0811145
0.0797692
0.0782986
0.0767384
0.0751296
0.0735179
0.0719544
0.0704949
0.0691987
0.068125
0.0673341
0.0669114
0.0669083
0.00152902
0.00134361
0.000819844
8.05575e-07
-0.00104694
-0.0022699
-0.00361622
-0.00503522
-0.00647934
-0.00790497
-0.00927299
-0.0105487
-0.0117017
-0.012706
-0.0135394
-0.0141835
-0.0146232
-0.0148467
-0.0148449
-0.0146117
-0.0141431
-0.0134375
-0.0124954
-0.0113192
-0.00991301
-0.00828251
-0.00643492
-0.00437881
-0.00212397
0.000318607
0.00293688
0.00571784
0.00864758
0.0117113
0.0148936
0.0181783
0.0215486
0.0249872
0.0284765
0.0319984
0.0355345
0.0390664
0.0425752
0.0460424
0.0494493
0.0527775
0.056009
0.0591258
0.062111
0.0649478
0.0676205
0.0701143
0.0724152
0.0745106
0.0763892
0.0780412
0.0794582
0.0806339
0.0815637
0.0822454
0.0826789
0.0828664
0.0828131
0.0825267
0.0820181
0.0813012
0.0803934
0.0793156
0.0780924
0.0767524
0.0753282
0.0738565
0.0723781
0.0709376
0.0695831
0.0683651
0.0673338
0.066541
0.0660546
0.0659185
0.00297777
0.0025659
0.00191426
0.00104233
-1.28423e-05
-0.00120641
-0.00249455
-0.00383495
-0.00518734
-0.00651423
-0.00778151
-0.00895848
-0.010018
-0.0109364
-0.0116936
-0.0122724
-0.0126589
-0.012842
-0.0128131
-0.0125661
-0.0120973
-0.011405
-0.0104894
-0.0093526
-0.00799828
-0.00643167
-0.00465943
-0.00268952
-0.00053113
0.00180545
0.0043089
0.00696697
0.00976648
0.0126935
0.0157333
0.0188706
0.0220894
0.0253735
0.0287058
0.0320693
0.0354464
0.0388196
0.042171
0.0454829
0.0487375
0.0519173
0.0550052
0.0579842
0.0608379
0.0635508
0.0661078
0.0684949
0.0706989
0.072708
0.0745116
0.0761003
0.0774665
0.0786043
0.0795096
0.0801803
0.0806165
0.0808207
0.0807977
0.0805549
0.0801028
0.0794543
0.0786258
0.0776365
0.0765091
0.0752696
0.0739474
0.0725751
0.0711886
0.0698266
0.0685302
0.0673418
0.0663045
0.065462
0.0648556
0.0645073
0.0047398
0.00405127
0.00322874
0.00226359
0.00115963
-4.61026e-05
-0.00131642
-0.00261666
-0.00391321
-0.00517428
-0.00637043
-0.00747494
-0.00846386
-0.00931621
-0.0100137
-0.0105411
-0.0108855
-0.0110366
-0.0109867
-0.01073
-0.0102629
-0.00958393
-0.00869314
-0.00759244
-0.00628525
-0.00477643
-0.00307217
-0.00117996
0.000891581
0.00313274
0.00553285
0.0080803
0.0107626
0.0135666
0.0164782
0.019483
0.0225657
0.0257108
0.0289022
0.0321236
0.0353582
0.0385892
0.0417996
0.0449726
0.0480912
0.0511386
0.0540984
0.0569546
0.0596915
0.0622942
0.0647486
0.067041
0.0691593
0.0710919
0.0728289
0.0743615
0.0756824
0.0767861
0.0776687
0.0783283
0.0787651
0.0789814
0.0789817
0.0787731
0.0783651
0.0777698
0.0770023
0.0760803
0.0750242
0.0738574
0.0726063
0.0712995
0.0699683
0.068646
0.0673673
0.0661674
0.0650834
0.0641518
0.0633825
0.0627713
0.00672458
0.00573114
0.00470794
0.0036181
0.00243147
0.00117856
-0.000108792
-0.00140265
-0.00267547
-0.00390056
-0.00505284
-0.00610938
-0.00704937
-0.00785443
-0.00850841
-0.00899764
-0.00931069
-0.00943832
-0.00937345
-0.00911095
-0.00864763
-0.00798203
-0.00711438
-0.00604649
-0.0047816
-0.00332433
-0.00168054
0.000142704
0.00213723
0.00429386
0.00660244
0.00905195
0.0116305
0.0143256
0.0171239
0.0200115
0.022974
0.0259964
0.0290634
0.0321594
0.0352684
0.0383743
0.0414608
0.0445118
0.047511
0.0504424
0.0532903
0.0560391
0.0586742
0.0611809
0.0635459
0.0657561
0.0677998
0.069666
0.0713452
0.0728288
0.0741101
0.0751836
0.0760456
0.0766942
0.0771295
0.0773535
0.0773704
0.0771866
0.0768109
0.0762543
0.0755305
0.0746554
0.0736476
0.0725278
0.0713193
0.0700471
0.0687384
0.0674215
0.0661254
0.0648791
0.0637146
0.0626626
0.0617004
0.060797
0.00885273
0.007541
0.00629811
0.00506048
0.00376516
0.00243742
0.00110477
-0.000210697
-0.00148672
-0.00270121
-0.00383318
-0.00486316
-0.00577336
-0.00654784
-0.00717268
-0.00763591
-0.00792747
-0.00803926
-0.00796507
-0.00770045
-0.00724264
-0.0065905
-0.00574443
-0.00470626
-0.00347916
-0.00206758
-0.000477141
0.00128539
0.00321223
0.00529462
0.00752288
0.00988651
0.0123742
0.0149739
0.0176729
0.0204579
0.0233152
0.0262304
0.0291888
0.0321754
0.035175
0.038172
0.0411509
0.0440959
0.0469917
0.0498227
0.0525738
0.0552302
0.0577774
0.0602017
0.0624899
0.0646297
0.0666095
0.0684189
0.0700485
0.0714902
0.0727373
0.0737843
0.0746278
0.0752656
0.0756976
0.0759255
0.075953
0.0757858
0.0754317
0.0749008
0.0742052
0.0733593
0.0723795
0.0712842
0.0700936
0.0688297
0.0675157
0.0661756
0.0648333
0.0635126
0.0622413
0.0610453
0.0598707
0.0586606
0.0110573
0.00942343
0.0079498
0.00654819
0.0051248
0.00370082
0.00230031
0.000940455
-0.000361109
-0.00158638
-0.00271808
-0.00373989
-0.00463689
-0.00539552
-0.00600393
-0.00645186
-0.0067307
-0.00683354
-0.00675507
-0.00649157
-0.00604083
-0.00540211
-0.00457606
-0.00356462
-0.00237098
-0.000999507
0.000544321
0.002254
0.00412203
0.00613999
0.00829863
0.0105878
0.0129968
0.0155139
0.0181271
0.0208235
0.02359
0.0264127
0.0292775
0.0321701
0.0350756
0.0379792
0.0408659
0.0437204
0.0465279
0.0492735
0.0519423
0.0545202
0.0569932
0.0593479
0.0615715
0.0636521
0.0655783
0.0673401
0.0689282
0.0703346
0.0715527
0.0725772
0.0734043
0.0740318
0.0744592
0.0746878
0.0747207
0.0745628
0.0742211
0.0737044
0.0730235
0.0721912
0.0712218
0.0701315
0.068938
0.06766
0.0663175
0.0649305
0.0635189
0.0621017
0.0607037
0.059347
0.0579481
0.0564263
0.0132826
0.0113284
0.0096186
0.00804219
0.00647658
0.00493993
0.00345379
0.00203117
0.000685681
-0.00056827
-0.00171661
-0.00274601
-0.00364409
-0.00439965
-0.00500276
-0.00544479
-0.00571863
-0.00581853
-0.00574016
-0.00548054
-0.00503811
-0.00441258
-0.0036049
-0.0026172
-0.00145277
-0.000115978
0.00138779
0.00305221
0.00487
0.00683301
0.0089323
0.0111581
0.0135001
0.0159471
0.0184874
0.0211086
0.0237981
0.0265426
0.0293284
0.0321416
0.0349679
0.037793
0.0406023
0.0433812
0.0461151
0.0487895
0.0513902
0.0539032
0.056315
0.0586125
0.0607832
0.0628154
0.0646981
0.0664212
0.0679756
0.0693534
0.070548
0.0715538
0.072367
0.072985
0.0734071
0.0736338
0.0736678
0.0735131
0.0731757
0.0726634
0.0719855
0.0711532
0.0701792
0.0690773
0.0678629
0.0665521
0.0651617
0.0637086
0.062209
0.0606781
0.0591384
0.0576095
0.0559801
0.0541476
0.0154817
0.0132126
0.011265
0.00950694
0.00778903
0.00612741
0.00454182
0.00304176
0.00163737
0.000339993
-0.000839165
-0.00188944
-0.00280082
-0.00356422
-0.00417153
-0.00461581
-0.00489129
-0.0049934
-0.00491878
-0.0046653
-0.00423203
-0.00361916
-0.00282801
-0.001861
-0.000721552
0.000585915
0.00205606
0.00368262
0.00545847
0.0073757
0.00942564
0.0115988
0.0138852
0.016274
0.0187539
0.021313
0.0239389
0.0266189
0.0293396
0.0320877
0.0348493
0.0376103
0.0403567
0.0430742
0.0457486
0.0483658
0.0509119
0.0533732
0.0557365
0.057989
0.0601182
0.0621128
0.0639617
0.0656549
0.0671835
0.0685394
0.0697158
0.0707071
0.0715092
0.0721191
0.0725355
0.0727587
0.0727902
0.0726336
0.0722939
0.0717775
0.0710928
0.0702491
0.0692574
0.0681299
0.0668795
0.0655202
0.064066
0.0625312
0.0609289
0.0592709
0.0575787
0.0558698
0.0540073
0.0518684
0.0176153
0.0150382
0.0128537
0.0109101
0.00903309
0.00723745
0.0055418
0.00395269
0.00247741
0.00112458
-9.7098e-05
-0.00117929
-0.0021142
-0.00289462
-0.00351421
-0.00396757
-0.00425025
-0.00435882
-0.00429091
-0.00404522
-0.00362148
-0.00302042
-0.00224378
-0.00129425
-0.000175472
0.00110803
0.00255087
0.00414684
0.00588892
0.00776935
0.00977964
0.0119106
0.0141525
0.0164947
0.0189264
0.0214359
0.0240113
0.0266401
0.0293094
0.0320062
0.0347168
0.0374278
0.0401253
0.0427953
0.0454241
0.0479976
0.0505024
0.052925
0.0552522
0.0574714
0.0595704
0.0615378
0.0633626
0.0650348
0.0665454
0.0678861
0.0690501
0.0700314
0.0708255
0.0714291
0.0718403
0.0720588
0.0720855
0.0719231
0.0715755
0.0710482
0.0703481
0.0694834
0.0684634
0.0672984
0.0659996
0.0645788
0.0630478
0.0614187
0.0597019
0.0579069
0.0560541
0.0541604
0.0520647
0.0496254
0.0196503
0.0167726
0.0143534
0.0122225
0.0101819
0.00824577
0.00643203
0.0047449
0.0031892
0.00177126
0.000497536
-0.000625672
-0.0015925
-0.00239754
-0.00303607
-0.00350413
-0.0037985
-0.00391691
-0.00385793
-0.00362109
-0.00320678
-0.00261629
-0.00185181
-0.000916376
0.000186152
0.00145108
0.00287296
0.00444554
0.00616189
0.00801432
0.0099945
0.0120935
0.0143016
0.0166087
0.019004
0.0214762
0.0240137
0.0266043
0.0292355
0.0318944
0.0345678
0.0372424
0.0399046
0.0425408
0.0451373
0.0476805
0.0501569
0.0525533
0.0548566
0.0570542
0.0591342
0.0610848
0.0628952
0.0645552
0.0660557
0.0673884
0.0685458
0.0695219
0.0703116
0.0709113
0.0713185
0.0715321
0.0715524
0.0713812
0.0710216
0.0704778
0.0697557
0.068862
0.0678047
0.0665926
0.0652351
0.0637421
0.0621239
0.0603904
0.05855
0.0566102
0.0545914
0.0525098
0.0501821
0.0474488
0.0215577
0.0183872
0.0157363
0.0134176
0.0112107
0.00912952
0.00719178
0.00539977
0.00375621
0.00226547
0.000932137
-0.000239403
-0.00124494
-0.00208074
-0.00274358
-0.00323076
-0.00354033
-0.00367107
-0.00362251
-0.00339493
-0.00298944
-0.00240788
-0.00165291
-0.000727924
0.00036293
0.00161478
0.00302206
0.00457845
0.00627703
0.00811016
0.0100696
0.0121466
0.0143316
0.0166146
0.0189852
0.0214322
0.0239442
0.0265094
0.0291154
0.0317495
0.034399
0.0370505
0.0396909
0.0423066
0.0448841
0.04741
0.0498709
0.0522535
0.054545
0.0567327
0.0588045
0.0607488
0.0625545
0.0642114
0.06571
0.0670417
0.0681989
0.069175
0.0699646
0.0705633
0.0709682
0.0711776
0.071191
0.0710092
0.0706343
0.0700699
0.0693204
0.0683915
0.0672897
0.0660226
0.064598
0.0630244
0.0613105
0.0594646
0.0574935
0.0554032
0.0532143
0.0509432
0.0483852
0.0453642
0.0233128
0.0198564
0.0169773
0.0144712
0.0120965
0.00986723
0.00780125
0.00589919
0.00416207
0.00259258
0.00119368
-3.1892e-05
-0.0010815
-0.00195288
-0.00264412
-0.0031538
-0.00348112
-0.00362586
-0.00358844
-0.00336993
-0.0029721
-0.00239742
-0.00164896
-0.000730516
0.000353468
0.00159788
0.00299699
0.00454442
0.00623318
0.00805568
0.0100037
0.0120686
0.0142409
0.0165109
0.0188681
0.0213017
0.0238005
0.0263527
0.0289462
0.0315686
0.0342072
0.0368489
0.0394806
0.0420889
0.0446605
0.047182
0.0496399
0.0520212
0.0543128
0.0565021
0.0585769
0.0605254
0.0623364
0.0639993
0.0655044
0.0668427
0.0680063
0.0689881
0.0697822
0.0703837
0.0707889
0.0709954
0.0710021
0.0708089
0.070417
0.0698289
0.0690481
0.068079
0.0669272
0.0655988
0.0641005
0.0624396
0.0606232
0.0586586
0.0565512
0.0543061
0.0519442
0.0494827
0.0466965
0.0433934
0.0248934
0.0211576
0.0180537
0.0153611
0.0128179
0.0104386
0.00824139
0.00622553
0.00439061
0.00273791
0.00126889
-1.50892e-05
-0.00111283
-0.00202336
-0.00274601
-0.00328057
-0.00362728
-0.00378686
-0.0037606
-0.00355034
-0.00315853
-0.00258817
-0.00184284
-0.000926735
0.000155384
0.00139817
0.00279569
0.00434145
0.00602839
0.00784889
0.00979479
0.0118574
0.0140274
0.0162951
0.0186503
0.0210822
0.0235797
0.0261313
0.0287249
0.0313483
0.0339889
0.0366337
0.0392698
0.0418838
0.0444624
0.0469922
0.0494598
0.0518521
0.0541559
0.0563585
0.0584474
0.0604107
0.062237
0.0639154
0.0654357
0.0667886
0.0679657
0.0689595
0.0697633
0.0703718
0.0707806
0.0709867
0.0709879
0.0707834
0.0703737
0.0697601
0.0689452
0.0679326
0.0667264
0.065332
0.0637549
0.0620011
0.060077
0.0579888
0.0557409
0.0533375
0.0508006
0.048148
0.0451354
0.0415548
0.0262798
0.0222701
0.0189444
0.0160665
0.0133548
0.0108243
0.00849387
0.00636159
0.00442581
0.00268661
0.00114417
-0.000201383
-0.00135014
-0.00230231
-0.0030584
-0.00361926
-0.00398612
-0.0041606
-0.00414483
-0.00394141
-0.0035534
-0.00298437
-0.00223841
-0.0013201
-0.00023456
0.00101261
0.00241527
0.00396677
0.00565995
0.00748714
0.00944013
0.0115102
0.0136882
0.0159645
0.0183288
0.0207706
0.0232787
0.0258418
0.028448
0.0310851
0.0337405
0.0364014
0.0390547
0.0416873
0.0442858
0.0468367
0.0493267
0.0517423
0.0540703
0.0562979
0.0584124
0.0604014
0.0622533
0.0639568
0.0655014
0.0668773
0.0680755
0.069088
0.0699075
0.070528
0.0709446
0.0711531
0.071151
0.0709365
0.0705092
0.0698694
0.069019
0.0679604
0.0666971
0.0652331
0.0635733
0.0617227
0.0596868
0.057471
0.0550792
0.052515
0.0498012
0.0469572
0.0437195
0.039865
0.0274537
0.0231747
0.01963
0.0165681
0.0136882
0.0110059
0.00854096
0.00629049
0.00425178
0.00242382
0.000805733
-0.000603549
-0.00180519
-0.00280052
-0.00359112
-0.00417883
-0.0045658
-0.00475453
-0.00474792
-0.00454929
-0.00416234
-0.00359119
-0.00284043
-0.00191504
-0.000820495
0.000437319
0.00185204
0.00341684
0.00512442
0.00696702
0.00893639
0.0110238
0.0132201
0.0155156
0.0179002
0.0203633
0.0228939
0.0254807
0.0281118
0.0307751
0.033458
0.0361478
0.0388314
0.0414955
0.0441268
0.0467116
0.0492365
0.0516879
0.0540525
0.056317
0.0584685
0.0604943
0.0623825
0.0641213
0.0656997
0.0671074
0.0683349
0.0693734
0.0702152
0.0708535
0.0712825
0.0714976
0.0714952
0.0712728
0.0708291
0.0701636
0.0692772
0.0681715
0.0668491
0.0653133
0.0635679
0.0616175
0.0594666
0.0571204
0.054582
0.0518547
0.0489628
0.0459267
0.0424645
0.0383383
0.0283983
0.0238537
0.0200922
0.0168473
0.0137996
0.0109655
0.00836534
0.00599564
0.00385271
0.00193461
0.000239505
-0.00123471
-0.0024902
-0.00352935
-0.00435469
-0.00496898
-0.00537525
-0.00557685
-0.00557744
-0.00538098
-0.00499181
-0.00441461
-0.00365446
-0.00271676
-0.00160732
-0.000332335
0.00110158
0.0026874
0.00441768
0.00628452
0.00827963
0.0103942
0.0126191
0.0149446
0.0173606
0.0198565
0.0224214
0.025044
0.0277123
0.0304144
0.0331375
0.035869
0.0385957
0.0413043
0.0439813
0.0466129
0.0491855
0.0516854
0.0540989
0.0564124
0.0586127
0.0606869
0.0626223
0.0644069
0.066029
0.0674779
0.0687434
0.069816
0.0706873
0.0713499
0.0717971
0.0720236
0.0720249
0.0717976
0.0713397
0.0706499
0.0697282
0.0685753
0.0671931
0.065584
0.0637514
0.0616989
0.0594308
0.0569518
0.0542646
0.0513724
0.0483008
0.0450718
0.0413852
0.0369884
0.0290974
0.0242899
0.0203134
0.0168866
0.0136716
0.0106856
0.00795005
0.0054606
0.00321279
0.00120392
-0.000568803
-0.00210836
-0.00341789
-0.0045007
-0.00536021
-0.00600007
-0.00642415
-0.00663658
-0.00664174
-0.00644425
-0.00604908
-0.00546145
-0.00468688
-0.00373124
-0.0026007
-0.00130175
0.000158728
0.0017735
0.00353493
0.005435
0.00746531
0.00961701
0.0118808
0.014247
0.0167056
0.0192458
0.0218568
0.0245272
0.0272452
0.0299985
0.0327746
0.0355607
0.0383435
0.0411095
0.0438452
0.0465367
0.04917
0.0517311
0.0542061
0.0565811
0.0588424
0.0609766
0.0629708
0.0648121
0.0664885
0.0679885
0.0693013
0.0704167
0.0713256
0.0720196
0.0724916
0.0727351
0.0727449
0.0725169
0.072048
0.0713363
0.0703808
0.0691816
0.0677397
0.066057
0.0641361
0.0619803
0.0595934
0.0569798
0.054142
0.051083
0.0478303
0.0444072
0.0404955
0.0358276
0.0295356
0.0244669
0.0202766
0.0166686
0.0132868
0.0101492
0.00727824
0.00466898
0.00231622
0.000216514
-0.00163374
-0.00323837
-0.00460139
-0.00572696
-0.00661936
-0.00728308
-0.00772281
-0.00794339
-0.0079499
-0.00774763
-0.00734214
-0.00673919
-0.00594479
-0.00496521
-0.00380699
-0.00247698
-0.000982297
0.000669566
0.0024708
0.00441324
0.00648834
0.00868716
0.0110003
0.0134181
0.0159304
0.0185265
0.0211954
0.0239258
0.0267057
0.0295229
0.0323648
0.0352183
0.0380703
0.040907
0.0437146
0.046479
0.0491861
0.0518215
0.0543709
0.0568201
0.0591549
0.0613615
0.0634262
0.0653358
0.0670776
0.0686392
0.0700093
0.071177
0.0721322
0.0728658
0.0733698
0.0736369
0.073661
0.0734372
0.0729616
0.0722313
0.0712446
0.0700009
0.0685004
0.0667445
0.0647352
0.0624754
0.0599686
0.0572189
0.0542289
0.0510016
0.047566
0.0439472
0.0398086
0.0348681
0.0296975
0.0243685
0.0199651
0.0161765
0.0126282
0.00933932
0.00633318
0.00360439
0.00114703
-0.00104307
-0.00297019
-0.00463898
-0.00605428
-0.00722105
-0.00814441
-0.00882964
-0.00928217
-0.00950759
-0.00951165
-0.00930032
-0.00887969
-0.00825606
-0.00743594
-0.00642602
-0.00523322
-0.00386471
-0.00232792
-0.00063057
0.00121934
0.00321346
0.0053431
0.0075992
0.00997232
0.0124526
0.0150299
0.0176934
0.0204322
0.0232347
0.026089
0.0289827
0.0319032
0.0348373
0.0377715
0.0406921
0.043585
0.0464358
0.04923
0.0519531
0.0545902
0.0571267
0.059548
0.0618396
0.0639873
0.0659772
0.067796
0.0694306
0.0708687
0.0720987
0.0731098
0.073892
0.0744362
0.0747344
0.0747796
0.0745659
0.0740886
0.073344
0.0723296
0.071044
0.0694869
0.067659
0.0655618
0.063198
0.0605707
0.057684
0.0545403
0.0511429
0.0475225
0.0437058
0.039338
0.034122
0.0295679
0.0239787
0.0193624
0.0153933
0.0116787
0.00823891
0.00509806
0.00225028
-0.000310993
-0.00259055
-0.00459335
-0.00632485
-0.00779061
-0.00899641
-0.00994817
-0.0106519
-0.0111138
-0.0113402
-0.0113374
-0.0111122
-0.0106711
-0.0100209
-0.00916877
-0.00812169
-0.00688703
-0.00547228
-0.00388517
-0.00213366
-0.000225972
0.00182935
0.00402345
0.00634715
0.00879088
0.0113447
0.0139984
0.0167411
0.0195617
0.0224486
0.0253898
0.0283728
0.0313849
0.0344127
0.0374426
0.0404605
0.0434522
0.046403
0.0492981
0.0521224
0.0548608
0.0574982
0.0600193
0.0624091
0.0646528
0.0667358
0.0686438
0.0703633
0.071881
0.0731843
0.0742617
0.0751022
0.0756958
0.0760335
0.0761075
0.0759108
0.0754378
0.0746842
0.0736464
0.0723226
0.0707116
0.0688137
0.0666299
0.0641625
0.0614145
0.05839
0.0550914
0.051522
0.0477145
0.0436973
0.0390971
0.0336014
0.0291315
0.0232814
0.0184517
0.014302
0.0104214
0.00683092
0.00355585
0.000589855
-0.0020743
-0.00444197
-0.00651883
-0.00831103
-0.0098249
-0.011067
-0.012044
-0.0127627
-0.0132299
-0.0134527
-0.0134383
-0.0131937
-0.0127262
-0.0120433
-0.0111523
-0.0100608
-0.00877661
-0.00730751
-0.00566154
-0.00384692
-0.00187211
0.000254147
0.00252283
0.00492461
0.0074498
0.0100884
0.0128299
0.0156636
0.0185781
0.0215618
0.0246026
0.0276878
0.0308046
0.0339394
0.0370785
0.0402074
0.0433117
0.0463764
0.0493863
0.0523259
0.0551796
0.0579318
0.0605666
0.0630684
0.0654217
0.067611
0.0696215
0.0714385
0.073048
0.0744366
0.0755916
0.0765011
0.0771542
0.0775408
0.0776521
0.0774802
0.0770187
0.0762622
0.0752065
0.0738488
0.0721876
0.0702223
0.0679537
0.0653837
0.0625153
0.0593524
0.0558975
0.0521543
0.0481572
0.0439364
0.0390997
0.033319
0.0283727
0.0222603
0.0172163
0.0128857
0.00883885
0.00509793
0.00168924
-0.00139404
-0.00415975
-0.00661385
-0.0087627
-0.0106131
-0.0121722
-0.0134473
-0.0144458
-0.0151752
-0.0156432
-0.0158574
-0.0158257
-0.0155559
-0.0150557
-0.0143331
-0.013396
-0.0122525
-0.0109107
-0.00937879
-0.00766509
-0.00577811
-0.00372655
-0.00151938
0.00083423
0.00332477
0.00594244
0.00867707
0.0115181
0.0144547
0.0174754
0.0205684
0.0237216
0.0269221
0.0301568
0.0334122
0.0366741
0.0399279
0.0431589
0.0463517
0.0494907
0.05256
0.0555435
0.058425
0.0611879
0.0638161
0.0662931
0.0686028
0.0707295
0.0726575
0.074372
0.0758585
0.0771034
0.0780936
0.0788172
0.0792632
0.0794215
0.0792834
0.0788413
0.0780891
0.0770217
0.0756356
0.0739283
0.0718991
0.0695482
0.0668771
0.0638889
0.0605873
0.056975
0.0530558
0.0488662
0.0444383
0.0393602
0.0332881
0.0272753
0.0208984
0.0156389
0.0111265
0.00691329
0.00302214
-0.0005195
-0.00371895
-0.00658464
-0.00912316
-0.0113415
-0.0132472
-0.0148482
-0.0161524
-0.0171681
-0.0179035
-0.018367
-0.018567
-0.018512
-0.0182103
-0.0176705
-0.0169009
-0.0159101
-0.0147064
-0.0132985
-0.0116949
-0.00990425
-0.00793534
-0.00579713
-0.00349879
-0.00104969
0.0015405
0.00426184
0.00710405
0.0100565
0.013108
0.0162473
0.0194623
0.0227407
0.0260697
0.0294359
0.0328255
0.0362242
0.0396171
0.0429891
0.0463245
0.0496073
0.0528211
0.0559493
0.058975
0.0618811
0.0646505
0.0672662
0.0697111
0.0719686
0.074022
0.0758556
0.0774537
0.0788016
0.0798852
0.0806915
0.0812082
0.0814243
0.0813299
0.0809164
0.0801767
0.0791048
0.0776964
0.0759484
0.0738594
0.0714293
0.0686592
0.065552
0.0621117
0.0583408
0.0542435
0.0498582
0.0452189
0.0398938
0.0335226
0.0258228
0.0191786
0.0137017
0.00900663
0.00462651
0.000585275
-0.0030886
-0.00640295
-0.00936683
-0.0119874
-0.0142724
-0.01623
-0.0178689
-0.0191979
-0.0202258
-0.0209619
-0.0214151
-0.0215947
-0.0215097
-0.0211692
-0.0205822
-0.0197578
-0.018705
-0.0174326
-0.0159497
-0.0142651
-0.0123879
-0.0103271
-0.00809203
-0.00569199
-0.00313658
-0.000435613
0.0024008
0.00536227
0.008438
0.0116168
0.0148872
0.018237
0.0216539
0.0251247
0.028636
0.0321737
0.0357233
0.0392697
0.0427974
0.0462903
0.049732
0.0531056
0.0563938
0.0595792
0.0626441
0.0655704
0.0683404
0.070936
0.0733397
0.0755338
0.0775014
0.0792258
0.080691
0.0818819
0.082784
0.083384
0.0836697
0.08363
0.0832553
0.0825374
0.0814693
0.0800458
0.0782632
0.0761193
0.0736137
0.0707472
0.0675224
0.0639434
0.0600129
0.0557351
0.0511507
0.0462954
0.0407169
0.0340378
0.0239978
0.0170828
0.0113863
0.00650726
0.00195966
-0.00223157
-0.00603692
-0.00946476
-0.0125248
-0.0152248
-0.0175731
-0.0195788
-0.0212512
-0.0226
-0.0236348
-0.0243656
-0.0248021
-0.0249544
-0.0248321
-0.024445
-0.0238029
-0.0229153
-0.0217916
-0.0204415
-0.0188741
-0.0170988
-0.0151251
-0.0129622
-0.0106197
-0.00810715
-0.00543433
-0.00261123
0.000351892
0.0034445
0.00665571
0.00997422
0.0133884
0.016886
0.0204545
0.0240808
0.027751
0.031451
0.0351659
0.0388805
0.0425788
0.0462444
0.0498605
0.0534095
0.0568737
0.060235
0.0634747
0.0665743
0.0695149
0.0722777
0.0748439
0.0771949
0.0793125
0.0811789
0.0827768
0.0840898
0.0851021
0.0857993
0.0861676
0.0861949
0.0858704
0.0851845
0.0841295
0.0826991
0.0808889
0.0786959
0.0761192
0.0731594
0.0698188
0.0661015
0.0620103
0.0575497
0.0527622
0.047686
0.0418468
0.0348501
0.0217823
0.0145924
0.00867363
0.00360907
-0.00110677
-0.005448
-0.00938405
-0.0129238
-0.0160777
-0.0188541
-0.0212621
-0.0233115
-0.0250125
-0.0263755
-0.0274111
-0.02813
-0.0285429
-0.0286603
-0.0284928
-0.0280509
-0.027345
-0.0263851
-0.0251814
-0.0237437
-0.022082
-0.0202059
-0.0181252
-0.0158496
-0.0133887
-0.0107525
-0.00795095
-0.00499412
-0.00189244
0.0013434
0.00470242
0.00817324
0.0117441
0.0154027
0.0191363
0.0229316
0.0267748
0.0306514
0.0345464
0.038444
0.0423283
0.0461822
0.0499884
0.0537291
0.0573857
0.0609394
0.0643709
0.0676608
0.0707893
0.0737364
0.0764823
0.0790074
0.0812921
0.0833173
0.0850644
0.0865156
0.0876539
0.0884631
0.0889284
0.0890362
0.0887744
0.0881322
0.0871007
0.0856727
0.0838428
0.0816074
0.0789648
0.0759154
0.0724612
0.0686063
0.0643535
0.0597074
0.054713
0.0494101
0.0433025
0.0359773
0.0191573
0.0116879
0.00554367
0.000291763
-0.00459323
-0.0090845
-0.0131504
-0.0168003
-0.0200455
-0.0228949
-0.0253584
-0.0274467
-0.0291708
-0.030542
-0.0315717
-0.0322715
-0.0326528
-0.0327272
-0.032506
-0.0320003
-0.0312212
-0.0301794
-0.0288857
-0.0273504
-0.0255839
-0.0235964
-0.0213978
-0.0189984
-0.0164079
-0.0136366
-0.0106945
-0.00759211
-0.00433981
-0.00094842
0.00257095
0.00620685
0.00994742
0.0137803
0.0176926
0.0216709
0.0257013
0.029769
0.0338588
0.0379549
0.0420406
0.0460987
0.0501114
0.0540603
0.0579262
0.0616897
0.0653306
0.0688285
0.0721628
0.0753124
0.0782563
0.0809737
0.0834435
0.0856455
0.0875597
0.0891665
0.0904476
0.0913853
0.0919632
0.0921664
0.0919811
0.0913955
0.0903992
0.088984
0.0871434
0.0848731
0.0821708
0.0790361
0.0754711
0.0714795
0.0670642
0.0622303
0.0570246
0.0514891
0.0451044
0.0374388
0.016103
0.00834871
0.0019755
-0.00346584
-0.0085211
-0.0131625
-0.0173572
-0.0211154
-0.024449
-0.0273677
-0.0298822
-0.032004
-0.0337451
-0.0351176
-0.036134
-0.0368067
-0.0371481
-0.0371705
-0.0368862
-0.036307
-0.0354447
-0.0343107
-0.0329164
-0.0312727
-0.0293905
-0.0272803
-0.0249525
-0.0224177
-0.019686
-0.0167677
-0.0136732
-0.010413
-0.00699776
-0.00343831
0.000254148
0.00406809
0.00799158
0.0120122
0.0161169
0.0202923
0.0245242
0.0287978
0.0330976
0.0374074
0.0417105
0.0459892
0.0502251
0.0543992
0.058492
0.062483
0.0663515
0.070076
0.0736349
0.077006
0.0801672
0.0830961
0.0857705
0.0881686
0.0902687
0.0920499
0.0934921
0.0945761
0.0952838
0.0955986
0.0955052
0.0949904
0.0940423
0.0926515
0.0908105
0.0885139
0.0857587
0.0825439
0.0788713
0.0747445
0.0701662
0.0651418
0.0597203
0.0539458
0.0472748
0.0392559
0.0125983
0.00455328
-0.0020529
-0.00768603
-0.0129128
-0.0177043
-0.0220269
-0.0258913
-0.02931
-0.0322938
-0.0348542
-0.0370036
-0.0387549
-0.0401213
-0.0411162
-0.041753
-0.0420452
-0.0420059
-0.0416483
-0.0409851
-0.0400288
-0.0387916
-0.0372854
-0.0355218
-0.0335122
-0.0312676
-0.0287989
-0.0261166
-0.0232316
-0.0201541
-0.0168949
-0.0134645
-0.00987371
-0.00613346
-0.00225499
0.00175012
0.00586986
0.0100918
0.0144029
0.0187895
0.0232375
0.0277318
0.0322569
0.0367963
0.0413329
0.0458487
0.0503249
0.0547419
0.0590795
0.0633166
0.0674315
0.0714019
0.0752051
0.0788177
0.0822163
0.0853773
0.0882768
0.0908914
0.093198
0.0951738
0.0967969
0.0980465
0.0989026
0.0993468
0.0993622
0.0989339
0.0980486
0.0966953
0.0948652
0.0925521
0.0897518
0.086463
0.0826867
0.0784264
0.0736849
0.0684674
0.0628254
0.0568052
0.0498378
0.0414517
0.00862121
0.000278825
-0.00656475
-0.0123923
-0.0177919
-0.0227338
-0.0271831
-0.0311512
-0.0346516
-0.0376958
-0.0402964
-0.0424666
-0.0442206
-0.0455725
-0.046537
-0.0471283
-0.0473611
-0.0472495
-0.0468076
-0.0460489
-0.044987
-0.0436347
-0.0420047
-0.0401091
-0.0379598
-0.0355684
-0.0329462
-0.0301041
-0.0270531
-0.023804
-0.0203673
-0.016754
-0.0129748
-0.00904078
-0.0049632
-0.00075365
0.00357585
0.00801282
0.0125442
0.0171564
0.0218352
0.0265653
0.0313312
0.0361161
0.0409026
0.0456724
0.0504063
0.0550842
0.0596851
0.0641873
0.0685683
0.0728048
0.0768728
0.0807479
0.0844053
0.0878198
0.0909662
0.0938194
0.0963542
0.0985463
0.100372
0.101808
0.102833
0.103426
0.103569
0.103244
0.102438
0.101136
0.0993301
0.0970114
0.0941751
0.0908191
0.0869438
0.0825525
0.0776477
0.0722347
0.0663674
0.0600943
0.0528199
0.0440516
0.0041483
-0.00449874
-0.0115846
-0.0176095
-0.0231835
-0.0282758
-0.0328504
-0.0369196
-0.0404977
-0.0435972
-0.0462315
-0.0484153
-0.0501636
-0.0514919
-0.0524159
-0.0529512
-0.0531134
-0.0529178
-0.0523795
-0.0515131
-0.050333
-0.0488529
-0.0470861
-0.0450455
-0.0427435
-0.0401923
-0.0374036
-0.0343887
-0.0311588
-0.0277248
-0.0240978
-0.0202884
-0.0163078
-0.0121668
-0.00787679
-0.00344938
0.00110348
0.00576933
0.0105352
0.0153874
0.0203116
0.0252928
0.0303151
0.0353616
0.0404147
0.0454557
0.0504651
0.0554222
0.0603055
0.0650925
0.0697597
0.0742831
0.0786373
0.0827969
0.0867355
0.0904265
0.093843
0.0969579
0.0997444
0.102176
0.104227
0.105872
0.107088
0.107851
0.108142
0.10794
0.10723
0.105997
0.104229
0.101917
0.0990555
0.0956402
0.0916715
0.0871522
0.0820845
0.0764737
0.0703762
0.0638426
0.0562499
0.0470833
-0.000845144
-0.00980488
-0.0171385
-0.023364
-0.029114
-0.0343568
-0.0390553
-0.0432225
-0.0468738
-0.0500227
-0.0526837
-0.0548727
-0.0566061
-0.0579005
-0.058773
-0.0592405
-0.0593198
-0.0590275
-0.0583798
-0.0573923
-0.0560804
-0.0544587
-0.0525413
-0.0503419
-0.0478735
-0.0451487
-0.0421798
-0.0389784
-0.035556
-0.0319239
-0.0280929
-0.0240742
-0.0198787
-0.0155174
-0.0110016
-0.00634272
-0.0015528
0.00335586
0.00837031
0.013477
0.0186616
0.0239091
0.0292034
0.0345278
0.0398642
0.0451939
0.0504968
0.055752
0.0609371
0.0660291
0.0710036
0.0758354
0.0804983
0.0849653
0.0892087
0.0932002
0.0969112
0.100313
0.103376
0.106072
0.108374
0.110253
0.111683
0.11264
0.113101
0.113043
0.112449
0.111302
0.109589
0.107298
0.104422
0.100956
0.0969008
0.0922573
0.0870275
0.0812168
0.0748841
0.0680824
0.0601594
0.0505774
-0.0063854
-0.0156667
-0.023254
-0.0296837
-0.0356116
-0.041005
-0.0458256
-0.0500874
-0.0538068
-0.0569985
-0.0596783
-0.0618633
-0.0635713
-0.0648205
-0.0656293
-0.066016
-0.0659989
-0.0655959
-0.0648243
-0.0637012
-0.0622427
-0.0604645
-0.0583818
-0.0560088
-0.0533592
-0.0504464
-0.0472828
-0.0438807
-0.0402518
-0.0364075
-0.0323589
-0.0281171
-0.0236931
-0.0190979
-0.0143426
-0.00943863
-0.00439785
0.000767564
0.00604481
0.0114205
0.0168803
0.0224093
0.0279915
0.0336101
0.0392468
0.0448828
0.0504976
0.0560698
0.0615767
0.0669944
0.0722977
0.0774603
0.0824551
0.0872535
0.0918264
0.0961438
0.100175
0.10389
0.107256
0.110244
0.112823
0.114962
0.116633
0.117809
0.118464
0.118575
0.118119
0.117078
0.115436
0.113182
0.110305
0.1068
0.102665
0.0979023
0.0925119
0.0864996
0.0799267
0.0728486
0.0645826
0.054567
-0.0125003
-0.0221131
-0.0299608
-0.0365985
-0.0427062
-0.0482502
-0.0531909
-0.0575433
-0.0613252
-0.0645522
-0.0672417
-0.0694123
-0.0710834
-0.0722746
-0.0730061
-0.0732977
-0.0731692
-0.0726401
-0.071729
-0.0704542
-0.0688331
-0.0668825
-0.0646184
-0.062056
-0.0592097
-0.0560933
-0.05272
-0.0491022
-0.0452521
-0.0411811
-0.0369007
-0.0324218
-0.0277554
-0.0229124
-0.017904
-0.0127412
-0.00743571
-0.00199958
0.00355465
0.00921371
0.0149636
0.0207894
0.0266753
0.0326043
0.0385584
0.0445184
0.0504636
0.0563723
0.0622212
0.0679857
0.0736399
0.0791566
0.0845072
0.089662
0.0945902
0.0992602
0.10364
0.107695
0.111394
0.114702
0.117586
0.120015
0.121955
0.123378
0.124254
0.124557
0.124263
0.123351
0.121802
0.119602
0.116739
0.113207
0.109002
0.104125
0.0985759
0.0923606
0.0855425
0.0781796
0.0695572
0.0590885
-0.0192197
-0.0291749
-0.0372902
-0.0441404
-0.05043
-0.0561244
-0.0611829
-0.0656214
-0.0694591
-0.0727131
-0.0754022
-0.0775466
-0.0791676
-0.0802867
-0.0809256
-0.0811062
-0.0808498
-0.0801775
-0.0791096
-0.0776657
-0.0758645
-0.0737241
-0.0712614
-0.0684926
-0.0654328
-0.0620966
-0.0584975
-0.0546484
-0.0505617
-0.0462492
-0.0417222
-0.0369919
-0.032069
-0.0269643
-0.0216888
-0.0162534
-0.0106694
-0.00494862
0.000896679
0.00685352
0.0129082
0.0190459
0.0252511
0.031507
0.0377954
0.0440972
0.0503915
0.0566562
0.0628676
0.0690006
0.0750284
0.0809228
0.0866541
0.0921913
0.097502
0.102553
0.107309
0.111735
0.115796
0.119455
0.122676
0.125425
0.127666
0.129365
0.130492
0.131016
0.130911
0.130152
0.128718
0.126592
0.123761
0.120215
0.11595
0.110965
0.105261
0.0988417
0.0917736
0.0841173
0.0751245
0.0641819
-0.0265751
-0.036885
-0.0452762
-0.0523435
-0.0588174
-0.0646619
-0.0698353
-0.0743548
-0.0782408
-0.0815121
-0.0841892
-0.0862943
-0.0878505
-0.0888815
-0.0894109
-0.0894626
-0.0890599
-0.0882256
-0.0869817
-0.0853496
-0.0833493
-0.0810002
-0.0783203
-0.0753268
-0.0720357
-0.0684621
-0.0646203
-0.0605235
-0.0561843
-0.0516147
-0.0468261
-0.0418295
-0.0366357
-0.0312553
-0.0256988
-0.0199769
-0.0141007
-0.00808144
-0.0019311
0.00433773
0.0107117
0.0171764
0.0237164
0.0303152
0.0369549
0.0436162
0.0502782
0.0569186
0.0635134
0.0700367
0.0764613
0.0827579
0.0888956
0.0948421
0.100563
0.106024
0.111187
0.116016
0.120471
0.124514
0.128106
0.131208
0.133782
0.135792
0.137201
0.137978
0.13809
0.137512
0.136218
0.134189
0.131408
0.127864
0.123552
0.118468
0.112613
0.105989
0.0986662
0.0907075
0.0813292
0.0698907
-0.0346006
-0.0452788
-0.0539551
-0.0612447
-0.0679053
-0.0738995
-0.0791846
-0.0837789
-0.0877046
-0.0909822
-0.0936342
-0.0956849
-0.0971597
-0.0980845
-0.0984854
-0.0983883
-0.0978187
-0.0968015
-0.0953607
-0.0935193
-0.091299
-0.0887205
-0.0858033
-0.0825654
-0.0790238
-0.0751944
-0.0710919
-0.06673
-0.0621216
-0.0572789
-0.0522131
-0.0469353
-0.041456
-0.0357855
-0.0299341
-0.023912
-0.0177298
-0.0113985
-0.00492935
0.00166543
0.00837294
0.0151793
0.0220695
0.0290272
0.0360348
0.0430732
0.0501216
0.0571574
0.0641564
0.0710923
0.0779371
0.0846608
0.0912314
0.097615
0.103776
0.109677
0.11528
0.120544
0.125428
0.12989
0.133888
0.13738
0.140324
0.142679
0.144407
0.145469
0.145833
0.145465
0.14434
0.142432
0.139724
0.136201
0.131855
0.126682
0.12068
0.113852
0.10627
0.0980003
0.0882208
0.0762628
-0.0433326
-0.0543945
-0.063366
-0.0708839
-0.0777337
-0.083877
-0.0892698
-0.0939319
-0.0978873
-0.101158
-0.10377
-0.10575
-0.107124
-0.107922
-0.108173
-0.107905
-0.107146
-0.105922
-0.104261
-0.102187
-0.0997241
-0.0968939
-0.0937173
-0.0902138
-0.0864012
-0.0822962
-0.077914
-0.0732689
-0.0683739
-0.0632412
-0.0578823
-0.0523079
-0.0465282
-0.0405534
-0.034393
-0.0280571
-0.0215555
-0.0148986
-0.00809717
-0.00116281
0.00589221
0.0130546
0.0203097
0.027642
0.0350339
0.0424668
0.0499199
0.0573707
0.0647949
0.0721657
0.0794547
0.0866309
0.0936613
0.100511
0.107142
0.113516
0.119592
0.125326
0.130675
0.135594
0.140036
0.143957
0.14731
0.15005
0.152134
0.153521
0.154171
0.154049
0.153123
0.151366
0.148755
0.145273
0.14091
0.135659
0.129518
0.122487
0.114642
0.10605
0.0958532
0.0833504
-0.0528104
-0.0642733
-0.0735516
-0.0813042
-0.088346
-0.0946374
-0.100133
-0.104855
-0.108828
-0.112079
-0.114633
-0.116521
-0.117774
-0.118423
-0.118499
-0.118035
-0.11706
-0.115605
-0.113697
-0.111365
-0.108634
-0.105527
-0.102068
-0.0982757
-0.09417
-0.0897682
-0.0850863
-0.0801387
-0.0749389
-0.069499
-0.0638304
-0.0579436
-0.0518486
-0.0455549
-0.0390718
-0.0324084
-0.0255741
-0.0185786
-0.0114319
-0.00414472
0.00327128
0.0108035
0.0184381
0.0261599
0.0339522
0.0417965
0.0496724
0.0575577
0.0654278
0.0732559
0.081013
0.0886675
0.0961854
0.10353
0.110663
0.117543
0.124127
0.130368
0.136221
0.141636
0.146565
0.150956
0.154761
0.157929
0.160412
0.162163
0.16314
0.163301
0.16261
0.161035
0.15855
0.155133
0.150772
0.145458
0.139184
0.131952
0.12384
0.114918
0.104286
0.0912111
-0.0630766
-0.0749601
-0.0845581
-0.0925526
-0.0997894
-0.106227
-0.111821
-0.116592
-0.12057
-0.123783
-0.12626
-0.128035
-0.129141
-0.129614
-0.129489
-0.1288
-0.127581
-0.125864
-0.123682
-0.121064
-0.118037
-0.114627
-0.110858
-0.106752
-0.10233
-0.0976089
-0.0926057
-0.0873355
-0.0818118
-0.0760467
-0.0700515
-0.0638364
-0.0574109
-0.0507839
-0.0439642
-0.0369601
-0.0297803
-0.0224334
-0.0149287
-0.0072761
0.000513762
0.00842911
0.016457
0.0245829
0.0327909
0.041063
0.0493794
0.0577181
0.0660547
0.0743623
0.0826116
0.0907704
0.0988038
0.106674
0.114341
0.121762
0.12889
0.135678
0.142075
0.14803
0.153488
0.158395
0.162697
0.166339
0.169267
0.17143
0.172777
0.173264
0.172847
0.17149
0.169163
0.165839
0.161501
0.156139
0.149744
0.142315
0.133932
0.12467
0.113584
0.0999078
-0.0741772
-0.0865038
-0.0964362
-0.104681
-0.112115
-0.118698
-0.124382
-0.129192
-0.133159
-0.136314
-0.138691
-0.140326
-0.141259
-0.141526
-0.141167
-0.140222
-0.138726
-0.136717
-0.134227
-0.131291
-0.127938
-0.124195
-0.120089
-0.115643
-0.110878
-0.105814
-0.100467
-0.0948526
-0.088985
-0.0828761
-0.0765369
-0.0699772
-0.0632059
-0.0562314
-0.0490614
-0.0417037
-0.0341658
-0.0264554
-0.0185807
-0.0105506
-0.00237473
0.00593627
0.0143704
0.0229142
0.0315525
0.0402682
0.0490421
0.0578527
0.0666759
0.075485
0.0842504
0.0929396
0.101517
0.109944
0.118178
0.126175
0.133886
0.141261
0.148246
0.154784
0.16082
0.166292
0.171141
0.175308
0.178732
0.181355
0.183122
0.183981
0.183883
0.182786
0.180652
0.177453
0.173164
0.167773
0.161268
0.153647
0.144991
0.135379
0.123818
0.10951
-0.0861629
-0.098958
-0.109241
-0.117745
-0.125381
-0.132106
-0.137872
-0.142706
-0.146644
-0.149719
-0.151969
-0.153435
-0.154161
-0.154188
-0.153561
-0.152323
-0.150514
-0.148175
-0.145343
-0.142054
-0.138341
-0.134233
-0.129759
-0.124943
-0.119809
-0.114375
-0.10866
-0.10268
-0.0964476
-0.0899757
-0.0832747
-0.0763539
-0.0692215
-0.0618851
-0.0543517
-0.0466277
-0.0387197
-0.0306342
-0.0223784
-0.0139596
-0.00538635
0.00333192
0.0121845
0.0211589
0.0302413
0.0394155
0.0486631
0.0579633
0.0672926
0.0766247
0.0859298
0.0951754
0.104325
0.113339
0.122175
0.130785
0.139119
0.147123
0.154741
0.161912
0.168575
0.174664
0.180115
0.184861
0.188837
0.191976
0.194218
0.195501
0.195772
0.19498
0.193082
0.190042
0.185832
0.180435
0.173835
0.166028
0.157098
0.147125
0.135069
0.120094
-0.099089
-0.112382
-0.123036
-0.131808
-0.139648
-0.146512
-0.15235
-0.157193
-0.161079
-0.164047
-0.16614
-0.167403
-0.167884
-0.167633
-0.166697
-0.165125
-0.162962
-0.160252
-0.157038
-0.153358
-0.149247
-0.144739
-0.139863
-0.134646
-0.129112
-0.123282
-0.117174
-0.110803
-0.104185
-0.0973302
-0.0902491
-0.0829506
-0.0754419
-0.0677297
-0.0598198
-0.0517176
-0.0434282
-0.0349569
-0.0263094
-0.0174917
-0.0085108
0.000625296
0.00990724
0.0193241
0.0288632
0.0385096
0.0482461
0.0580528
0.0679069
0.0777827
0.0876508
0.0974785
0.107229
0.116862
0.126334
0.135595
0.144593
0.153271
0.161569
0.169424
0.176767
0.18353
0.189641
0.195027
0.199615
0.203332
0.206108
0.207875
0.20857
0.208135
0.20652
0.203681
0.199585
0.194208
0.187531
0.179546
0.170341
0.159997
0.147422
0.131743
-0.113017
-0.126841
-0.137887
-0.146938
-0.154987
-0.161985
-0.167883
-0.172715
-0.176524
-0.179353
-0.181252
-0.182271
-0.182466
-0.181891
-0.180601
-0.178648
-0.176084
-0.172959
-0.169317
-0.165203
-0.160654
-0.155707
-0.150393
-0.144741
-0.138775
-0.132519
-0.12599
-0.119205
-0.112178
-0.10492
-0.0974408
-0.0897478
-0.0818477
-0.073746
-0.0654472
-0.0569553
-0.0482741
-0.0394072
-0.0303586
-0.0211328
-0.0117352
-0.00217196
0.00754915
0.0174189
0.027426
0.0375571
0.0477964
0.0581252
0.0685218
0.0789611
0.0894146
0.0998496
0.11023
0.120513
0.130656
0.140606
0.150311
0.159709
0.168738
0.17733
0.185411
0.192908
0.199742
0.205833
0.2111
0.215462
0.218839
0.221155
0.222337
0.222319
0.22104
0.21845
0.214508
0.209182
0.20245
0.194299
0.184818
0.174094
0.160976
0.144552
-0.128014
-0.142409
-0.153871
-0.163215
-0.171474
-0.1786
-0.184543
-0.189341
-0.193041
-0.195696
-0.197358
-0.198088
-0.197947
-0.196996
-0.195298
-0.192912
-0.189895
-0.186302
-0.182184
-0.177588
-0.172556
-0.167127
-0.161335
-0.15521
-0.14878
-0.142066
-0.135089
-0.127864
-0.120404
-0.112722
-0.104826
-0.0967216
-0.0884153
-0.0799109
-0.0712115
-0.0623194
-0.0532367
-0.0439654
-0.0345077
-0.024866
-0.0150439
-0.00504564
0.00512288
0.0154543
0.0259393
0.0365661
0.0473207
0.0581859
0.0691413
0.080163
0.0912232
0.10229
0.113327
0.124293
0.135141
0.145821
0.156275
0.166442
0.176254
0.185639
0.19452
0.202816
0.210441
0.217308
0.223327
0.228408
0.232461
0.2354
0.237141
0.237606
0.236726
0.234439
0.230696
0.225459
0.218697
0.210393
0.20064
0.189524
0.175837
0.158622
-0.144157
-0.159168
-0.171074
-0.180724
-0.189197
-0.196443
-0.202412
-0.207147
-0.210703
-0.213138
-0.214515
-0.214901
-0.214366
-0.212981
-0.210814
-0.207935
-0.204406
-0.200288
-0.195638
-0.190507
-0.184942
-0.178984
-0.172671
-0.166034
-0.159102
-0.151898
-0.144442
-0.13675
-0.128835
-0.120708
-0.112375
-0.103844
-0.0951167
-0.0861971
-0.0770861
-0.0677843
-0.0582919
-0.0486087
-0.038735
-0.0286711
-0.0184183
-0.00797884
0.00264366
0.013444
0.0244148
0.0355467
0.0468273
0.0582414
0.0697704
0.0813917
0.0930789
0.104801
0.116522
0.1282
0.13979
0.151239
0.162487
0.173472
0.184122
0.19436
0.204105
0.213269
0.221759
0.22948
0.236331
0.242214
0.247026
0.25067
0.253049
0.254074
0.253663
0.251743
0.248254
0.243149
0.236389
0.227951
0.217928
0.20641
0.192124
0.174069
-0.161532
-0.17721
-0.189593
-0.199564
-0.208252
-0.215608
-0.22158
-0.226218
-0.229587
-0.231751
-0.232783
-0.232762
-0.231767
-0.229878
-0.227175
-0.223733
-0.219624
-0.214917
-0.209673
-0.203949
-0.197796
-0.191259
-0.184378
-0.177187
-0.169714
-0.161985
-0.154019
-0.145832
-0.137437
-0.128843
-0.120056
-0.111081
-0.101919
-0.0925729
-0.0830405
-0.0733207
-0.0634114
-0.0533104
-0.0430155
-0.0325247
-0.0218369
-0.0109519
0.000129152
0.0114035
0.0228663
0.0345104
0.0463259
0.0582996
0.0704149
0.0826515
0.0949842
0.107383
0.119814
0.132236
0.144602
0.156859
0.168947
0.180801
0.192345
0.2035
0.214177
0.224283
0.233718
0.242376
0.250149
0.256924
0.262588
0.267029
0.270137
0.27181
0.271949
0.270469
0.267298
0.262376
0.255654
0.247104
0.236818
0.224887
0.209971
0.19102
-0.180234
-0.19664
-0.209538
-0.219846
-0.228751
-0.236202
-0.242149
-0.246649
-0.249776
-0.251608
-0.252227
-0.251724
-0.250191
-0.24772
-0.244401
-0.240319
-0.235555
-0.230186
-0.224279
-0.217898
-0.211097
-0.203926
-0.196426
-0.188634
-0.18058
-0.172289
-0.163781
-0.155071
-0.14617
-0.137088
-0.127828
-0.118394
-0.108786
-0.0990019
-0.0890395
-0.0788948
-0.0685633
-0.0580403
-0.0473209
-0.0364005
-0.0252754
-0.0139426
-0.00240047
0.00935091
0.0213095
0.0334707
0.0458275
0.0583692
0.0710818
0.0839469
0.0969419
0.110039
0.123204
0.136398
0.149574
0.16268
0.175654
0.188428
0.200925
0.213062
0.224744
0.235872
0.246337
0.256025
0.264815
0.272583
0.279201
0.284544
0.288485
0.290903
0.291687
0.290733
0.287953
0.283275
0.276638
0.268003
0.257463
0.24511
0.229529
0.209618
-0.200374
-0.21758
-0.231034
-0.241698
-0.25082
-0.258347
-0.264232
-0.268544
-0.271367
-0.272792
-0.272916
-0.271845
-0.269684
-0.266539
-0.262513
-0.257702
-0.252198
-0.246085
-0.239439
-0.232329
-0.224815
-0.21695
-0.208777
-0.200336
-0.191658
-0.182767
-0.173682
-0.16442
-0.15499
-0.145398
-0.135648
-0.125741
-0.115674
-0.105443
-0.0950437
-0.0844689
-0.0737117
-0.0627643
-0.0516192
-0.0402688
-0.0287063
-0.0169258
-0.00492265
0.0073062
0.0197617
0.0324426
0.0453446
0.0584601
0.0717781
0.085283
0.0989546
0.112767
0.126689
0.140683
0.154703
0.168696
0.182602
0.19635
0.209861
0.223048
0.235812
0.248046
0.259633
0.27045
0.280363
0.289235
0.296924
0.303285
0.308175
0.311454
0.31299
0.312661
0.31036
0.305999
0.299501
0.290816
0.280035
0.267251
0.250966
0.230025
-0.22208
-0.240167
-0.254227
-0.265266
-0.274601
-0.28218
-0.28796
-0.292021
-0.294463
-0.295392
-0.294925
-0.293183
-0.29029
-0.286366
-0.281528
-0.275887
-0.269546
-0.262599
-0.255129
-0.247213
-0.238914
-0.23029
-0.221387
-0.212245
-0.202897
-0.193366
-0.183672
-0.173828
-0.163844
-0.153722
-0.143466
-0.133072
-0.122536
-0.111851
-0.101009
-0.0900012
-0.0788168
-0.0674452
-0.0558754
-0.0440969
-0.0320996
-0.0198742
-0.00741265
0.00529137
0.0182423
0.0314423
0.0448905
0.0585829
0.0725117
0.0866646
0.101024
0.115569
0.130268
0.145087
0.159983
0.174902
0.189784
0.20456
0.219147
0.233455
0.247381
0.26081
0.273619
0.285673
0.296826
0.306926
0.315813
0.323325
0.329297
0.333568
0.335981
0.336393
0.334675
0.330717
0.324425
0.315733
0.304728
0.291504
0.274473
0.252421
-0.245497
-0.264562
-0.279285
-0.290719
-0.30026
-0.307859
-0.313477
-0.317211
-0.319178
-0.319507
-0.318333
-0.3158
-0.312051
-0.307225
-0.301457
-0.294873
-0.287586
-0.279703
-0.271316
-0.262507
-0.253347
-0.243895
-0.2342
-0.224304
-0.214238
-0.204028
-0.193689
-0.183236
-0.172673
-0.162003
-0.151224
-0.140332
-0.129319
-0.118174
-0.106888
-0.0954459
-0.0838353
-0.072042
-0.0600514
-0.0478495
-0.0354227
-0.022758
-0.00984379
0.00333005
0.0167717
0.0304872
0.0444795
0.0587484
0.0732901
0.0880961
0.103153
0.118441
0.133936
0.149604
0.165404
0.181286
0.197191
0.213047
0.228773
0.244276
0.259447
0.274168
0.288305
0.301712
0.314232
0.325696
0.335926
0.344738
0.351943
0.357356
0.360793
0.362083
0.361069
0.357619
0.351613
0.342968
0.331764
0.318093
0.300268
0.277012
-0.270795
-0.290953
-0.306403
-0.318254
-0.32799
-0.335565
-0.340951
-0.344262
-0.345642
-0.345241
-0.343224
-0.339758
-0.335009
-0.329141
-0.322307
-0.314648
-0.306295
-0.297364
-0.287957
-0.278163
-0.268057
-0.257703
-0.247152
-0.236445
-0.225615
-0.214683
-0.203667
-0.192575
-0.181411
-0.170175
-0.158862
-0.147462
-0.135966
-0.124359
-0.112627
-0.100753
-0.0887206
-0.0765109
-0.0641063
-0.0514888
-0.0386409
-0.0255458
-0.0121879
0.00144711
0.0153714
0.0295953
0.0441259
0.0589675
0.0741206
0.0895811
0.10534
0.121382
0.137686
0.154223
0.170955
0.187835
0.204804
0.221795
0.238724
0.255496
0.272
0.288112
0.303691
0.318579
0.332605
0.345584
0.357318
0.367598
0.37621
0.382938
0.387568
0.389897
0.389735
0.386917
0.381296
0.372766
0.361396
0.347273
0.3286
0.304034
-0.298176
-0.31956
-0.335811
-0.3481
-0.358011
-0.365507
-0.37057
-0.373341
-0.373993
-0.37271
-0.369686
-0.365118
-0.359204
-0.35213
-0.344073
-0.335193
-0.325637
-0.315534
-0.304994
-0.294114
-0.282975
-0.271641
-0.260167
-0.248592
-0.236948
-0.225256
-0.213528
-0.201772
-0.189987
-0.17817
-0.16631
-0.154397
-0.142415
-0.130346
-0.118171
-0.105871
-0.0934228
-0.0808057
-0.0679972
-0.0549752
-0.041718
-0.0282048
-0.0144156
-0.000331819
0.0140634
0.0287846
0.043844
0.0592505
0.0750095
0.0911218
0.107584
0.124385
0.141509
0.158931
0.176618
0.194528
0.212604
0.23078
0.248975
0.267094
0.285022
0.30263
0.319771
0.336276
0.351961
0.366622
0.380039
0.391978
0.402195
0.41044
0.416463
0.420019
0.420883
0.418849
0.413736
0.405405
0.393912
0.379336
0.359757
0.333756
-0.327875
-0.350644
-0.367781
-0.380526
-0.390583
-0.397925
-0.40255
-0.404635
-0.404389
-0.402036
-0.397809
-0.391942
-0.384666
-0.376199
-0.366741
-0.356476
-0.345565
-0.334152
-0.322358
-0.310285
-0.298018
-0.285624
-0.273157
-0.260656
-0.24815
-0.235658
-0.223188
-0.210744
-0.19832
-0.185909
-0.173497
-0.161067
-0.148599
-0.136071
-0.123461
-0.110742
-0.0978902
-0.084878
-0.0716792
-0.0582675
-0.0446167
-0.0307015
-0.0164973
-0.00198099
0.0128692
0.0280728
0.0436471
0.0596063
0.0759612
0.0927183
0.109879
0.12744
0.14539
0.16371
0.182373
0.20134
0.220561
0.239973
0.259497
0.279038
0.298483
0.317698
0.336528
0.354798
0.372307
0.388834
0.404136
0.41795
0.429998
0.439993
0.44764
0.452651
0.454749
0.453685
0.44923
0.441206
0.429649
0.414624
0.394071
0.36649
-0.360174
-0.384515
-0.402635
-0.415854
-0.426012
-0.433099
-0.43714
-0.438355
-0.437001
-0.433351
-0.427686
-0.420286
-0.411421
-0.401343
-0.390283
-0.378446
-0.366014
-0.353142
-0.339961
-0.32658
-0.313086
-0.299549
-0.286019
-0.272536
-0.259122
-0.245793
-0.232553
-0.2194
-0.206324
-0.193312
-0.180343
-0.167397
-0.154449
-0.141471
-0.128435
-0.115311
-0.102069
-0.0886783
-0.075107
-0.0613244
-0.0472996
-0.0330025
-0.0184038
-0.00347533
0.0118097
0.0274763
0.043547
0.060042
0.0769779
0.0943676
0.112219
0.130535
0.149312
0.168537
0.188189
0.208237
0.228637
0.249331
0.270245
0.291286
0.312341
0.333276
0.353932
0.374122
0.393636
0.412231
0.429642
0.445576
0.459716
0.471731
0.481277
0.48801
0.491597
0.491728
0.488119
0.480539
0.468995
0.453532
0.431932
0.4026
-0.39541
-0.421547
-0.440762
-0.454463
-0.464656
-0.471356
-0.474624
-0.474737
-0.472015
-0.466792
-0.459409
-0.450199
-0.439479
-0.427542
-0.41465
-0.401035
-0.386896
-0.372403
-0.357695
-0.342887
-0.328066
-0.3133
-0.29864
-0.284117
-0.269753
-0.255555
-0.241522
-0.227644
-0.213907
-0.200289
-0.186767
-0.173311
-0.159891
-0.146475
-0.133029
-0.119518
-0.105906
-0.0921568
-0.0782352
-0.0641047
-0.0497298
-0.0350754
-0.020107
-0.00479127
0.0109039
0.0270092
0.043553
0.0605618
0.0780586
0.0960632
0.114591
0.133652
0.153249
0.17338
0.194031
0.215179
0.236787
0.258805
0.281165
0.30378
0.32654
0.349312
0.371933
0.394211
0.415923
0.43681
0.45658
0.474909
0.491439
0.505788
0.517556
0.526333
0.531716
0.533321
0.530792
0.523832
0.512406
0.49653
0.473798
0.442512
-0.433993
-0.462194
-0.482628
-0.496808
-0.506941
-0.513076
-0.515327
-0.514046
-0.509633
-0.502501
-0.493063
-0.481717
-0.468834
-0.454753
-0.439771
-0.424148
-0.408101
-0.391814
-0.375431
-0.359071
-0.34282
-0.326744
-0.310886
-0.295275
-0.279921
-0.264827
-0.249982
-0.235371
-0.22097
-0.20675
-0.192681
-0.178728
-0.164852
-0.151016
-0.13718
-0.123304
-0.109346
-0.0952646
-0.0810193
-0.0665688
-0.0518723
-0.0368896
-0.021581
-0.00590774
0.010168
0.0266826
0.043671
0.061166
0.0791978
0.0977936
0.116977
0.136765
0.157172
0.178203
0.199854
0.222112
0.24495
0.268328
0.292186
0.316446
0.341004
0.365729
0.390461
0.415003
0.439122
0.462544
0.484951
0.505986
0.525247
0.542297
0.556668
0.567875
0.575427
0.578852
0.577699
0.571586
0.560419
0.54417
0.520212
0.486731
-0.47642
-0.507008
-0.528802
-0.543442
-0.553374
-0.558705
-0.559622
-0.556577
-0.550073
-0.540622
-0.528724
-0.514856
-0.499454
-0.482904
-0.465544
-0.44766
-0.429489
-0.411223
-0.393013
-0.374975
-0.357194
-0.339727
-0.322612
-0.305866
-0.289493
-0.273483
-0.257817
-0.24247
-0.227409
-0.212599
-0.197998
-0.183565
-0.169256
-0.155025
-0.140825
-0.126612
-0.112337
-0.0979545
-0.0834174
-0.0686795
-0.0536948
-0.0384178
-0.0228034
-0.0068072
0.00961432
0.0265038
0.0439026
0.0618504
0.0803851
0.0995417
0.119352
0.139844
0.16104
0.182957
0.205601
0.228972
0.253055
0.27782
0.303222
0.329191
0.355635
0.382431
0.409421
0.43641
0.463157
0.489377
0.514728
0.538819
0.561202
0.581378
0.598805
0.612904
0.623084
0.628758
0.629357
0.624388
0.613671
0.597115
0.57183
0.535864
-0.523309
-0.556672
-0.579982
-0.595029
-0.604561
-0.608767
-0.607936
-0.602654
-0.593561
-0.581289
-0.566449
-0.549606
-0.531271
-0.511886
-0.491828
-0.471409
-0.450882
-0.430447
-0.410254
-0.390416
-0.371008
-0.352079
-0.333654
-0.315739
-0.298324
-0.281388
-0.264901
-0.248826
-0.23312
-0.217737
-0.202628
-0.187743
-0.173028
-0.158432
-0.143903
-0.129386
-0.11483
-0.100183
-0.0853909
-0.0704035
-0.055169
-0.0396367
-0.023756
-0.00747679
0.00925044
0.0264746
0.0442437
0.0626049
0.0816036
0.101284
0.121686
0.142849
0.164806
0.187585
0.211206
0.235682
0.261013
0.287184
0.314164
0.341899
0.370311
0.399288
0.428684
0.458307
0.487917
0.517217
0.545849
0.573388
0.599338
0.623135
0.644151
0.661702
0.675072
0.683533
0.686367
0.682929
0.672924
0.656166
0.629442
0.590639
-0.575426
-0.612037
-0.637032
-0.652389
-0.661231
-0.663873
-0.660752
-0.652632
-0.640326
-0.624621
-0.60626
-0.585914
-0.564174
-0.541542
-0.518434
-0.495186
-0.472063
-0.449264
-0.426936
-0.40518
-0.384059
-0.363607
-0.343832
-0.324725
-0.30626
-0.288401
-0.271105
-0.254321
-0.237994
-0.222068
-0.206483
-0.191179
-0.176097
-0.161175
-0.146355
-0.131576
-0.116781
-0.10191
-0.0869063
-0.0717125
-0.0562722
-0.0405288
-0.0244265
-0.00790943
0.00907789
0.0265907
0.0446841
0.0634124
0.0828295
0.102988
0.123939
0.145731
0.168411
0.192018
0.216589
0.24215
0.26872
0.296301
0.324881
0.354427
0.384877
0.41614
0.448084
0.480529
0.513242
0.545923
0.578202
0.609624
0.639647
0.667638
0.692875
0.714553
0.731806
0.743732
0.749421
0.748027
0.739095
0.722298
0.69402
0.651952
-0.633738
-0.674176
-0.701033
-0.716524
-0.724259
-0.724742
-0.718616
-0.706887
-0.69059
-0.670705
-0.648133
-0.623668
-0.597987
-0.571652
-0.545115
-0.51873
-0.492764
-0.467411
-0.442804
-0.419026
-0.39612
-0.3741
-0.352951
-0.332645
-0.313137
-0.294374
-0.276294
-0.258833
-0.241923
-0.225493
-0.209475
-0.193798
-0.178394
-0.163193
-0.148129
-0.133136
-0.118149
-0.103103
-0.0879361
-0.0725849
-0.0569877
-0.0410829
-0.0248091
-0.00810489
0.00909122
0.0268409
0.0452059
0.0642485
0.0840307
0.104615
0.126062
0.148432
0.171784
0.196175
0.221654
0.248267
0.276051
0.305032
0.335219
0.366603
0.399147
0.432785
0.467409
0.502859
0.538919
0.575295
0.611612
0.647395
0.682061
0.714908
0.745113
0.771732
0.793724
0.809973
0.81932
0.820658
0.8133
0.796714
0.766769
0.720911
-0.699479
-0.744457
-0.77335
-0.788679
-0.794706
-0.79221
-0.782133
-0.765803
-0.744543
-0.719572
-0.691974
-0.662678
-0.632454
-0.601918
-0.571551
-0.541713
-0.512663
-0.484577
-0.457563
-0.431679
-0.406938
-0.383325
-0.360801
-0.33931
-0.318786
-0.299154
-0.280334
-0.262243
-0.2448
-0.22792
-0.211523
-0.195528
-0.179857
-0.164432
-0.14918
-0.134027
-0.118903
-0.103737
-0.0884607
-0.0730064
-0.0573071
-0.0412958
-0.024906
-0.00807088
0.00927697
0.0272054
0.0457832
0.06508
0.0851664
0.106114
0.127995
0.150881
0.174846
0.19996
0.226292
0.253907
0.282865
0.313215
0.344994
0.378222
0.412895
0.448978
0.486396
0.525022
0.564665
0.605055
0.645823
0.686487
0.726432
0.764892
0.80094
0.833484
0.861274
0.882934
0.89699
0.901983
0.896904
0.880915
0.849207
0.798907
-0.774249
-0.824651
-0.855723
-0.870408
-0.873848
-0.867243
-0.851959
-0.829754
-0.802321
-0.771166
-0.737583
-0.702647
-0.667214
-0.631947
-0.597337
-0.563735
-0.531374
-0.500398
-0.470878
-0.442831
-0.416233
-0.391033
-0.367158
-0.344523
-0.323033
-0.302589
-0.283089
-0.264434
-0.246524
-0.229261
-0.212552
-0.196305
-0.180432
-0.164848
-0.14947
-0.13422
-0.11902
-0.103794
-0.0884692
-0.0729719
-0.0572304
-0.041173
-0.0247282
-0.00782379
0.00961301
0.0276562
0.0463811
0.0658649
0.0861865
0.107427
0.129669
0.152999
0.177502
0.203266
0.230379
0.258928
0.288996
0.320662
0.353993
0.389045
0.425852
0.464422
0.504722
0.54667
0.590119
0.634834
0.680476
0.726573
0.772495
0.817427
0.860343
0.89999
0.934888
0.963344
0.983487
0.993392
0.991592
0.976794
0.943273
0.887721
-0.860156
-0.917084
-0.9504
-0.963656
-0.963224
-0.950942
-0.928777
-0.899062
-0.863952
-0.825294
-0.784615
-0.743131
-0.701773
-0.661223
-0.621963
-0.584307
-0.548441
-0.514457
-0.482369
-0.452143
-0.423706
-0.39696
-0.371792
-0.348082
-0.325702
-0.304527
-0.284432
-0.265296
-0.247002
-0.229438
-0.212496
-0.196074
-0.180075
-0.164404
-0.148973
-0.133695
-0.118487
-0.103269
-0.0879608
-0.0724859
-0.0567675
-0.0407296
-0.0242959
-0.00738939
0.0100679
0.0281556
0.0469555
0.0665517
0.0870314
0.108485
0.131006
0.154693
0.179646
0.205971
0.233775
0.263168
0.29426
0.327161
0.361975
0.398797
0.437709
0.478768
0.521998
0.567378
0.614821
0.664152
0.715084
0.767185
0.819836
0.872198
0.923164
0.971323
1.01494
1.05196
1.08001
1.09654
1.09945
1.08677
1.05149
0.989668
-0.960037
-1.02487
-1.06032
-1.07087
-1.06468
-1.04453
-1.01325
-0.973932
-0.929293
-0.881569
-0.832526
-0.783502
-0.735468
-0.689091
-0.644802
-0.602847
-0.563336
-0.526279
-0.491618
-0.459249
-0.429037
-0.400829
-0.374466
-0.349784
-0.326623
-0.304825
-0.284241
-0.264728
-0.246151
-0.228381
-0.2113
-0.194793
-0.178753
-0.163079
-0.147673
-0.132444
-0.117303
-0.102165
-0.0869454
-0.0715636
-0.0559389
-0.0399909
-0.0236394
-0.00680307
0.0106008
0.028657
0.0474531
0.0670799
0.0876324
0.10921
0.131916
0.155863
0.181164
0.207943
0.236327
0.266451
0.298454
0.332479
0.368669
0.407168
0.448108
0.491609
0.537766
0.586632
0.638205
0.692397
0.749006
0.807674
0.86784
0.928677
0.989035
1.04737
1.10169
1.14951
1.18786
1.2134
1.2231
1.21398
1.17719
1.10783
-1.0778
-1.15223
-1.18936
-1.19515
-1.18038
-1.14931
-1.10595
-1.05435
-0.997928
-0.939317
-0.8805
-0.822887
-0.767431
-0.714725
-0.665095
-0.618672
-0.575451
-0.535335
-0.498168
-0.463757
-0.431894
-0.402361
-0.374945
-0.349435
-0.325632
-0.303348
-0.282407
-0.262642
-0.2439
-0.226039
-0.208925
-0.192434
-0.176449
-0.160862
-0.145569
-0.130472
-0.115479
-0.100499
-0.0854446
-0.0702315
-0.0547753
-0.0389924
-0.0227989
-0.00610984
0.0111615
0.0291045
0.0478119
0.0673805
0.0879123
0.109515
0.132302
0.156397
0.181929
0.209037
0.23787
0.268587
0.301357
0.336359
0.373779
0.413811
0.456648
0.502483
0.551492
0.603825
0.659586
0.718808
0.781414
0.847172
0.915631
0.986046
1.05729
1.12772
1.19514
1.25661
1.30844
1.34627
1.3658
1.36253
1.32488
1.24641
-1.21899
-1.30509
-1.3427
-1.34035
-1.31282
-1.26655
-1.20716
-1.13994
-1.06903
-0.997463
-0.927362
-0.860112
-0.796551
-0.737109
-0.681937
-0.630992
-0.58411
-0.54105
-0.501532
-0.465262
-0.43194
-0.401279
-0.373001
-0.346849
-0.322582
-0.29998
-0.278837
-0.258968
-0.240199
-0.222374
-0.205347
-0.188983
-0.173159
-0.157758
-0.142671
-0.127797
-0.113037
-0.0982989
-0.0834914
-0.0685268
-0.0533183
-0.0377796
-0.0218241
-0.00536379
0.0116913
0.0294343
0.0479622
0.0673771
0.087787
0.109307
0.13206
0.15618
0.181809
0.209103
0.238231
0.269376
0.302738
0.33853
0.376986
0.418353
0.462892
0.510873
0.562572
0.618251
0.678151
0.742459
0.81127
0.884541
0.962011
1.04311
1.12682
1.21155
1.29492
1.3736
1.4431
1.49777
1.53163
1.53787
1.5008
1.41132
-1.39178
-1.49183
-1.52731
-1.51129
-1.46473
-1.39727
-1.31669
-1.22969
-1.14115
-1.05438
-0.971478
-0.893635
-0.821432
-0.755019
-0.694277
-0.638919
-0.588569
-0.542809
-0.50121
-0.463355
-0.428847
-0.397317
-0.368425
-0.341862
-0.317346
-0.294623
-0.273463
-0.253656
-0.235015
-0.217368
-0.200559
-0.184445
-0.168895
-0.153787
-0.139008
-0.124451
-0.110016
-0.0956063
-0.0811304
-0.0664975
-0.0516193
-0.0364074
-0.0207734
-0.00462706
0.0121239
0.0295755
0.047828
0.0669876
0.0871672
0.108488
0.131082
0.15509
0.180668
0.207986
0.237232
0.268613
0.302356
0.338712
0.37796
0.420401
0.466369
0.516221
0.570339
0.629119
0.692961
0.762246
0.837298
0.918335
1.00538
1.09817
1.19597
1.29736
1.4
1.50028
1.59291
1.67075
1.72559
1.74728
1.71377
1.61123
-1.60871
-1.72469
-1.75257
-1.71375
-1.63877
-1.54186
-1.43343
-1.32165
-1.21199
-1.10773
-1.01064
-0.921486
-0.840373
-0.76702
-0.700926
-0.641481
-0.588044
-0.539983
-0.496699
-0.45764
-0.422304
-0.390237
-0.361035
-0.334338
-0.309824
-0.287209
-0.266236
-0.246681
-0.228338
-0.211025
-0.194576
-0.178843
-0.163688
-0.148986
-0.134619
-0.120478
-0.106462
-0.0924729
-0.0784164
-0.0642016
-0.0497388
-0.034939
-0.0197126
-0.0039684
0.0123873
0.0294523
0.047329
0.0661264
0.0859611
0.106959
0.129258
0.153006
0.178371
0.205534
0.2347
0.266095
0.299975
0.336625
0.376365
0.419555
0.466596
0.517939
0.574079
0.635559
0.702962
0.776899
0.857979
0.946763
1.04369
1.14894
1.26227
1.38275
1.50836
1.63549
1.75826
1.868
1.95372
2.00054
1.97656
1.85935
-1.89005
-2.02186
-2.03102
-1.95433
-1.83698
-1.69935
-1.55471
-1.41246
-1.27807
-1.15425
-1.04198
-0.941227
-0.851364
-0.771487
-0.700588
-0.637656
-0.581736
-0.531955
-0.487527
-0.44776
-0.412043
-0.379841
-0.350689
-0.324178
-0.299953
-0.2777
-0.257144
-0.238043
-0.220182
-0.203369
-0.187433
-0.172218
-0.157585
-0.143405
-0.129559
-0.115938
-0.102438
-0.0889612
-0.0754139
-0.0617048
-0.0477443
-0.0334435
-0.0187128
-0.00346092
0.0124061
0.0289865
0.0463836
0.0647079
0.0840779
0.104623
0.126483
0.149815
0.17479
0.201603
0.230469
0.261633
0.295372
0.332002
0.371882
0.415423
0.463095
0.515435
0.573057
0.636656
0.707015
0.785003
0.871564
0.967687
1.07434
1.19238
1.32232
1.46407
1.61644
1.77643
1.93813
2.09158
2.22281
2.3106
2.30811
2.17693
-2.27055
-2.41089
-2.37885
-2.2395
-2.05942
-1.86617
-1.67541
-1.49666
-1.3343
-1.18953
-1.06186
-0.949948
-0.852119
-0.766652
-0.691912
-0.626423
-0.568881
-0.518156
-0.473277
-0.433413
-0.397851
-0.365984
-0.337293
-0.311329
-0.287708
-0.266096
-0.246203
-0.227775
-0.210591
-0.194452
-0.179184
-0.16463
-0.150648
-0.13711
-0.123896
-0.110898
-0.0980122
-0.085142
-0.0721945
-0.0590796
-0.0457088
-0.0319945
-0.0178482
-0.00317982
0.0121038
0.0281
0.0449118
0.0626491
0.0814311
0.101387
0.12266
0.145409
0.16981
0.196062
0.224391
0.255054
0.288345
0.324602
0.364218
0.407646
0.455416
0.508146
0.566557
0.631495
0.703945
0.785048
0.87612
0.978645
1.09426
1.22466
1.37149
1.53601
1.71856
1.91774
2.12875
2.3415
2.53953
2.69417
2.7369
2.6003
-2.8131
-2.93354
-2.81503
-2.57288
-2.30126
-2.03391
-1.78636
-1.56581
-1.37356
-1.20788
-1.06585
-0.944283
-0.840126
-0.750661
-0.673546
-0.606801
-0.548775
-0.49809
-0.453603
-0.414364
-0.379576
-0.348576
-0.320801
-0.295778
-0.273102
-0.252427
-0.233456
-0.215929
-0.199623
-0.184338
-0.169899
-0.156151
-0.142952
-0.130176
-0.117706
-0.105434
-0.0932611
-0.081091
-0.0688336
-0.0564011
-0.0437074
-0.0306671
-0.017194
-0.00320043
0.0114046
0.0267164
0.0428356
0.0598706
0.0779385
0.0971677
0.1177
0.139693
0.163325
0.188797
0.216338
0.246211
0.278719
0.314217
0.353118
0.395906
0.443157
0.495552
0.553906
0.619193
0.692584
0.775485
0.869586
0.976902
1.09981
1.24108
1.40376
1.59107
1.80588
2.0498
2.32127
2.61264
2.90747
3.17067
3.30593
3.19485
-3.63207
-3.65027
-3.35761
-2.95025
-2.54882
-2.18659
-1.87293
-1.60792
-1.38659
-1.2024
-1.04896
-0.920684
-0.812893
-0.721786
-0.6443
-0.577988
-0.520884
-0.471411
-0.428294
-0.390496
-0.357167
-0.327608
-0.301239
-0.277571
-0.256196
-0.236766
-0.218982
-0.202589
-0.187364
-0.173113
-0.159665
-0.146866
-0.134581
-0.122687
-0.111071
-0.099629
-0.0882647
-0.0768869
-0.0654084
-0.0537451
-0.0418143
-0.0295341
-0.0168219
-0.00359336
0.010239
0.0247666
0.0400868
0.0563041
0.0735319
0.0918948
0.111531
0.132595
0.15526
0.179725
0.206217
0.234998
0.266374
0.3007
0.338399
0.379971
0.426016
0.477254
0.534563
0.599012
0.671916
0.754903
0.849993
0.959705
1.08718
1.23631
1.41188
1.61957
1.86587
2.15739
2.49907
2.89067
3.32211
3.75838
4.07679
4.07836
-4.9339
-4.64061
-4.01641
-3.35559
-2.77794
-2.30079
-1.91617
-1.60905
-1.36372
-1.16666
-1.00707
-0.876612
-0.768936
-0.679227
-0.603821
-0.539905
-0.485305
-0.43832
-0.397607
-0.362096
-0.330922
-0.303382
-0.278898
-0.256991
-0.23726
-0.219366
-0.203021
-0.187978
-0.174024
-0.160974
-0.148662
-0.136945
-0.125693
-0.114788
-0.104125
-0.0936043
-0.0831355
-0.072632
-0.0620115
-0.0511945
-0.0401032
-0.0286599
-0.0167868
-0.00440414
0.0085707
0.0222243
0.0366488
0.0519432
0.0682152
0.0855833
0.104179
0.124149
0.145662
0.168906
0.1941
0.221499
0.251399
0.284147
0.32016
0.359934
0.404067
0.453289
0.508498
0.570807
0.641609
0.72267
0.816244
0.925241
1.05345
1.20583
1.38892
1.61127
1.88395
2.22077
2.63779
3.15047
3.76661
4.46676
5.12952
5.46076
-7.1781
-6.00418
-4.75333
-3.73048
-2.93573
-2.33557
-1.88769
-1.55089
-1.2937
-1.09402
-0.936427
-0.81008
-0.707326
-0.622683
-0.552161
-0.492805
-0.44239
-0.399213
-0.361954
-0.329569
-0.30123
-0.276264
-0.254123
-0.234357
-0.216588
-0.2005
-0.185824
-0.17233
-0.159819
-0.148118
-0.137075
-0.126556
-0.116441
-0.106622
-0.0969981
-0.0874798
-0.0779819
-0.0684244
-0.058731
-0.0488278
-0.0386427
-0.0281037
-0.0171384
-0.00567285
0.00636957
0.0190693
0.0325118
0.046789
0.0620009
0.0782577
0.0956814
0.114409
0.134597
0.15642
0.180085
0.205828
0.233927
0.26471
0.298569
0.335974
0.377496
0.423837
0.475865
0.534669
0.601632
0.678533
0.767693
0.87219
0.996172
1.14532
1.32755
1.55403
1.84064
2.21009
2.69464
3.33684
4.18013
5.2564
6.56565
7.80734
-11.5601
-7.80265
-5.29304
-3.81996
-2.84174
-2.17226
-1.71132
-1.38439
-1.14416
-0.962284
-0.8211
-0.70913
-0.618713
-0.544586
-0.483032
-0.43135
-0.387539
-0.35008
-0.317801
-0.289786
-0.265302
-0.24376
-0.22468
-0.207663
-0.19238
-0.178551
-0.16594
-0.154343
-0.143584
-0.133511
-0.123989
-0.114898
-0.106131
-0.0975915
-0.0891903
-0.0808463
-0.0724833
-0.0640296
-0.0554165
-0.0465776
-0.037448
-0.0279629
-0.0180571
-0.00766416
0.00328493
0.0148624
0.0271449
0.0402149
0.0541618
0.0690842
0.085091
0.102304
0.120863
0.140923
0.162667
0.186306
0.212084
0.240293
0.271279
0.305458
0.343336
0.385534
0.432824
0.486175
0.546825
0.616376
0.696941
0.791357
0.903526
1.03895
1.20559
1.41535
1.68651
2.04822
2.54903
3.266
4.30363
5.85006
8.44988
12.3182
-18.9699
-9.55623
-5.06812
-3.24736
-2.28435
-1.7002
-1.3293
-1.07805
-0.896626
-0.759544
-0.652619
-0.567204
-0.497708
-0.440337
-0.392412
-0.351976
-0.317562
-0.288048
-0.262558
-0.240398
-0.221009
-0.203938
-0.18881
-0.175314
-0.163185
-0.152204
-0.142177
-0.132942
-0.124354
-0.116287
-0.108631
-0.101286
-0.0941611
-0.0871763
-0.0802566
-0.0733328
-0.0663403
-0.0592178
-0.0519065
-0.0443497
-0.0364915
-0.0282764
-0.0196486
-0.0105509
-0.000924572
0.00929217
0.0201646
0.0317626
0.0441618
0.057445
0.0717036
0.0870396
0.103567
0.121417
0.140738
0.1617
0.184505
0.209386
0.23662
0.266539
0.299542
0.336116
0.37686
0.422522
0.474048
0.532653
0.599923
0.677972
0.76969
0.879147
1.0123
1.17829
1.39194
1.67954
2.09192
2.72594
3.75689
5.67364
10.2794
19.8164
)
;

boundaryField
{
    movingWall
    {
        type            zeroGradient;
    }
    fixedWalls
    {
        type            zeroGradient;
    }
    frontAndBack
    {
        type            empty;
    }
}


// ************************************************************************* //
