0.05 	0.0003125 	0.005 	-0.00112047 	4.39016e-07 	0
0.05 	0.0009375 	0.005 	-0.00310955 	2.61688e-06 	0
0.05 	0.0015625 	0.005 	-0.00485201 	6.95928e-06 	0
0.05 	0.0021875 	0.005 	-0.00635863 	1.27397e-05 	0
0.05 	0.0028125 	0.005 	-0.00764418 	1.95316e-05 	0
0.05 	0.0034375 	0.005 	-0.00872676 	2.70773e-05 	0
0.05 	0.0040625 	0.005 	-0.0096268 	3.51685e-05 	0
0.05 	0.0046875 	0.005 	-0.010366 	4.36442e-05 	0
0.05 	0.0053125 	0.005 	-0.0109665 	5.23893e-05 	0
0.05 	0.0059375 	0.005 	-0.0114499 	6.13245e-05 	0
0.05 	0.0065625 	0.005 	-0.0118364 	7.03989e-05 	0
0.05 	0.0071875 	0.005 	-0.0121447 	7.95832e-05 	0
0.05 	0.0078125 	0.005 	-0.0123911 	8.88644e-05 	0
0.05 	0.0084375 	0.005 	-0.01259 	9.8241e-05 	0
0.05 	0.0090625 	0.005 	-0.0127534 	0.00010772 	0
0.05 	0.0096875 	0.005 	-0.012891 	0.000117312 	0
0.05 	0.0103125 	0.005 	-0.0130108 	0.000127034 	0
0.05 	0.0109375 	0.005 	-0.0131191 	0.000136901 	0
0.05 	0.0115625 	0.005 	-0.0132207 	0.000146932 	0
0.05 	0.0121875 	0.005 	-0.0133191 	0.000157144 	0
0.05 	0.0128125 	0.005 	-0.013417 	0.000167554 	0
0.05 	0.0134375 	0.005 	-0.0135164 	0.000178179 	0
0.05 	0.0140625 	0.005 	-0.0136187 	0.000189037 	0
0.05 	0.0146875 	0.005 	-0.0137249 	0.000200143 	0
0.05 	0.0153125 	0.005 	-0.0138356 	0.000211515 	0
0.05 	0.0159375 	0.005 	-0.0139513 	0.000223168 	0
0.05 	0.0165625 	0.005 	-0.0140724 	0.000235119 	0
0.05 	0.0171875 	0.005 	-0.014199 	0.000247384 	0
0.05 	0.0178125 	0.005 	-0.0143314 	0.00025998 	0
0.05 	0.0184375 	0.005 	-0.0144696 	0.000272925 	0
0.05 	0.0190625 	0.005 	-0.0146138 	0.000286235 	0
0.05 	0.0196875 	0.005 	-0.0147641 	0.000299929 	0
0.05 	0.0203125 	0.005 	-0.0149205 	0.000314025 	0
0.05 	0.0209375 	0.005 	-0.015083 	0.000328541 	0
0.05 	0.0215625 	0.005 	-0.0152517 	0.000343497 	0
0.05 	0.0221875 	0.005 	-0.0154268 	0.000358914 	0
0.05 	0.0228125 	0.005 	-0.0156082 	0.000374811 	0
0.05 	0.0234375 	0.005 	-0.015796 	0.00039121 	0
0.05 	0.0240625 	0.005 	-0.0159903 	0.000408132 	0
0.05 	0.0246875 	0.005 	-0.0161911 	0.000425601 	0
0.05 	0.0253125 	0.005 	-0.0163986 	0.000443638 	0
0.05 	0.0259375 	0.005 	-0.0166127 	0.000462269 	0
0.05 	0.0265625 	0.005 	-0.0168335 	0.000481517 	0
0.05 	0.0271875 	0.005 	-0.0170612 	0.000501408 	0
0.05 	0.0278125 	0.005 	-0.0172957 	0.000521969 	0
0.05 	0.0284375 	0.005 	-0.0175372 	0.000543226 	0
0.05 	0.0290625 	0.005 	-0.0177857 	0.000565206 	0
0.05 	0.0296875 	0.005 	-0.0180413 	0.000587938 	0
0.05 	0.0303125 	0.005 	-0.018304 	0.000611452 	0
0.05 	0.0309375 	0.005 	-0.018574 	0.000635777 	0
0.05 	0.0315625 	0.005 	-0.0188513 	0.000660945 	0
0.05 	0.0321875 	0.005 	-0.019136 	0.000686987 	0
0.05 	0.0328125 	0.005 	-0.0194282 	0.000713936 	0
0.05 	0.0334375 	0.005 	-0.0197279 	0.000741827 	0
0.05 	0.0340625 	0.005 	-0.0200353 	0.000770693 	0
0.05 	0.0346875 	0.005 	-0.0203503 	0.000800571 	0
0.05 	0.0353125 	0.005 	-0.0206732 	0.000831496 	0
0.05 	0.0359375 	0.005 	-0.0210039 	0.000863506 	0
0.05 	0.0365625 	0.005 	-0.0213425 	0.000896639 	0
0.05 	0.0371875 	0.005 	-0.0216891 	0.000930935 	0
0.05 	0.0378125 	0.005 	-0.0220439 	0.000966433 	0
0.05 	0.0384375 	0.005 	-0.0224068 	0.00100318 	0
0.05 	0.0390625 	0.005 	-0.0227779 	0.0010412 	0
0.05 	0.0396875 	0.005 	-0.0231574 	0.00108056 	0
0.05 	0.0403125 	0.005 	-0.0235453 	0.00112129 	0
0.05 	0.0409375 	0.005 	-0.0239416 	0.00116343 	0
0.05 	0.0415625 	0.005 	-0.0243464 	0.00120704 	0
0.05 	0.0421875 	0.005 	-0.0247598 	0.00125215 	0
0.05 	0.0428125 	0.005 	-0.0251819 	0.00129881 	0
0.05 	0.0434375 	0.005 	-0.0256127 	0.00134708 	0
0.05 	0.0440625 	0.005 	-0.0260523 	0.001397 	0
0.05 	0.0446875 	0.005 	-0.0265006 	0.00144861 	0
0.05 	0.0453125 	0.005 	-0.0269579 	0.00150196 	0
0.05 	0.0459375 	0.005 	-0.0274241 	0.00155711 	0
0.05 	0.0465625 	0.005 	-0.0278992 	0.0016141 	0
0.05 	0.0471875 	0.005 	-0.0283834 	0.00167298 	0
0.05 	0.0478125 	0.005 	-0.0288765 	0.0017338 	0
0.05 	0.0484375 	0.005 	-0.0293788 	0.00179661 	0
0.05 	0.0490625 	0.005 	-0.0298901 	0.00186145 	0
0.05 	0.0496875 	0.005 	-0.0304104 	0.00192838 	0
0.05 	0.0503125 	0.005 	-0.0309399 	0.00199743 	0
0.05 	0.0509375 	0.005 	-0.0314784 	0.00206866 	0
0.05 	0.0515625 	0.005 	-0.0320261 	0.0021421 	0
0.05 	0.0521875 	0.005 	-0.0325827 	0.00221781 	0
0.05 	0.0528125 	0.005 	-0.0331484 	0.00229581 	0
0.05 	0.0534375 	0.005 	-0.0337231 	0.00237616 	0
0.05 	0.0540625 	0.005 	-0.0343067 	0.00245888 	0
0.05 	0.0546875 	0.005 	-0.0348992 	0.00254402 	0
0.05 	0.0553125 	0.005 	-0.0355005 	0.00263159 	0
0.05 	0.0559375 	0.005 	-0.0361105 	0.00272162 	0
0.05 	0.0565625 	0.005 	-0.0367292 	0.00281415 	0
0.05 	0.0571875 	0.005 	-0.0373563 	0.00290918 	0
0.05 	0.0578125 	0.005 	-0.0379918 	0.00300674 	0
0.05 	0.0584375 	0.005 	-0.0386356 	0.00310682 	0
0.05 	0.0590625 	0.005 	-0.0392875 	0.00320943 	0
0.05 	0.0596875 	0.005 	-0.0399473 	0.00331457 	0
0.05 	0.0603125 	0.005 	-0.0406148 	0.00342224 	0
0.05 	0.0609375 	0.005 	-0.0412898 	0.0035324 	0
0.05 	0.0615625 	0.005 	-0.0419722 	0.00364503 	0
0.05 	0.0621875 	0.005 	-0.0426617 	0.00376011 	0
0.05 	0.0628125 	0.005 	-0.0433579 	0.00387757 	0
0.05 	0.0634375 	0.005 	-0.0440607 	0.00399738 	0
0.05 	0.0640625 	0.005 	-0.0447698 	0.00411947 	0
0.05 	0.0646875 	0.005 	-0.0454847 	0.00424377 	0
0.05 	0.0653125 	0.005 	-0.0462053 	0.00437018 	0
0.05 	0.0659375 	0.005 	-0.0469311 	0.0044986 	0
0.05 	0.0665625 	0.005 	-0.0476618 	0.00462892 	0
0.05 	0.0671875 	0.005 	-0.0483969 	0.00476103 	0
0.05 	0.0678125 	0.005 	-0.049136 	0.00489478 	0
0.05 	0.0684375 	0.005 	-0.0498787 	0.00503001 	0
0.05 	0.0690625 	0.005 	-0.0506246 	0.00516654 	0
0.05 	0.0696875 	0.005 	-0.0513731 	0.00530421 	0
0.05 	0.0703125 	0.005 	-0.0521237 	0.0054428 	0
0.05 	0.0709375 	0.005 	-0.0528759 	0.00558209 	0
0.05 	0.0715625 	0.005 	-0.0536292 	0.00572184 	0
0.05 	0.0721875 	0.005 	-0.0543829 	0.0058618 	0
0.05 	0.0728125 	0.005 	-0.0551366 	0.0060017 	0
0.05 	0.0734375 	0.005 	-0.0558894 	0.00614125 	0
0.05 	0.0740625 	0.005 	-0.056641 	0.00628014 	0
0.05 	0.0746875 	0.005 	-0.0573904 	0.00641804 	0
0.05 	0.0753125 	0.005 	-0.0581372 	0.00655461 	0
0.05 	0.0759375 	0.005 	-0.0588805 	0.00668949 	0
0.05 	0.0765625 	0.005 	-0.0596197 	0.00682229 	0
0.05 	0.0771875 	0.005 	-0.0603538 	0.00695263 	0
0.05 	0.0778125 	0.005 	-0.0610821 	0.00708009 	0
0.05 	0.0784375 	0.005 	-0.0618034 	0.00720422 	0
0.05 	0.0790625 	0.005 	-0.0625166 	0.00732459 	0
0.05 	0.0796875 	0.005 	-0.0632199 	0.00744071 	0
0.05 	0.0803125 	0.005 	-0.0639112 	0.00755209 	0
0.05 	0.0809375 	0.005 	-0.0645874 	0.00765819 	0
0.05 	0.0815625 	0.005 	-0.0652436 	0.00775844 	0
0.05 	0.0821875 	0.005 	-0.0658728 	0.0078522 	0
0.05 	0.0828125 	0.005 	-0.0664642 	0.00793874 	0
0.05 	0.0834375 	0.005 	-0.0670012 	0.00801723 	0
0.05 	0.0840625 	0.005 	-0.067459 	0.00808667 	0
0.05 	0.0846875 	0.005 	-0.0678003 	0.00814581 	0
0.05 	0.0853125 	0.005 	-0.0679706 	0.00819313 	0
0.05 	0.0859375 	0.005 	-0.0678903 	0.00822671 	0
0.05 	0.0865625 	0.005 	-0.0674469 	0.00824409 	0
0.05 	0.0871875 	0.005 	-0.0664828 	0.00824225 	0
0.05 	0.0878125 	0.005 	-0.0647828 	0.00821739 	0
0.05 	0.0884375 	0.005 	-0.062059 	0.00816495 	0
0.05 	0.0890625 	0.005 	-0.0579347 	0.00807946 	0
0.05 	0.0896875 	0.005 	-0.0519294 	0.00795465 	0
0.05 	0.0903125 	0.005 	-0.0434453 	0.00778356 	0
0.05 	0.0909375 	0.005 	-0.0317594 	0.00755881 	0
0.05 	0.0915625 	0.005 	-0.0160235 	0.00727306 	0
0.05 	0.0921875 	0.005 	0.00472553 	0.00691964 	0
0.05 	0.0928125 	0.005 	0.0315405 	0.00649337 	0
0.05 	0.0934375 	0.005 	0.0655234 	0.00599162 	0
0.05 	0.0940625 	0.005 	0.107769 	0.00541539 	0
0.05 	0.0946875 	0.005 	0.15929 	0.00477057 	0
0.05 	0.0953125 	0.005 	0.220939 	0.00406906 	0
0.05 	0.0959375 	0.005 	0.293311 	0.00332976 	0
0.05 	0.0965625 	0.005 	0.376664 	0.00257912 	0
0.05 	0.0971875 	0.005 	0.470837 	0.00185115 	0
0.05 	0.0978125 	0.005 	0.575197 	0.00118564 	0
0.05 	0.0984375 	0.005 	0.688602 	0.000624894 	0
0.05 	0.0990625 	0.005 	0.809413 	0.000218832 	0
0.05 	0.0996875 	0.005 	0.935528 	3.07765e-05 	0
