0.05 	0.0003125 	0.005 	0.00335301
0.05 	0.0009375 	0.005 	0.00335384
0.05 	0.0015625 	0.005 	0.00335436
0.05 	0.0021875 	0.005 	0.00335463
0.05 	0.0028125 	0.005 	0.0033547
0.05 	0.0034375 	0.005 	0.00335457
0.05 	0.0040625 	0.005 	0.00335422
0.05 	0.0046875 	0.005 	0.00335366
0.05 	0.0053125 	0.005 	0.00335289
0.05 	0.0059375 	0.005 	0.00335189
0.05 	0.0065625 	0.005 	0.00335067
0.05 	0.0071875 	0.005 	0.00334924
0.05 	0.0078125 	0.005 	0.00334757
0.05 	0.0084375 	0.005 	0.00334568
0.05 	0.0090625 	0.005 	0.00334356
0.05 	0.0096875 	0.005 	0.00334121
0.05 	0.0103125 	0.005 	0.00333862
0.05 	0.0109375 	0.005 	0.00333577
0.05 	0.0115625 	0.005 	0.00333268
0.05 	0.0121875 	0.005 	0.00332932
0.05 	0.0128125 	0.005 	0.00332569
0.05 	0.0134375 	0.005 	0.00332177
0.05 	0.0140625 	0.005 	0.00331757
0.05 	0.0146875 	0.005 	0.00331306
0.05 	0.0153125 	0.005 	0.00330824
0.05 	0.0159375 	0.005 	0.0033031
0.05 	0.0165625 	0.005 	0.00329763
0.05 	0.0171875 	0.005 	0.00329182
0.05 	0.0178125 	0.005 	0.00328567
0.05 	0.0184375 	0.005 	0.00327916
0.05 	0.0190625 	0.005 	0.00327228
0.05 	0.0196875 	0.005 	0.00326504
0.05 	0.0203125 	0.005 	0.00325741
0.05 	0.0209375 	0.005 	0.0032494
0.05 	0.0215625 	0.005 	0.00324098
0.05 	0.0221875 	0.005 	0.00323216
0.05 	0.0228125 	0.005 	0.0032229
0.05 	0.0234375 	0.005 	0.00321321
0.05 	0.0240625 	0.005 	0.00320306
0.05 	0.0246875 	0.005 	0.00319243
0.05 	0.0253125 	0.005 	0.00318132
0.05 	0.0259375 	0.005 	0.00316969
0.05 	0.0265625 	0.005 	0.00315754
0.05 	0.0271875 	0.005 	0.00314485
0.05 	0.0278125 	0.005 	0.00313159
0.05 	0.0284375 	0.005 	0.00311776
0.05 	0.0290625 	0.005 	0.00310333
0.05 	0.0296875 	0.005 	0.00308828
0.05 	0.0303125 	0.005 	0.00307259
0.05 	0.0309375 	0.005 	0.00305624
0.05 	0.0315625 	0.005 	0.00303921
0.05 	0.0321875 	0.005 	0.00302148
0.05 	0.0328125 	0.005 	0.003003
0.05 	0.0334375 	0.005 	0.00298376
0.05 	0.0340625 	0.005 	0.00296373
0.05 	0.0346875 	0.005 	0.00294288
0.05 	0.0353125 	0.005 	0.00292117
0.05 	0.0359375 	0.005 	0.00289856
0.05 	0.0365625 	0.005 	0.00287503
0.05 	0.0371875 	0.005 	0.00285053
0.05 	0.0378125 	0.005 	0.00282502
0.05 	0.0384375 	0.005 	0.00279847
0.05 	0.0390625 	0.005 	0.00277084
0.05 	0.0396875 	0.005 	0.00274209
0.05 	0.0403125 	0.005 	0.00271218
0.05 	0.0409375 	0.005 	0.00268107
0.05 	0.0415625 	0.005 	0.00264871
0.05 	0.0421875 	0.005 	0.00261504
0.05 	0.0428125 	0.005 	0.00258003
0.05 	0.0434375 	0.005 	0.00254363
0.05 	0.0440625 	0.005 	0.00250578
0.05 	0.0446875 	0.005 	0.00246644
0.05 	0.0453125 	0.005 	0.00242555
0.05 	0.0459375 	0.005 	0.00238307
0.05 	0.0465625 	0.005 	0.00233893
0.05 	0.0471875 	0.005 	0.00229308
0.05 	0.0478125 	0.005 	0.00224547
0.05 	0.0484375 	0.005 	0.00219604
0.05 	0.0490625 	0.005 	0.00214474
0.05 	0.0496875 	0.005 	0.00209151
0.05 	0.0503125 	0.005 	0.0020363
0.05 	0.0509375 	0.005 	0.00197904
0.05 	0.0515625 	0.005 	0.00191965
0.05 	0.0521875 	0.005 	0.00185806
0.05 	0.0528125 	0.005 	0.0017942
0.05 	0.0534375 	0.005 	0.00172801
0.05 	0.0540625 	0.005 	0.00165939
0.05 	0.0546875 	0.005 	0.00158829
0.05 	0.0553125 	0.005 	0.00151461
0.05 	0.0559375 	0.005 	0.00143827
0.05 	0.0565625 	0.005 	0.0013592
0.05 	0.0571875 	0.005 	0.00127733
0.05 	0.0578125 	0.005 	0.0011926
0.05 	0.0584375 	0.005 	0.00110493
0.05 	0.0590625 	0.005 	0.00101426
0.05 	0.0596875 	0.005 	0.000920519
0.05 	0.0603125 	0.005 	0.000823632
0.05 	0.0609375 	0.005 	0.000723543
0.05 	0.0615625 	0.005 	0.000620188
0.05 	0.0621875 	0.005 	0.000513495
0.05 	0.0628125 	0.005 	0.000403386
0.05 	0.0634375 	0.005 	0.000289792
0.05 	0.0640625 	0.005 	0.000172657
0.05 	0.0646875 	0.005 	5.19271e-05
0.05 	0.0653125 	0.005 	-7.24576e-05
0.05 	0.0659375 	0.005 	-0.000200558
0.05 	0.0665625 	0.005 	-0.000332422
0.05 	0.0671875 	0.005 	-0.000468082
0.05 	0.0678125 	0.005 	-0.000607568
0.05 	0.0684375 	0.005 	-0.000750915
0.05 	0.0690625 	0.005 	-0.000898163
0.05 	0.0696875 	0.005 	-0.00104933
0.05 	0.0703125 	0.005 	-0.00120443
0.05 	0.0709375 	0.005 	-0.00136347
0.05 	0.0715625 	0.005 	-0.00152647
0.05 	0.0721875 	0.005 	-0.00169344
0.05 	0.0728125 	0.005 	-0.00186436
0.05 	0.0734375 	0.005 	-0.0020392
0.05 	0.0740625 	0.005 	-0.00221795
0.05 	0.0746875 	0.005 	-0.00240057
0.05 	0.0753125 	0.005 	-0.002587
0.05 	0.0759375 	0.005 	-0.00277717
0.05 	0.0765625 	0.005 	-0.00297102
0.05 	0.0771875 	0.005 	-0.00316847
0.05 	0.0778125 	0.005 	-0.00336941
0.05 	0.0784375 	0.005 	-0.00357374
0.05 	0.0790625 	0.005 	-0.00378134
0.05 	0.0796875 	0.005 	-0.00399209
0.05 	0.0803125 	0.005 	-0.00420584
0.05 	0.0809375 	0.005 	-0.00442245
0.05 	0.0815625 	0.005 	-0.00464175
0.05 	0.0821875 	0.005 	-0.00486354
0.05 	0.0828125 	0.005 	-0.00508762
0.05 	0.0834375 	0.005 	-0.00531375
0.05 	0.0840625 	0.005 	-0.00554165
0.05 	0.0846875 	0.005 	-0.00577102
0.05 	0.0853125 	0.005 	-0.00600149
0.05 	0.0859375 	0.005 	-0.00623259
0.05 	0.0865625 	0.005 	-0.00646379
0.05 	0.0871875 	0.005 	-0.00669439
0.05 	0.0878125 	0.005 	-0.00692356
0.05 	0.0884375 	0.005 	-0.0071502
0.05 	0.0890625 	0.005 	-0.00737301
0.05 	0.0896875 	0.005 	-0.00759033
0.05 	0.0903125 	0.005 	-0.0078002
0.05 	0.0909375 	0.005 	-0.0080003
0.05 	0.0915625 	0.005 	-0.00818795
0.05 	0.0921875 	0.005 	-0.00836022
0.05 	0.0928125 	0.005 	-0.00851404
0.05 	0.0934375 	0.005 	-0.00864637
0.05 	0.0940625 	0.005 	-0.00875447
0.05 	0.0946875 	0.005 	-0.00883623
0.05 	0.0953125 	0.005 	-0.00889049
0.05 	0.0959375 	0.005 	-0.00891734
0.05 	0.0965625 	0.005 	-0.0089183
0.05 	0.0971875 	0.005 	-0.00889632
0.05 	0.0978125 	0.005 	-0.00885601
0.05 	0.0984375 	0.005 	-0.00880281
0.05 	0.0990625 	0.005 	-0.00873627
0.05 	0.0996875 	0.005 	-0.00865354
