/*--------------------------------*- C++ -*----------------------------------*\
  =========                 |
  \\      /  F ield         | OpenFOAM: The Open Source CFD Toolbox
   \\    /   O peration     | Website:  https://openfoam.org
    \\  /    A nd           | Version:  7
     \\/     M anipulation  |
\*---------------------------------------------------------------------------*/
FoamFile
{
    version     2.0;
    format      ascii;
    class       volScalarField;
    location    "0.15";
    object      p;
}
// * * * * * * * * * * * * * * * * * * * * * * * * * * * * * * * * * * * * * //

dimensions      [0 2 -2 0 0 0 0];

internalField   nonuniform List<scalar> 
6400
(
-1.74635e-07
1.22481e-05
-0.000492833
-0.00152277
-0.00296162
-0.00469921
-0.00663525
-0.00868042
-0.0107577
-0.0128019
-0.0147577
-0.0165792
-0.0182282
-0.0196729
-0.0208877
-0.0218517
-0.022549
-0.0229672
-0.0230978
-0.0229354
-0.0224775
-0.0217241
-0.0206777
-0.0193429
-0.0177261
-0.0158356
-0.0136812
-0.0112743
-0.00862739
-0.00575441
-0.00267033
0.00060882
0.00406612
0.0076837
0.0114429
0.0153245
0.0193084
0.023374
0.0275004
0.0316661
0.0358493
0.0400278
0.0441796
0.0482824
0.0523139
0.0562522
0.0600754
0.0637622
0.0672916
0.0706433
0.073798
0.0767372
0.0794435
0.0819009
0.0840948
0.0860123
0.087642
0.0889749
0.0900038
0.0907242
0.0911342
0.0912345
0.0910292
0.0905258
0.0897353
0.0886729
0.0873577
0.0858138
0.0840707
0.0821635
0.080134
0.0780311
0.0759123
0.0738443
0.0719047
0.0701816
0.0687721
0.0677801
0.0673123
0.0673491
-1.03234e-05
2.92537e-06
-0.000449326
-0.00133015
-0.00254086
-0.00400245
-0.005639
-0.00737829
-0.00915518
-0.0109126
-0.0126009
-0.0141778
-0.0156071
-0.0168589
-0.017908
-0.0187341
-0.0193208
-0.0196557
-0.0197297
-0.0195367
-0.0190735
-0.0183391
-0.017335
-0.0160648
-0.0145338
-0.0127494
-0.0107201
-0.00845608
-0.00596889
-0.0032712
-0.000376765
0.0026996
0.00594219
0.00933443
0.0128589
0.0164976
0.0202318
0.0240423
0.0279093
0.0318128
0.0357322
0.0396471
0.0435366
0.0473799
0.0511563
0.0548451
0.0584263
0.0618797
0.065186
0.0683265
0.0712833
0.0740394
0.0765789
0.0788872
0.0809513
0.0827593
0.0843015
0.0855698
0.0865585
0.0872638
0.0876849
0.0878232
0.0876836
0.087274
0.0866056
0.0856934
0.0845565
0.0832181
0.0817062
0.0800542
0.0783008
0.0764909
0.0746758
0.0729138
0.0712703
0.0698162
0.068625
0.0677711
0.067348
0.0673858
0.000497016
0.000458899
6.16976e-06
-0.000807581
-0.00189539
-0.00319429
-0.00464316
-0.00618188
-0.00775492
-0.00931243
-0.0108102
-0.0122098
-0.0134778
-0.0145861
-0.0155108
-0.0162324
-0.016735
-0.0170061
-0.0170366
-0.0168202
-0.0163531
-0.0156339
-0.0146636
-0.0134448
-0.0119822
-0.0102823
-0.00835278
-0.00620302
-0.00384354
-0.0012861
0.00145646
0.00437034
0.00744081
0.0106523
0.0139886
0.0174325
0.0209665
0.0245724
0.0282315
0.0319249
0.0356332
0.0393371
0.0430168
0.0466528
0.0502255
0.0537155
0.0571038
0.0603715
0.0635005
0.0664733
0.0692731
0.0718842
0.0742918
0.0764825
0.0784441
0.0801659
0.0816392
0.0828567
0.0838134
0.0845065
0.0849354
0.0851024
0.0850124
0.0846736
0.0840971
0.0832974
0.0822929
0.0811058
0.0797627
0.0782944
0.0767368
0.0751304
0.0735211
0.0719599
0.0705023
0.0692078
0.0681356
0.0673457
0.0669235
0.0669202
0.00152969
0.00134461
0.000821949
4.68658e-06
-0.00104068
-0.00226089
-0.00360436
-0.0050203
-0.00646116
-0.0078835
-0.00924825
-0.0105208
-0.011671
-0.0126728
-0.013504
-0.0141463
-0.0145845
-0.0148068
-0.014804
-0.01457
-0.0141009
-0.0133951
-0.012453
-0.0112769
-0.009871
-0.00824103
-0.00639423
-0.00433914
-0.00208557
0.000355493
0.00297199
0.00575094
0.00867847
0.0117399
0.0149197
0.0182019
0.0215695
0.0250055
0.0284921
0.0320112
0.0355445
0.0390736
0.0425798
0.0460444
0.0494489
0.0527748
0.0560042
0.0591191
0.0621024
0.0649375
0.0676087
0.0701012
0.072401
0.0744955
0.0763735
0.0780251
0.079442
0.0806179
0.0815481
0.0822302
0.0826641
0.0828522
0.0827997
0.0825144
0.082007
0.0812915
0.0803853
0.0793092
0.0780881
0.0767504
0.0753285
0.0738592
0.072383
0.0709445
0.0695919
0.0683755
0.0673457
0.066554
0.0660682
0.0659321
0.00297679
0.00256565
0.00191531
0.00104512
-7.81479e-06
-0.00119879
-0.00248408
-0.00382151
-0.00517081
-0.00649456
-0.00775873
-0.00893271
-0.00998952
-0.0109055
-0.0116606
-0.0122376
-0.0126227
-0.0128046
-0.0127746
-0.0125269
-0.0120576
-0.0113649
-0.0104492
-0.00931248
-0.00795837
-0.0063922
-0.00462065
-0.00265168
-0.000494472
0.00184072
0.00434253
0.00699871
0.00979618
0.012721
0.0157586
0.0188936
0.02211
0.0253915
0.0287214
0.0320823
0.0354568
0.0388274
0.0421763
0.0454858
0.0487381
0.0519158
0.0550017
0.0579788
0.0608308
0.0635421
0.0660978
0.0684837
0.0706867
0.0726951
0.0744981
0.0760866
0.0774529
0.0785908
0.0794964
0.0801676
0.0806043
0.0808091
0.0807869
0.0805452
0.0800942
0.0794471
0.07862
0.0776325
0.0765071
0.0752698
0.0739499
0.0725798
0.0711953
0.0698353
0.0685408
0.067354
0.0663183
0.0654771
0.0648714
0.0645236
0.00473645
0.00404911
0.00322822
0.00226498
0.00116326
-3.99323e-05
-0.00130745
-0.00260471
-0.00389823
-0.00515625
-0.00634944
-0.00745109
-0.00843743
-0.00928746
-0.009983
-0.0105086
-0.0108515
-0.0110015
-0.0109505
-0.010693
-0.0102253
-0.00954596
-0.00865501
-0.00755428
-0.00624723
-0.00473878
-0.00303514
-0.00114377
0.00092671
0.00316657
0.00556513
0.00811083
0.0107913
0.0135933
0.0165029
0.0195055
0.022586
0.0257288
0.0289179
0.0321368
0.0353689
0.0385975
0.0418056
0.0449763
0.0480927
0.0511382
0.0540961
0.0569505
0.0596858
0.0622871
0.0647402
0.0670316
0.0691489
0.0710809
0.0728175
0.07435
0.075671
0.0767749
0.0776578
0.0783179
0.0787553
0.0789722
0.0789734
0.0787658
0.0783589
0.077765
0.076999
0.0760787
0.0750246
0.07386
0.072611
0.0713063
0.0699772
0.0686568
0.0673801
0.066182
0.0650997
0.0641695
0.0634013
0.0627908
0.00671841
0.00572669
0.00470549
0.00361781
0.0024336
0.00118332
-0.000101263
-0.00139216
-0.00266192
-0.00388402
-0.00503345
-0.00608729
-0.00702479
-0.00782761
-0.00847965
-0.00896723
-0.00927885
-0.00940524
-0.00933928
-0.00907593
-0.00861198
-0.00794595
-0.00707802
-0.00601004
-0.00474526
-0.00328829
-0.00164502
0.000177471
0.00217101
0.00432642
0.00663357
0.00908149
0.0116584
0.0143517
0.0171481
0.0200337
0.0229941
0.0260144
0.0290792
0.0321729
0.0352795
0.0383831
0.0414675
0.0445164
0.0475136
0.0504432
0.0532892
0.0560365
0.0586699
0.0611754
0.0635392
0.0657484
0.0677912
0.069657
0.0713359
0.0728196
0.0741009
0.0751746
0.0760369
0.076686
0.0771219
0.0773467
0.0773644
0.0771817
0.0768071
0.0762519
0.0755296
0.0746563
0.0736505
0.0725328
0.0713264
0.0700563
0.0687497
0.0674348
0.0661408
0.0648965
0.0637338
0.0626833
0.0617225
0.0608204
0.00884366
0.00753419
0.00629362
0.00505845
0.00376577
0.00244083
0.00111099
-0.000201501
-0.00147448
-0.00268604
-0.00381524
-0.00484265
-0.00575044
-0.00652278
-0.00714574
-0.00760733
-0.00789745
-0.00800799
-0.00793272
-0.0076672
-0.00720868
-0.00655604
-0.00570965
-0.00467131
-0.00344423
-0.00203288
-0.000442903
0.00131895
0.00324488
0.00532614
0.0075531
0.00991527
0.0124014
0.0149994
0.0176967
0.0204799
0.0233353
0.0262485
0.0292048
0.0321893
0.0351866
0.0381815
0.0411584
0.0441015
0.0469954
0.0498247
0.0525742
0.055229
0.0577748
0.0601978
0.0624849
0.0646238
0.0666029
0.0684119
0.0700414
0.0714831
0.0727302
0.0737774
0.0746212
0.0752596
0.0756923
0.075921
0.0759493
0.0757832
0.0754304
0.0749009
0.0742069
0.0733627
0.0723848
0.0712915
0.0701031
0.0688413
0.0675295
0.0661916
0.0648515
0.0635329
0.0622636
0.0610693
0.0598964
0.0586881
0.0110454
0.00941432
0.00794337
0.00654448
0.00512397
0.00370297
0.00230539
0.000948548
-0.000350027
-0.00157244
-0.00270144
-0.00372077
-0.00461549
-0.00537204
-0.00597859
-0.00642489
-0.00670231
-0.00680388
-0.00672427
-0.00645982
-0.00600833
-0.00536905
-0.0045426
-0.00353093
-0.00233723
-0.000965916
0.000577526
0.00228658
0.00415377
0.0061707
0.00832814
0.010616
0.0130235
0.0155391
0.0181507
0.0208455
0.0236101
0.0264309
0.0292938
0.0321844
0.0350879
0.0379895
0.0408743
0.0437271
0.0465329
0.0492768
0.0519443
0.0545207
0.0569924
0.0593458
0.0615684
0.0636481
0.0655738
0.0673352
0.0689231
0.0703295
0.0715476
0.0725723
0.0733997
0.0740278
0.074456
0.0746854
0.0747192
0.0745625
0.0742221
0.073707
0.0730277
0.0721971
0.0712295
0.0701412
0.0689498
0.0676741
0.0663339
0.0649493
0.06354
0.062125
0.0607291
0.0593744
0.0579776
0.0564582
0.0132677
0.0113171
0.00961039
0.00803693
0.0064744
0.0049409
0.00345782
0.00203823
0.000695695
-0.000555419
-0.00170117
-0.00272815
-0.00362402
-0.00437754
-0.00497882
-0.00541923
-0.00569162
-0.00579022
-0.00571068
-0.00545006
-0.00500682
-0.00438066
-0.00357253
-0.00258453
-0.00141997
-8.32794e-05
0.00142015
0.003084
0.00490102
0.00686309
0.00896126
0.0111859
0.0135265
0.0159721
0.0185109
0.0211306
0.0238184
0.0265611
0.029345
0.0321563
0.0349808
0.0378041
0.0406117
0.0433889
0.0461213
0.0487943
0.0513937
0.0539054
0.0563159
0.0586122
0.060782
0.0628135
0.0646956
0.0664183
0.0679725
0.0693503
0.0705448
0.0715508
0.0723644
0.072983
0.0734058
0.0736334
0.0736684
0.073515
0.0731791
0.0726683
0.071992
0.0711614
0.0701891
0.0690893
0.0678771
0.0665687
0.0651807
0.0637301
0.0622329
0.0607043
0.0591669
0.0576402
0.0560133
0.0541837
0.0154641
0.0131991
0.0112551
0.00950028
0.00778562
0.00612724
0.00454483
0.00304783
0.00164636
0.000351746
-0.000824825
-0.00187275
-0.00278195
-0.00354333
-0.0041488
-0.00459144
-0.00486545
-0.00496622
-0.00489038
-0.00463586
-0.00420173
-0.00358818
-0.00279652
-0.00182915
-0.000689538
0.000617877
0.00208773
0.00371378
0.00548893
0.00740529
0.00945418
0.0116262
0.0139114
0.0162989
0.0187774
0.0213351
0.0239594
0.0266377
0.0293567
0.032103
0.0348628
0.0376222
0.0403671
0.0430831
0.0457562
0.0483722
0.050917
0.0533771
0.0557392
0.0579906
0.060119
0.0621129
0.0639612
0.0656541
0.0671823
0.0685381
0.0697145
0.070706
0.0715085
0.072119
0.0725361
0.0727602
0.0727929
0.0726377
0.0722995
0.0717847
0.0711015
0.0702594
0.0692696
0.0681442
0.0668962
0.0655392
0.0640875
0.0625552
0.0609553
0.0592998
0.0576101
0.0559038
0.0540441
0.0519086
0.0175953
0.0150229
0.0128422
0.0109022
0.00902858
0.00723625
0.00554379
0.00395779
0.00248548
0.00113538
-8.37747e-05
-0.00116365
-0.00209635
-0.00287474
-0.00349248
-0.00394416
-0.00422532
-0.00433251
-0.00426336
-0.00401659
-0.00359195
-0.00299017
-0.00221297
-0.00126306
-0.000144069
0.00113943
0.00258203
0.00417754
0.00591896
0.00779858
0.00980793
0.0119379
0.0141786
0.0165197
0.01895
0.0214582
0.0240321
0.0266593
0.029327
0.0320222
0.0347312
0.0374407
0.0401368
0.0428056
0.0454331
0.0480056
0.0505092
0.0529305
0.0552566
0.0574749
0.0595732
0.0615399
0.0633641
0.0650359
0.0665462
0.0678868
0.0690507
0.0700322
0.0708266
0.0714308
0.0718429
0.0720623
0.0720902
0.0719292
0.0715832
0.0710575
0.070359
0.0694959
0.0684778
0.067315
0.0660187
0.0646002
0.0630717
0.061445
0.0597307
0.0579384
0.0560884
0.0541976
0.052105
0.0496694
0.019628
0.0167556
0.0143406
0.0122134
0.0101764
0.00824363
0.00643316
0.00474917
0.00319642
0.00178122
0.000510039
-0.000610822
-0.00157546
-0.00237843
-0.00301506
-0.0034814
-0.00377423
-0.00389121
-0.00383095
-0.00359299
-0.00317776
-0.00258654
-0.00182148
-0.000885614
0.00021716
0.00148213
0.00290378
0.00447596
0.00619171
0.00804341
0.0100227
0.0121208
0.0143279
0.0166338
0.0190279
0.0214989
0.024035
0.0266241
0.0292538
0.0319112
0.0345831
0.0372564
0.0399174
0.0425524
0.0451478
0.0476899
0.0501653
0.0525605
0.0548628
0.0570597
0.0591389
0.0610888
0.0628987
0.0645583
0.0660585
0.0673911
0.0685485
0.0695247
0.0703148
0.0709151
0.0713231
0.0715377
0.0715593
0.0713895
0.0710314
0.0704892
0.0697687
0.0688768
0.0678215
0.0666116
0.0652565
0.0637659
0.0621501
0.060419
0.0585813
0.0566444
0.0546286
0.0525501
0.0502257
0.0474964
0.0215337
0.0183686
0.0157222
0.0134074
0.0112043
0.0091266
0.0071922
0.00540334
0.00376277
0.00227482
0.000944021
-0.000225117
-0.00122843
-0.00206212
-0.002723
-0.00320843
-0.00351641
-0.00364569
-0.00359582
-0.00336712
-0.00296068
-0.00237837
-0.00162279
-0.000697346
0.000393784
0.0016457
0.00305281
0.00460885
0.0063069
0.00813939
0.0100981
0.0121742
0.0143582
0.0166402
0.0190097
0.0214555
0.0239663
0.02653
0.0291346
0.0317674
0.0344155
0.0370658
0.0397051
0.0423197
0.0448961
0.047421
0.0498808
0.0522625
0.0545531
0.05674
0.0588112
0.0607548
0.06256
0.0642165
0.0657149
0.0670466
0.0682038
0.06918
0.0699699
0.0705692
0.070975
0.0711854
0.0711999
0.0710195
0.0706462
0.0700834
0.0693356
0.0684085
0.0673088
0.0660439
0.0646216
0.0630505
0.0613389
0.0594956
0.0575273
0.0554401
0.0532543
0.0509864
0.0484321
0.0454154
0.0232872
0.0198367
0.0169622
0.0144602
0.0120893
0.00986369
0.00780114
0.00590228
0.00416818
0.00260152
0.00120521
-1.79474e-05
-0.00106527
-0.0019345
-0.00262374
-0.00313161
-0.00345729
-0.00360055
-0.0035618
-0.00334216
-0.00294338
-0.0023679
-0.00161881
-0.000699873
0.000384418
0.00162894
0.00302795
0.00457509
0.00626341
0.00808534
0.0100327
0.0120968
0.0142683
0.0165373
0.0188934
0.021326
0.0238235
0.0263744
0.0289667
0.0315878
0.0342251
0.0368657
0.0394963
0.0421036
0.0446741
0.0471946
0.0496516
0.052032
0.0543228
0.0565114
0.0585855
0.0605334
0.0623439
0.0640065
0.0655114
0.0668497
0.0680134
0.0689953
0.0697897
0.0703918
0.0707978
0.0710053
0.0710131
0.0708212
0.0704309
0.0698444
0.0690653
0.0680982
0.0669485
0.0656223
0.0641263
0.0624677
0.0606539
0.058692
0.0565876
0.0543456
0.0519869
0.0495287
0.0467463
0.0434479
0.0248667
0.021137
0.0180379
0.0153494
0.0128103
0.0104347
0.00824096
0.00622837
0.00439653
0.00274668
0.00128029
-1.24256e-06
-0.00109664
-0.00200497
-0.00272559
-0.00325829
-0.00360332
-0.0037614
-0.00373379
-0.00352237
-0.00312957
-0.0025584
-0.00181242
-0.000895787
0.000186704
0.00142967
0.00282716
0.0043727
0.00605926
0.00787926
0.00982456
0.0118864
0.0140557
0.0163225
0.0186768
0.0211077
0.0236041
0.0261544
0.0287469
0.0313691
0.0340085
0.0366523
0.0392873
0.0419003
0.0444778
0.0470067
0.0494735
0.0518649
0.0541679
0.0563697
0.058458
0.0604208
0.0622466
0.0639246
0.0654448
0.0667978
0.0679749
0.0689688
0.069773
0.0703821
0.0707917
0.0709986
0.0710008
0.0707977
0.0703894
0.0697775
0.0689644
0.0679536
0.0667496
0.0653574
0.0637826
0.0620313
0.0601099
0.0580245
0.0557796
0.0533794
0.0508458
0.0481967
0.0451881
0.0416124
0.0262524
0.022249
0.0189283
0.0160547
0.0133471
0.0108204
0.00849345
0.00636451
0.00443184
0.00269552
0.00115574
-0.000187334
-0.00133372
-0.00228365
-0.00303766
-0.00359663
-0.0039618
-0.00413476
-0.00411763
-0.00391302
-0.00352401
-0.00295417
-0.00220751
-0.00128863
-0.000202642
0.00104478
0.00244747
0.00399881
0.00569168
0.00751843
0.00947089
0.0115404
0.0137177
0.0159932
0.0183566
0.0207975
0.0233046
0.0258667
0.0284718
0.0311077
0.033762
0.0364218
0.0390742
0.0417058
0.0443033
0.0468533
0.0493424
0.0517571
0.0540844
0.0563112
0.058425
0.0604135
0.0622649
0.0639682
0.0655127
0.0668886
0.0680869
0.0690995
0.0699194
0.0705405
0.0709577
0.0711671
0.0711659
0.0709527
0.0705267
0.0698886
0.0690399
0.0679832
0.0667218
0.0652601
0.0636027
0.0617547
0.0597216
0.0575087
0.05512
0.0525591
0.0498488
0.0470083
0.0437747
0.0399252
0.0274263
0.0231536
0.019614
0.0165565
0.0136807
0.0110023
0.00854094
0.00629386
0.00425827
0.00243322
0.000817808
-0.000588957
-0.00178823
-0.0027813
-0.00356981
-0.00415563
-0.00454089
-0.00472808
-0.0047201
-0.00452029
-0.00413234
-0.00356035
-0.00280884
-0.00188281
-0.000787766
0.000470342
0.00188514
0.00344983
0.00515717
0.00699942
0.00896834
0.0110552
0.0132509
0.0155457
0.0179296
0.0203919
0.0229216
0.0255075
0.0281376
0.0307998
0.0334817
0.0361704
0.038853
0.0415162
0.0441465
0.0467305
0.0492545
0.051705
0.0540687
0.0563324
0.0584832
0.0605085
0.0623962
0.0641348
0.0657131
0.0671208
0.0683484
0.0693871
0.0702292
0.070868
0.0712977
0.0715136
0.0715121
0.0712908
0.0708484
0.0701845
0.0692998
0.0681959
0.0668755
0.0653419
0.0635991
0.0616513
0.0595033
0.05716
0.0546247
0.0519008
0.0490125
0.0459801
0.0425221
0.0384011
0.0283713
0.0238331
0.0200768
0.0168364
0.0137929
0.0109626
0.00836611
0.0059998
0.00386001
0.00194484
0.000252427
-0.00121929
-0.00247242
-0.00350931
-0.00433258
-0.00494499
-0.00534956
-0.00554962
-0.00554883
-0.0053512
-0.00496103
-0.00438296
-0.00362202
-0.00268363
-0.00157366
-0.00029835
0.00113568
0.00272147
0.00445157
0.00631814
0.00831287
0.010427
0.0126514
0.0149763
0.0173916
0.0198869
0.022451
0.0250727
0.0277402
0.0304412
0.0331634
0.0358939
0.0386197
0.0413274
0.0440034
0.0466342
0.0492059
0.0517048
0.0541173
0.05643
0.0586297
0.0607032
0.0626382
0.0644225
0.0660446
0.0674935
0.068759
0.0698318
0.0707035
0.0713665
0.0718143
0.0720415
0.0720436
0.0718175
0.0713608
0.0706725
0.0697523
0.0686012
0.067221
0.0656142
0.0637841
0.0617343
0.0594691
0.056993
0.0543091
0.0514203
0.0483524
0.0451272
0.0414449
0.0370533
0.0290714
0.0242703
0.020299
0.0168767
0.0136659
0.0106839
0.00795191
0.00546586
0.00322122
0.00121525
-0.000554781
-0.00209187
-0.00339905
-0.00447964
-0.00533711
-0.00597511
-0.0063975
-0.0066084
-0.0066122
-0.00641354
-0.00601734
-0.00542881
-0.00465343
-0.0036971
-0.00256601
-0.00126669
0.000193962
0.00180875
0.00357008
0.00546994
0.00749993
0.00965124
0.0119146
0.0142804
0.0167384
0.0192781
0.0218884
0.024558
0.0272751
0.0300275
0.0328027
0.0355879
0.0383698
0.041135
0.0438698
0.0465604
0.0491928
0.0517529
0.0542269
0.056601
0.0588616
0.0609952
0.0629888
0.0648299
0.0665062
0.0680063
0.0693191
0.0704346
0.0713437
0.0720382
0.0725106
0.0727548
0.0727654
0.0725384
0.0720708
0.0713604
0.0704064
0.069209
0.0677691
0.0660887
0.0641703
0.0620171
0.0596331
0.0570224
0.0541879
0.0511325
0.0478835
0.0444642
0.0405568
0.0358942
0.029511
0.0244487
0.0202636
0.0166601
0.0132825
0.0101489
0.00728149
0.00467563
0.002326
0.000229173
-0.00161843
-0.0032206
-0.00458131
-0.00570471
-0.00659511
-0.007257
-0.00769505
-0.00791411
-0.00791926
-0.0077158
-0.00730926
-0.0067054
-0.00591019
-0.00492991
-0.00377114
-0.00244073
-0.000945822
0.000706118
0.0025073
0.00444957
0.00652441
0.00872292
0.0110358
0.0134532
0.0159651
0.0185607
0.021229
0.0239586
0.0267377
0.0295541
0.0323951
0.0352479
0.038099
0.0409349
0.0437416
0.0465052
0.0492113
0.0518457
0.0543941
0.0568423
0.0591763
0.0613822
0.0634464
0.0653557
0.0670973
0.0686589
0.070029
0.0711966
0.072152
0.072886
0.0733904
0.0736582
0.0736831
0.0734602
0.0729857
0.0722567
0.0712716
0.0700296
0.0685311
0.0667774
0.0647705
0.0625133
0.0600094
0.0572628
0.0542761
0.0510523
0.0476204
0.0440054
0.0398712
0.0349361
0.0296746
0.0243521
0.0199539
0.0161697
0.0126255
0.00934059
0.00633805
0.00361263
0.00115837
-0.00102888
-0.00295339
-0.00461975
-0.0060328
-0.00719746
-0.00811885
-0.00880227
-0.00925314
-0.00947704
-0.00947973
-0.00926718
-0.0088455
-0.00822095
-0.00740003
-0.00638943
-0.00519606
-0.00382714
-0.00229009
-0.000592617
0.00125727
0.00325125
0.00538069
0.00763657
0.0100095
0.0124895
0.0150664
0.0177295
0.0204677
0.0232696
0.0261231
0.0290161
0.0319358
0.0348691
0.0378026
0.0407224
0.0436144
0.0464644
0.0492576
0.0519796
0.0546156
0.0571511
0.0595715
0.0618624
0.0640095
0.0659991
0.0678176
0.069452
0.07089
0.07212
0.0731312
0.0739136
0.0744582
0.074757
0.0748029
0.0745902
0.074114
0.0733707
0.0723578
0.0710739
0.0695187
0.067693
0.0655982
0.0632369
0.0606125
0.0577288
0.0545885
0.0511945
0.0475778
0.0437649
0.0394016
0.0341911
0.0295472
0.0239644
0.0193533
0.0153885
0.0116781
0.00824212
0.00510482
0.00226034
-0.000297878
-0.00257461
-0.00457485
-0.00630397
-0.00776755
-0.00897128
-0.00992111
-0.0106231
-0.0110833
-0.0113081
-0.011304
-0.0110775
-0.0106353
-0.0099843
-0.00913135
-0.00808361
-0.00684838
-0.00543319
-0.0038458
-0.00209415
-0.000186467
0.00186877
0.00406274
0.00638629
0.00882984
0.0113834
0.0140368
0.0167791
0.0195992
0.0224855
0.0254261
0.0284084
0.0314197
0.0344468
0.037476
0.0404931
0.043484
0.0464339
0.049328
0.0521512
0.0548885
0.0575248
0.0600449
0.062434
0.064677
0.0667596
0.0686673
0.0703864
0.0719038
0.0732071
0.0742845
0.0751251
0.0757191
0.0760573
0.076132
0.0759362
0.0754644
0.074712
0.0736758
0.0723536
0.0707445
0.0688486
0.0666672
0.0642023
0.0614572
0.0584356
0.0551402
0.0515743
0.0477705
0.0437572
0.0391615
0.0336713
0.0291134
0.0232697
0.0184451
0.0142997
0.0104231
0.00683634
0.00356476
0.000601969
-0.00205919
-0.00442411
-0.00649845
-0.00828835
-0.0098001
-0.0110402
-0.0120152
-0.0127321
-0.0131977
-0.013419
-0.0134031
-0.0131573
-0.0126887
-0.0120049
-0.0111132
-0.010021
-0.00873628
-0.00726675
-0.00562049
-0.00380571
-0.00183085
0.000295385
0.002564
0.00496568
0.00749072
0.0101291
0.0128703
0.0157036
0.0186177
0.0216009
0.024641
0.0277256
0.0308417
0.0339758
0.0371141
0.0402423
0.0433458
0.0464096
0.0494185
0.052357
0.0552095
0.0579606
0.0605944
0.0630954
0.0654479
0.0676367
0.0696467
0.0714633
0.0730724
0.0744607
0.0756156
0.0765253
0.0771787
0.0775658
0.0776777
0.0775068
0.0770464
0.0762911
0.0752369
0.0738808
0.0722213
0.0702581
0.0679919
0.0654244
0.0625587
0.0593987
0.0559469
0.0522071
0.0482137
0.0439969
0.0391647
0.0333894
0.0283577
0.0222514
0.0172125
0.012886
0.00884315
0.00510588
0.00170056
-0.0013796
-0.00414241
-0.00659384
-0.00874026
-0.0105885
-0.0121455
-0.0134186
-0.0144152
-0.0151428
-0.0156091
-0.0158218
-0.0157886
-0.0155175
-0.0150163
-0.0142928
-0.013355
-0.0122108
-0.0108685
-0.00933612
-0.00762211
-0.00573493
-0.00368327
-0.00147606
0.000877526
0.003368
0.00598553
0.00871994
0.0115607
0.0144969
0.0175172
0.0206097
0.0237622
0.0269621
0.0301961
0.0334508
0.036712
0.0399651
0.0431953
0.0463871
0.0495251
0.0525932
0.0555755
0.0584558
0.0612178
0.063845
0.0663212
0.0686303
0.0707564
0.072684
0.074398
0.0758841
0.0771288
0.078119
0.0788429
0.0792893
0.0794482
0.079311
0.07887
0.078119
0.0770529
0.0756684
0.073963
0.0719358
0.0695871
0.0669185
0.0639328
0.060634
0.0570248
0.0531091
0.0489232
0.0444991
0.0394255
0.0333586
0.0272639
0.0208929
0.0156382
0.01113
0.00692055
0.00303293
-0.000505463
-0.00370192
-0.00656484
-0.00910079
-0.0113168
-0.0132204
-0.0148193
-0.0161216
-0.0171354
-0.017869
-0.0183308
-0.0185292
-0.0184728
-0.0181699
-0.017629
-0.0168585
-0.0158669
-0.0146626
-0.0132542
-0.0116501
-0.00985911
-0.00788994
-0.00575157
-0.00345315
-0.00100405
0.00158608
0.00430729
0.00714928
0.0101014
0.0131526
0.0162914
0.0195059
0.0227837
0.026112
0.0294775
0.0328663
0.0362643
0.0396564
0.0430276
0.046362
0.0496437
0.0528564
0.0559834
0.0590079
0.061913
0.0646815
0.0672963
0.0697404
0.0719972
0.07405
0.075883
0.0774806
0.0788283
0.0799119
0.0807183
0.0812354
0.081452
0.0813584
0.0809459
0.0802073
0.0791367
0.0777299
0.0759838
0.0738968
0.0714687
0.068701
0.0655963
0.0621586
0.0583908
0.0542969
0.0499153
0.0452798
0.0399591
0.033593
0.0258153
0.0191768
0.0137046
0.00901355
0.00463709
0.000599215
-0.00307156
-0.00638306
-0.0093443
-0.0119625
-0.0142452
-0.0162007
-0.0178377
-0.0191648
-0.0201909
-0.0209252
-0.0213767
-0.0215547
-0.0214682
-0.0211265
-0.0205385
-0.0197132
-0.0186595
-0.0173865
-0.015903
-0.014218
-0.0123404
-0.0102793
-0.00804399
-0.00564385
-0.00308843
-0.000387515
0.00244878
0.00541003
0.00848546
0.0116639
0.0149338
0.018283
0.0216992
0.0251693
0.0286798
0.0322168
0.0357656
0.0393112
0.0428379
0.0463298
0.0497704
0.0531428
0.0564299
0.0596142
0.0626779
0.0656033
0.0683723
0.0709671
0.07337
0.0755634
0.0775303
0.0792542
0.0807191
0.0819099
0.082812
0.0834123
0.0836985
0.0836594
0.0832856
0.0825687
0.0815019
0.0800799
0.0782991
0.0761572
0.0736535
0.0707892
0.0675668
0.0639905
0.060063
0.0557886
0.0512077
0.0463562
0.0407818
0.0341078
0.0239948
0.0170853
0.0113933
0.00651805
0.00197396
-0.0022141
-0.00601654
-0.00944169
-0.0124992
-0.0151969
-0.0175431
-0.0195468
-0.0212174
-0.0225643
-0.0235973
-0.0243264
-0.0247612
-0.0249119
-0.0247882
-0.0243999
-0.0237567
-0.0228682
-0.0217438
-0.0203929
-0.018825
-0.0170492
-0.015075
-0.0129118
-0.0105691
-0.00805638
-0.00538353
-0.00256047
0.000402527
0.00349491
0.00670579
0.0100239
0.0134375
0.0169345
0.0205023
0.0241278
0.0277972
0.0314964
0.0352105
0.0389241
0.0426215
0.0462861
0.049901
0.0534488
0.0569119
0.060272
0.0635106
0.0666092
0.0695488
0.0723106
0.074876
0.0772262
0.0793431
0.0812089
0.0828065
0.0841192
0.0851316
0.0858288
0.0861974
0.0862253
0.0859014
0.0852166
0.0841628
0.0827339
0.0809253
0.0787341
0.0761593
0.0732016
0.0698634
0.0661487
0.0620604
0.057603
0.052819
0.0477463
0.0419112
0.0349194
0.0217843
0.0145997
0.00868508
0.00362411
-0.00108842
-0.00542665
-0.00935996
-0.0128972
-0.0160487
-0.0188229
-0.0212289
-0.0232765
-0.0249757
-0.026337
-0.0273709
-0.0280881
-0.0284993
-0.0286152
-0.0284463
-0.0280032
-0.0272962
-0.0263354
-0.0251309
-0.0236927
-0.0220303
-0.0201537
-0.0180726
-0.0157965
-0.0133354
-0.0106991
-0.00789741
-0.0049406
-0.00183906
0.00139654
0.00475522
0.00822559
0.0117959
0.0154538
0.0191867
0.0229812
0.0268235
0.0306992
0.0345933
0.03849
0.0423732
0.046226
0.0500311
0.0537706
0.057426
0.0609785
0.064409
0.0676977
0.0708251
0.0737712
0.0765163
0.0790405
0.0813245
0.0833491
0.0850958
0.0865467
0.0876848
0.088494
0.0889594
0.0890676
0.0888064
0.0881651
0.0871348
0.0857081
0.0838797
0.0816459
0.0790052
0.0759578
0.0725059
0.0686535
0.0644035
0.0597605
0.0547693
0.0494699
0.0433661
0.0360456
0.0191648
0.0117003
0.00556
0.000311485
-0.00457041
-0.00905887
-0.0131222
-0.0167698
-0.0200128
-0.0228602
-0.0253219
-0.0274084
-0.0291309
-0.0305004
-0.0315284
-0.0322266
-0.0326063
-0.0326793
-0.0324567
-0.0319498
-0.0311697
-0.0301271
-0.0288326
-0.0272967
-0.0255296
-0.0235415
-0.0213425
-0.0189426
-0.0163518
-0.0135803
-0.0106382
-0.00753576
-0.0042836
-0.000892476
0.00262654
0.00626199
0.010002
0.0138342
0.0177457
0.0217232
0.0257526
0.0298194
0.0339082
0.0380032
0.0420878
0.0461449
0.0501564
0.0541041
0.0579688
0.0617311
0.0653707
0.0688675
0.0722006
0.0753492
0.0782922
0.0810087
0.0834778
0.0856792
0.0875928
0.0891993
0.09048
0.0914175
0.0919955
0.0921989
0.0920141
0.0914292
0.090434
0.08902
0.0871808
0.084912
0.0822114
0.0790787
0.0755157
0.0715266
0.0671139
0.0622828
0.0570802
0.051548
0.0451669
0.0375057
0.0161163
0.00836667
0.00199713
-0.00344107
-0.00849343
-0.0131322
-0.0173246
-0.0210807
-0.0244123
-0.0273291
-0.0298419
-0.0319621
-0.0337016
-0.0350726
-0.0360874
-0.0367586
-0.0370985
-0.0371195
-0.0368339
-0.0362536
-0.0353903
-0.0342555
-0.0328605
-0.0312161
-0.0293333
-0.0272226
-0.0248943
-0.0223591
-0.019627
-0.0167086
-0.013614
-0.0103538
-0.00693869
-0.00337951
0.000312595
0.00412608
0.00804899
0.0120689
0.0161729
0.0203474
0.0245782
0.0288508
0.0331495
0.0374583
0.0417603
0.0460378
0.0502725
0.0544454
0.0585369
0.0625266
0.0663938
0.070117
0.0736747
0.0770447
0.0802049
0.083133
0.0858066
0.088204
0.0903035
0.0920843
0.093526
0.0946097
0.0953173
0.0956322
0.0955392
0.0950249
0.0940778
0.092688
0.0908483
0.0885531
0.0857995
0.0825865
0.0789158
0.0747912
0.0702154
0.0651936
0.059775
0.0540036
0.0473359
0.0393212
0.012618
0.00457721
-0.00202557
-0.00765585
-0.01288
-0.0176692
-0.0219896
-0.0258521
-0.029269
-0.0322512
-0.03481
-0.0369579
-0.0387077
-0.0400726
-0.0410661
-0.0417015
-0.0419922
-0.0419517
-0.0415928
-0.0409286
-0.0399714
-0.0387334
-0.0372265
-0.0354623
-0.0334522
-0.031207
-0.0287378
-0.0260551
-0.0231697
-0.0200921
-0.0168328
-0.0134024
-0.00981176
-0.00607175
-0.00219363
0.00181102
0.00593019
0.0101514
0.0144617
0.0188474
0.0232943
0.0277876
0.0323116
0.0368499
0.0413853
0.0458998
0.0503747
0.0547904
0.0591266
0.0633624
0.0674759
0.0714451
0.0752469
0.0788584
0.082256
0.085416
0.0883147
0.0909286
0.0932345
0.0952097
0.0968323
0.0980814
0.0989373
0.0993815
0.0993971
0.0989692
0.0980846
0.0967322
0.0949034
0.0925915
0.0897927
0.0865054
0.0827309
0.0784727
0.0737334
0.0685184
0.0628791
0.0568617
0.0498974
0.0415151
0.0086477
0.000309097
-0.00653139
-0.0123564
-0.0177536
-0.0226934
-0.0271408
-0.0311072
-0.0346061
-0.0376489
-0.040248
-0.0424169
-0.0441696
-0.0455201
-0.0464832
-0.0470732
-0.0473046
-0.0471918
-0.0467488
-0.0459893
-0.0449265
-0.0435734
-0.0419427
-0.0400466
-0.0378968
-0.0355049
-0.0328821
-0.0300397
-0.0269884
-0.023739
-0.0203023
-0.016689
-0.0129099
-0.00897614
-0.00489888
-0.000689772
0.00363915
0.00807541
0.012606
0.0172173
0.0218949
0.026624
0.0313887
0.0361724
0.0409577
0.0457262
0.0504587
0.0551352
0.0597347
0.0642354
0.068615
0.07285
0.0769167
0.0807906
0.0844469
0.0878604
0.0910059
0.0938582
0.0963923
0.0985837
0.100409
0.101844
0.102869
0.103462
0.103604
0.10328
0.102474
0.101174
0.0993686
0.097051
0.094216
0.0908613
0.0869876
0.0825982
0.0776955
0.0722848
0.06642
0.0601493
0.0528778
0.044113
0.00418192
-0.0044618
-0.0115449
-0.0175676
-0.0231395
-0.02823
-0.0328031
-0.0368708
-0.0404476
-0.0435458
-0.0461789
-0.0483615
-0.0501085
-0.0514356
-0.0523583
-0.0528923
-0.0530533
-0.0528567
-0.0523174
-0.0514502
-0.0502693
-0.0487885
-0.0470211
-0.0449799
-0.0426775
-0.0401258
-0.0373366
-0.0343213
-0.0310911
-0.027657
-0.0240298
-0.0202205
-0.01624
-0.0120992
-0.0078095
-0.00338252
0.00116977
0.00583491
0.0105999
0.0154512
0.0203744
0.0253544
0.0303755
0.0354207
0.0404725
0.0455121
0.05052
0.0554757
0.0603574
0.0651429
0.0698087
0.0743305
0.0786834
0.0828416
0.086779
0.0904688
0.0938843
0.0969982
0.0997839
0.102215
0.104265
0.10591
0.107125
0.107888
0.108178
0.107977
0.107268
0.106035
0.104268
0.101957
0.0990962
0.095682
0.0917148
0.0871972
0.0821314
0.0765227
0.0704273
0.063896
0.056306
0.0471426
-0.000804134
-0.00976105
-0.0170923
-0.0233159
-0.0290642
-0.0343055
-0.0390027
-0.0431687
-0.0468189
-0.0499667
-0.0526267
-0.0548147
-0.0565469
-0.0578403
-0.0587116
-0.059178
-0.0592562
-0.058963
-0.0583144
-0.0573262
-0.0560135
-0.0543912
-0.0524733
-0.0502734
-0.0478045
-0.0450793
-0.0421099
-0.0389081
-0.0354854
-0.0318531
-0.0280221
-0.0240034
-0.0198079
-0.0154468
-0.0109313
-0.00627289
-0.00148352
0.00342442
0.00843802
0.0135437
0.0187273
0.0239736
0.0292667
0.0345897
0.0399248
0.045253
0.0505544
0.055808
0.0609916
0.0660819
0.0710548
0.075885
0.0805463
0.0850119
0.0892539
0.0932441
0.0969539
0.100354
0.103417
0.106112
0.108413
0.110291
0.111721
0.112677
0.113138
0.113081
0.112487
0.111341
0.109627
0.107337
0.104462
0.100998
0.0969434
0.0923014
0.0870733
0.0812645
0.0749337
0.068134
0.0602133
0.0506342
-0.00633673
-0.0156158
-0.0232012
-0.0296293
-0.0355558
-0.040948
-0.0457676
-0.0500285
-0.053747
-0.0569379
-0.0596168
-0.0618009
-0.063508
-0.0647562
-0.065564
-0.0659498
-0.0659318
-0.0655279
-0.0647556
-0.0636318
-0.0621727
-0.060394
-0.0583107
-0.0559372
-0.0532873
-0.050374
-0.04721
-0.0438075
-0.0401783
-0.0363338
-0.0322851
-0.0280433
-0.0236194
-0.0190244
-0.0142694
-0.00936588
-0.00432566
0.000839049
0.00611546
0.0114901
0.0169489
0.0224767
0.0280577
0.0336748
0.0393101
0.0449446
0.0505578
0.0561284
0.0616337
0.0670496
0.0723512
0.0775121
0.0825051
0.0873019
0.0918733
0.0961893
0.100219
0.103933
0.107298
0.110285
0.112863
0.115001
0.116672
0.117847
0.118502
0.118612
0.118156
0.117116
0.115475
0.113221
0.110345
0.106841
0.102707
0.0979453
0.0925564
0.0865458
0.0799745
0.0728982
0.0646343
0.0546212
-0.0124439
-0.0220549
-0.0299011
-0.0365377
-0.0426444
-0.0481875
-0.0531275
-0.0574793
-0.0612605
-0.0644869
-0.0671758
-0.0693457
-0.0710159
-0.0722064
-0.072937
-0.0732279
-0.0730987
-0.0725688
-0.0716571
-0.0703816
-0.06876
-0.0668089
-0.0645444
-0.0619815
-0.0591348
-0.056018
-0.0526442
-0.0490261
-0.0451757
-0.0411046
-0.036824
-0.0323451
-0.0276788
-0.0228361
-0.0178279
-0.0126656
-0.0073607
-0.00192525
0.00362815
0.00928625
0.015035
0.0208596
0.0267442
0.0326718
0.0386245
0.0445829
0.0505265
0.0564335
0.0622807
0.0680434
0.0736958
0.0792105
0.0845593
0.0897123
0.0946389
0.0993073
0.103685
0.107739
0.111437
0.114744
0.117627
0.120054
0.121994
0.123416
0.124292
0.124595
0.124301
0.123389
0.12184
0.11964
0.116778
0.113247
0.109043
0.104167
0.0986191
0.0924051
0.0855885
0.0782271
0.0696065
0.0591399
-0.0191553
-0.0291093
-0.0372237
-0.0440731
-0.0503621
-0.0560559
-0.061114
-0.0655522
-0.0693895
-0.0726431
-0.0753317
-0.0774757
-0.0790961
-0.0802146
-0.0808529
-0.0810329
-0.0807759
-0.0801029
-0.0790344
-0.07759
-0.0757884
-0.0736475
-0.0711845
-0.0684152
-0.0653551
-0.0620184
-0.0584189
-0.0545695
-0.0504825
-0.0461698
-0.0416428
-0.0369124
-0.0319896
-0.0268852
-0.02161
-0.016175
-0.0105916
-0.00487153
0.000972959
0.00692885
0.0129824
0.0191189
0.0253228
0.0315772
0.0378641
0.0441643
0.0504569
0.0567199
0.0629296
0.0690607
0.0750866
0.080979
0.0867083
0.0922436
0.0975524
0.102601
0.107356
0.111781
0.11584
0.119498
0.122718
0.125465
0.127705
0.129404
0.13053
0.131054
0.130949
0.13019
0.128756
0.12663
0.123799
0.120254
0.115989
0.111006
0.105303
0.0988845
0.0918176
0.0841625
0.0751711
0.0642304
-0.0265027
-0.036812
-0.0452027
-0.0522696
-0.0587433
-0.0645876
-0.069761
-0.0742804
-0.0781662
-0.0814374
-0.0841142
-0.086219
-0.0877749
-0.0888055
-0.0893345
-0.0893857
-0.0889824
-0.0881476
-0.0869033
-0.0852707
-0.0832701
-0.0809206
-0.0782404
-0.0752465
-0.0719551
-0.0683811
-0.0645389
-0.0604418
-0.0561023
-0.0515325
-0.0467438
-0.0417473
-0.0365536
-0.0311734
-0.0256172
-0.0198958
-0.0140202
-0.00800166
-0.00185215
0.00441573
0.0107886
0.017252
0.0237907
0.030388
0.0370262
0.0436858
0.0503462
0.0569849
0.0635778
0.0700992
0.0765218
0.0828162
0.0889519
0.0948963
0.100615
0.106074
0.111236
0.116063
0.120516
0.124558
0.128148
0.131249
0.133823
0.135831
0.13724
0.138016
0.138128
0.13755
0.136256
0.134226
0.131446
0.127902
0.12359
0.118507
0.112653
0.10603
0.098708
0.0907503
0.0813731
0.069936
-0.0345202
-0.0451983
-0.0538746
-0.0611643
-0.067825
-0.0738194
-0.0791047
-0.0836992
-0.0876251
-0.0909027
-0.0935547
-0.0956053
-0.09708
-0.0980046
-0.0984052
-0.0983077
-0.0977377
-0.0967202
-0.0952791
-0.0934373
-0.0912167
-0.088638
-0.0857204
-0.0824822
-0.0789403
-0.0751106
-0.0710078
-0.0666456
-0.062037
-0.057194
-0.0521282
-0.0468504
-0.0413713
-0.035701
-0.0298499
-0.0238283
-0.0176468
-0.0113161
-0.00484785
0.00174596
0.00845237
0.0152575
0.0221462
0.0291025
0.0361085
0.0431453
0.0501919
0.057226
0.0642231
0.0711571
0.0779998
0.0847213
0.0912897
0.0976711
0.10383
0.109729
0.11533
0.120592
0.125474
0.129935
0.133931
0.137422
0.140365
0.142719
0.144446
0.145508
0.145871
0.145503
0.144377
0.142469
0.139761
0.136238
0.131892
0.12672
0.120719
0.113891
0.10631
0.0980405
0.0882618
0.0763048
-0.0432442
-0.0543066
-0.0632786
-0.0707969
-0.0776472
-0.083791
-0.0891844
-0.093847
-0.0978027
-0.101074
-0.103686
-0.105666
-0.10704
-0.107839
-0.108089
-0.107821
-0.107061
-0.105838
-0.104176
-0.102102
-0.0996388
-0.0968083
-0.0936315
-0.0901277
-0.0863149
-0.0822096
-0.0778272
-0.0731818
-0.0682866
-0.0631537
-0.0577947
-0.0522204
-0.0464409
-0.0404663
-0.0343064
-0.0279709
-0.0214699
-0.0148137
-0.0080132
-0.00107984
0.00597405
0.0131351
0.0203889
0.0277196
0.0351099
0.0425411
0.0499925
0.0574416
0.0648638
0.0722326
0.0795194
0.0866934
0.0937215
0.100569
0.107198
0.11357
0.119643
0.125376
0.130723
0.13564
0.140081
0.144
0.147352
0.150091
0.152174
0.15356
0.154209
0.154086
0.15316
0.151402
0.148791
0.145309
0.140946
0.135696
0.129554
0.122524
0.114679
0.106088
0.0958913
0.0833891
-0.0527141
-0.064178
-0.0734572
-0.0812107
-0.0882534
-0.0945456
-0.100042
-0.104765
-0.108739
-0.111989
-0.114544
-0.116433
-0.117686
-0.118335
-0.118411
-0.117947
-0.116972
-0.115516
-0.113609
-0.111277
-0.108546
-0.105439
-0.101979
-0.0981866
-0.0940808
-0.0896788
-0.0849966
-0.0800488
-0.0748488
-0.0694089
-0.0637403
-0.0578536
-0.0517588
-0.0454654
-0.0389827
-0.0323198
-0.0254862
-0.0184914
-0.0113455
-0.00405941
0.00335541
0.0108863
0.0185195
0.0262398
0.0340304
0.0418729
0.0497471
0.0576305
0.0654986
0.0733247
0.0810796
0.0887318
0.0962474
0.10359
0.110721
0.117598
0.12418
0.130419
0.13627
0.141684
0.146611
0.151
0.154803
0.15797
0.160452
0.162202
0.163178
0.163338
0.162647
0.161071
0.158585
0.155168
0.150807
0.145492
0.139219
0.131987
0.123875
0.114953
0.104321
0.0912463
-0.0629723
-0.0748575
-0.0844569
-0.0924526
-0.0996906
-0.10613
-0.111724
-0.116496
-0.120475
-0.123689
-0.126166
-0.127942
-0.129049
-0.129522
-0.129397
-0.128708
-0.127489
-0.125773
-0.123591
-0.120972
-0.117945
-0.114535
-0.110766
-0.10666
-0.102238
-0.0975165
-0.0925133
-0.087243
-0.0817191
-0.0759541
-0.0699589
-0.063744
-0.0573187
-0.0506921
-0.0438727
-0.0368692
-0.02969
-0.0223439
-0.0148402
-0.00718861
0.000600035
0.00851402
0.0165404
0.0246647
0.032871
0.0411413
0.0494559
0.0577927
0.0661272
0.0744328
0.0826798
0.0908363
0.0988674
0.106736
0.1144
0.121818
0.128944
0.13573
0.142126
0.148078
0.153535
0.15844
0.162741
0.166381
0.169308
0.171469
0.172815
0.173301
0.172883
0.171526
0.169197
0.165873
0.161535
0.156172
0.149777
0.142347
0.133965
0.124702
0.113615
0.0999394
-0.0740652
-0.0863941
-0.0963283
-0.104574
-0.112011
-0.118595
-0.12428
-0.129091
-0.133059
-0.136215
-0.138593
-0.140229
-0.141161
-0.141429
-0.141071
-0.140126
-0.138631
-0.136621
-0.134132
-0.131196
-0.127843
-0.1241
-0.119994
-0.115548
-0.110783
-0.105719
-0.100372
-0.0947574
-0.0888898
-0.082781
-0.076442
-0.0698824
-0.0631114
-0.0561372
-0.0489677
-0.0416106
-0.0340734
-0.0263638
-0.0184901
-0.0104611
-0.00228646
0.00602313
0.0144557
0.0229978
0.0316344
0.0403482
0.0491203
0.0579289
0.06675
0.075557
0.0843202
0.093007
0.101582
0.110006
0.118238
0.126233
0.133942
0.141314
0.148297
0.154834
0.160867
0.166338
0.171186
0.17535
0.178773
0.181395
0.18316
0.184018
0.183919
0.18282
0.180686
0.177485
0.173196
0.167805
0.161299
0.153677
0.145021
0.135408
0.123847
0.109538
-0.0860434
-0.0988413
-0.109127
-0.117632
-0.12527
-0.131997
-0.137764
-0.1426
-0.146539
-0.149615
-0.151866
-0.153333
-0.154059
-0.154088
-0.153462
-0.152224
-0.150416
-0.148077
-0.145245
-0.141956
-0.138243
-0.134135
-0.129661
-0.124846
-0.119711
-0.114277
-0.108563
-0.102582
-0.0963501
-0.0898783
-0.0831775
-0.0762569
-0.0691248
-0.0617889
-0.0542559
-0.0465326
-0.0386253
-0.0305407
-0.0222858
-0.0138682
-0.0052962
0.00342062
0.0122715
0.0212443
0.0303248
0.0394971
0.0487427
0.0580409
0.0673681
0.076698
0.0860009
0.0952441
0.104391
0.113403
0.122236
0.130844
0.139176
0.147178
0.154793
0.161963
0.168623
0.174711
0.18016
0.184904
0.188878
0.192016
0.194255
0.195538
0.195807
0.195014
0.193114
0.190073
0.185863
0.180465
0.173864
0.166056
0.157125
0.147151
0.135094
0.120118
-0.0989622
-0.112259
-0.122915
-0.131689
-0.139532
-0.146398
-0.152237
-0.157082
-0.160969
-0.163938
-0.166032
-0.167296
-0.167779
-0.167528
-0.166594
-0.165022
-0.16286
-0.160151
-0.156937
-0.153257
-0.149146
-0.144638
-0.139763
-0.134546
-0.129012
-0.123182
-0.117074
-0.110704
-0.104085
-0.0972307
-0.0901498
-0.0828516
-0.0753433
-0.0676315
-0.0597221
-0.0516205
-0.0433319
-0.0348616
-0.0262151
-0.0173985
-0.00841893
0.000715678
0.00999596
0.019411
0.0289482
0.0385926
0.0483271
0.0581317
0.0679837
0.0778572
0.087723
0.0975483
0.107297
0.116927
0.126396
0.135655
0.14465
0.153326
0.161622
0.169475
0.176816
0.183577
0.189686
0.19507
0.199655
0.203371
0.206145
0.20791
0.208604
0.208168
0.206551
0.203711
0.199614
0.194236
0.187558
0.179572
0.170365
0.16002
0.147445
0.131764
-0.112883
-0.126711
-0.13776
-0.146814
-0.154865
-0.161865
-0.167765
-0.172599
-0.176409
-0.17924
-0.18114
-0.182161
-0.182357
-0.181783
-0.180494
-0.178542
-0.175979
-0.172854
-0.169214
-0.165099
-0.160551
-0.155604
-0.15029
-0.144638
-0.138673
-0.132417
-0.125888
-0.119104
-0.112077
-0.104819
-0.0973396
-0.0896469
-0.0817473
-0.0736461
-0.0653479
-0.0568567
-0.0481762
-0.0393102
-0.0302627
-0.0210381
-0.0116418
-0.00208008
0.00763933
0.0175072
0.0275123
0.0376414
0.0478786
0.0582053
0.0685997
0.0790368
0.0894879
0.0999204
0.110298
0.120579
0.130719
0.140667
0.150369
0.159765
0.168792
0.177381
0.18546
0.192955
0.199787
0.205876
0.21114
0.2155
0.218876
0.22119
0.222371
0.222351
0.221071
0.218479
0.214535
0.209208
0.202475
0.194322
0.18484
0.174114
0.160995
0.144569
-0.127874
-0.142273
-0.153738
-0.163085
-0.171347
-0.178476
-0.184421
-0.18922
-0.192923
-0.195579
-0.197243
-0.197974
-0.197834
-0.196885
-0.195188
-0.192803
-0.189787
-0.186196
-0.182078
-0.177482
-0.172451
-0.167022
-0.16123
-0.155106
-0.148676
-0.141962
-0.134985
-0.12776
-0.120301
-0.112619
-0.104723
-0.0966192
-0.0883134
-0.0798095
-0.0711107
-0.0622194
-0.0531375
-0.0438671
-0.0344103
-0.0247699
-0.0149491
-0.00495244
0.00521435
0.0155439
0.0260268
0.0366516
0.0474041
0.0582671
0.0692202
0.0802396
0.0912974
0.102362
0.113396
0.124359
0.135205
0.145882
0.156334
0.166498
0.176308
0.18569
0.194569
0.202863
0.210485
0.21735
0.223367
0.228446
0.232498
0.235434
0.237173
0.237637
0.236755
0.234466
0.230722
0.225483
0.21872
0.210414
0.200659
0.189541
0.175852
0.158636
-0.14401
-0.159026
-0.170935
-0.180589
-0.189065
-0.196314
-0.202285
-0.207022
-0.210581
-0.213018
-0.214396
-0.214784
-0.21425
-0.212867
-0.210702
-0.207823
-0.204296
-0.200179
-0.19553
-0.1904
-0.184835
-0.178878
-0.172565
-0.165929
-0.158997
-0.151793
-0.144337
-0.136645
-0.128731
-0.120603
-0.112271
-0.10374
-0.0950136
-0.0860945
-0.0769842
-0.0676831
-0.0581915
-0.0485092
-0.0386365
-0.0285738
-0.0183223
-0.0078845
0.00273622
0.0135346
0.0245034
0.0356332
0.0469116
0.0583236
0.0698502
0.0814692
0.0931539
0.104873
0.116592
0.128267
0.139854
0.1513
0.162546
0.173528
0.184176
0.194412
0.204154
0.213316
0.221804
0.229522
0.236371
0.242252
0.247062
0.250704
0.253081
0.254104
0.253691
0.25177
0.248279
0.243172
0.236409
0.227969
0.217944
0.206424
0.192136
0.174079
-0.161378
-0.177062
-0.189449
-0.199424
-0.208116
-0.215474
-0.221449
-0.22609
-0.22946
-0.231626
-0.232661
-0.232641
-0.231648
-0.229761
-0.22706
-0.223619
-0.219512
-0.214806
-0.209563
-0.20384
-0.197688
-0.191152
-0.184271
-0.17708
-0.169608
-0.161879
-0.153913
-0.145727
-0.137331
-0.128737
-0.119951
-0.110976
-0.101815
-0.0924693
-0.0829375
-0.0732184
-0.06331
-0.05321
-0.0429161
-0.0324265
-0.0217401
-0.0108567
0.00022262
0.011495
0.0229558
0.0345978
0.046411
0.0583825
0.0704956
0.0827297
0.0950599
0.107457
0.119885
0.132304
0.144667
0.156921
0.169007
0.180858
0.192399
0.203551
0.214226
0.22433
0.233762
0.242418
0.250189
0.256961
0.262623
0.267062
0.270169
0.271839
0.271976
0.270494
0.26732
0.262396
0.255673
0.24712
0.236832
0.224899
0.209981
0.191027
-0.180075
-0.196487
-0.209389
-0.219702
-0.228611
-0.236064
-0.242014
-0.246517
-0.249647
-0.25148
-0.252102
-0.251601
-0.25007
-0.247601
-0.244283
-0.240203
-0.235441
-0.230073
-0.224168
-0.217787
-0.210987
-0.203817
-0.196318
-0.188527
-0.180473
-0.172182
-0.163674
-0.154964
-0.146064
-0.136982
-0.127723
-0.118289
-0.108681
-0.0988976
-0.0889358
-0.0787918
-0.0684611
-0.0579391
-0.0472207
-0.0363016
-0.0251778
-0.0138466
-0.00230628
0.00944315
0.0213997
0.0335588
0.0459133
0.0584528
0.071163
0.0840257
0.0970182
0.110112
0.123275
0.136466
0.149639
0.162742
0.175713
0.188485
0.20098
0.213114
0.224794
0.235919
0.246381
0.256067
0.264854
0.27262
0.279236
0.284576
0.288515
0.290931
0.291713
0.290756
0.287974
0.283294
0.276654
0.268017
0.257474
0.245119
0.229536
0.209622
-0.200211
-0.217422
-0.230881
-0.24155
-0.250675
-0.258206
-0.264094
-0.268409
-0.271235
-0.272662
-0.272788
-0.271719
-0.269561
-0.266418
-0.262394
-0.257585
-0.252082
-0.245971
-0.239327
-0.232218
-0.224705
-0.21684
-0.208669
-0.200228
-0.19155
-0.182659
-0.173575
-0.164313
-0.154883
-0.145292
-0.135542
-0.125635
-0.115568
-0.105338
-0.0949394
-0.0843654
-0.073609
-0.0626626
-0.0515185
-0.0401694
-0.0286083
-0.0168293
-0.00482794
0.00739898
0.0198525
0.0325312
0.0454309
0.0585442
0.0718598
0.0853622
0.0990312
0.112841
0.126761
0.140751
0.154769
0.168759
0.182662
0.196407
0.209916
0.2231
0.235861
0.248092
0.259677
0.270491
0.280402
0.289272
0.296958
0.303317
0.308205
0.311481
0.313015
0.312683
0.31038
0.306016
0.299516
0.290828
0.280044
0.267257
0.250969
0.230025
-0.221912
-0.240005
-0.254071
-0.265114
-0.274453
-0.282036
-0.287819
-0.291883
-0.294328
-0.29526
-0.294795
-0.293056
-0.290164
-0.286242
-0.281407
-0.275769
-0.26943
-0.262484
-0.255016
-0.247101
-0.238803
-0.23018
-0.221278
-0.212137
-0.202789
-0.193258
-0.183564
-0.173721
-0.163736
-0.153616
-0.143359
-0.132965
-0.12243
-0.111745
-0.100904
-0.0898973
-0.0787138
-0.0673431
-0.0557744
-0.0439972
-0.0320012
-0.0197773
-0.00731756
0.00538454
0.0183334
0.0315312
0.0449772
0.0586673
0.0725936
0.086744
0.101101
0.115643
0.13034
0.145156
0.160048
0.174965
0.189845
0.204617
0.219202
0.233507
0.24743
0.260857
0.273663
0.285714
0.296865
0.306962
0.315847
0.323356
0.329326
0.333593
0.336004
0.336414
0.334693
0.330732
0.324437
0.315742
0.304735
0.291508
0.274473
0.252418
-0.245325
-0.264397
-0.279125
-0.290564
-0.30011
-0.307712
-0.313334
-0.31707
-0.319041
-0.319372
-0.318201
-0.315671
-0.311924
-0.307101
-0.301335
-0.294753
-0.287468
-0.279587
-0.271202
-0.262395
-0.253236
-0.243784
-0.234091
-0.224195
-0.21413
-0.20392
-0.193582
-0.183128
-0.172565
-0.161896
-0.151117
-0.140226
-0.129213
-0.118069
-0.106783
-0.0953417
-0.0837321
-0.0719397
-0.0599502
-0.0477496
-0.0353241
-0.0226609
-0.00974846
0.00342346
0.0168631
0.0305763
0.0445663
0.0588329
0.0733721
0.0881755
0.10323
0.118516
0.134008
0.149673
0.16547
0.181349
0.197251
0.213104
0.228828
0.244327
0.259496
0.274214
0.288348
0.301753
0.31427
0.325732
0.335959
0.344768
0.351971
0.35738
0.360815
0.362102
0.361086
0.357632
0.351624
0.342975
0.331769
0.318094
0.300266
0.277006
-0.270621
-0.290785
-0.30624
-0.318096
-0.327836
-0.335416
-0.340805
-0.344119
-0.345502
-0.345105
-0.34309
-0.339627
-0.334881
-0.329015
-0.322183
-0.314527
-0.306176
-0.297247
-0.287842
-0.27805
-0.267945
-0.257592
-0.247042
-0.236337
-0.225506
-0.214575
-0.203559
-0.192468
-0.181304
-0.170068
-0.158755
-0.147356
-0.13586
-0.124253
-0.112522
-0.100649
-0.0886172
-0.0764086
-0.0640051
-0.0513888
-0.0385422
-0.0254486
-0.0120924
0.00154063
0.0154629
0.0296844
0.0442127
0.059052
0.0742025
0.0896605
0.105417
0.121456
0.137758
0.154292
0.171021
0.187897
0.204864
0.221852
0.238778
0.255547
0.272049
0.288158
0.303733
0.318619
0.332642
0.345619
0.357349
0.367627
0.376236
0.382962
0.387589
0.389914
0.389749
0.386928
0.381305
0.372771
0.361398
0.347271
0.328596
0.304025
-0.297999
-0.31939
-0.335646
-0.34794
-0.357855
-0.365355
-0.370422
-0.373197
-0.373852
-0.372572
-0.369551
-0.364986
-0.359074
-0.352003
-0.343949
-0.335072
-0.325518
-0.315417
-0.304879
-0.294001
-0.282863
-0.271531
-0.260057
-0.248484
-0.23684
-0.225148
-0.213421
-0.201665
-0.18988
-0.178063
-0.166204
-0.154291
-0.142308
-0.13024
-0.118066
-0.105766
-0.0933195
-0.0807034
-0.0678959
-0.0548751
-0.0416193
-0.0281076
-0.0143201
-0.000238292
0.0141548
0.0288737
0.0439307
0.0593348
0.0750912
0.091201
0.10766
0.124459
0.14158
0.158999
0.176684
0.19459
0.212663
0.230837
0.249029
0.267144
0.28507
0.302675
0.319813
0.336316
0.351998
0.366656
0.38007
0.392006
0.402221
0.410463
0.416482
0.420036
0.420896
0.418859
0.413743
0.405408
0.393912
0.379333
0.35975
0.333744
-0.327696
-0.350472
-0.367615
-0.380365
-0.390426
-0.397772
-0.402401
-0.40449
-0.404247
-0.401898
-0.397673
-0.391809
-0.384537
-0.376072
-0.366617
-0.356354
-0.345446
-0.334035
-0.322243
-0.310172
-0.297906
-0.285513
-0.273047
-0.260548
-0.248043
-0.235551
-0.223081
-0.210637
-0.198214
-0.185803
-0.173391
-0.160961
-0.148493
-0.135966
-0.123356
-0.110638
-0.0977871
-0.0847758
-0.0715781
-0.0581676
-0.0445182
-0.0306044
-0.016402
-0.00188754
0.0129605
0.0281619
0.0437337
0.0596904
0.0760426
0.0927972
0.109956
0.127514
0.145461
0.163778
0.182438
0.201402
0.22062
0.240028
0.259549
0.279088
0.29853
0.317742
0.336569
0.354836
0.372342
0.388866
0.404165
0.417976
0.430022
0.440014
0.447658
0.452666
0.454761
0.453694
0.449235
0.441208
0.429647
0.414618
0.394062
0.366475
-0.359994
-0.384342
-0.402468
-0.415691
-0.425854
-0.432945
-0.43699
-0.438209
-0.436858
-0.433212
-0.42755
-0.420153
-0.411291
-0.401216
-0.390159
-0.378325
-0.365895
-0.353025
-0.339846
-0.326467
-0.312975
-0.299439
-0.285911
-0.272428
-0.259015
-0.245687
-0.232447
-0.219294
-0.206219
-0.193206
-0.180238
-0.167292
-0.154343
-0.141366
-0.12833
-0.115207
-0.101966
-0.0885764
-0.0750062
-0.0612247
-0.0472012
-0.0329056
-0.0183086
-0.00338201
0.0119009
0.0275652
0.0436334
0.0601258
0.0770591
0.0944462
0.112295
0.130608
0.149382
0.168604
0.188254
0.208299
0.228696
0.249386
0.270297
0.291334
0.312387
0.333319
0.353972
0.374159
0.39367
0.412262
0.429671
0.445601
0.459739
0.47175
0.481293
0.488024
0.491608
0.491735
0.488122
0.480539
0.468991
0.453525
0.43192
0.402583
-0.39523
-0.421374
-0.440594
-0.4543
-0.464498
-0.471202
-0.474474
-0.47459
-0.471872
-0.466653
-0.459273
-0.450067
-0.43935
-0.427416
-0.414527
-0.400914
-0.386778
-0.372287
-0.357582
-0.342775
-0.327955
-0.313191
-0.298532
-0.284011
-0.269647
-0.255449
-0.241416
-0.227539
-0.213802
-0.200185
-0.186662
-0.173206
-0.159787
-0.146371
-0.132925
-0.119415
-0.105803
-0.0920554
-0.0781348
-0.0640054
-0.0496318
-0.0349788
-0.020012
-0.00469818
0.0109949
0.0270978
0.0436392
0.0606453
0.0781394
0.0961413
0.114666
0.133724
0.153319
0.173447
0.194095
0.215239
0.236844
0.258859
0.281216
0.303827
0.326585
0.349353
0.371971
0.394247
0.415956
0.43684
0.456607
0.474933
0.49146
0.505807
0.517572
0.526346
0.531725
0.533327
0.530794
0.523831
0.512401
0.496521
0.473784
0.442493
-0.433813
-0.462021
-0.48246
-0.496646
-0.506783
-0.512922
-0.515177
-0.5139
-0.509491
-0.502363
-0.492928
-0.481586
-0.468706
-0.454628
-0.439649
-0.424029
-0.407985
-0.391699
-0.375319
-0.35896
-0.342711
-0.326636
-0.31078
-0.295169
-0.279816
-0.264722
-0.249878
-0.235267
-0.220866
-0.206647
-0.192578
-0.178624
-0.164749
-0.150913
-0.137078
-0.123202
-0.109244
-0.0951638
-0.0809195
-0.0664701
-0.0517748
-0.0367934
-0.0214864
-0.00581501
0.0102586
0.0267709
0.0437568
0.0612492
0.0792782
0.0978712
0.117051
0.136837
0.157241
0.178269
0.199917
0.222171
0.245006
0.268381
0.292236
0.316493
0.341047
0.36577
0.390499
0.415038
0.439154
0.462572
0.484977
0.506009
0.525267
0.542314
0.556683
0.567886
0.575435
0.578856
0.5777
0.571584
0.560413
0.544159
0.520197
0.486711
-0.476242
-0.506836
-0.528635
-0.54328
-0.553217
-0.558553
-0.559474
-0.556432
-0.549933
-0.540485
-0.528591
-0.514727
-0.499327
-0.482781
-0.465424
-0.447542
-0.429374
-0.41111
-0.392902
-0.374866
-0.357086
-0.339621
-0.322507
-0.305762
-0.289389
-0.273379
-0.257714
-0.242368
-0.227307
-0.212496
-0.197896
-0.183463
-0.169154
-0.154923
-0.140724
-0.126511
-0.112236
-0.0978545
-0.0833183
-0.0685814
-0.0535979
-0.0383222
-0.0227094
-0.00671499
0.00970447
0.0265916
0.0439879
0.0619331
0.0804649
0.0996187
0.119426
0.139915
0.161109
0.183022
0.205663
0.229031
0.25311
0.277872
0.30327
0.329237
0.355678
0.38247
0.409457
0.436443
0.463188
0.489404
0.514753
0.538841
0.561221
0.581394
0.598818
0.612914
0.623091
0.628761
0.629358
0.624384
0.613664
0.597103
0.571813
0.535842
-0.523133
-0.556502
-0.579817
-0.59487
-0.604406
-0.608616
-0.607789
-0.602512
-0.593422
-0.581154
-0.566317
-0.549479
-0.531147
-0.511765
-0.49171
-0.471293
-0.450769
-0.430336
-0.410145
-0.390308
-0.370902
-0.351975
-0.333551
-0.315636
-0.298222
-0.281287
-0.2648
-0.248725
-0.23302
-0.217637
-0.202528
-0.187642
-0.172927
-0.158332
-0.143802
-0.129286
-0.114731
-0.100084
-0.0852928
-0.0703063
-0.0550729
-0.0395419
-0.0236627
-0.00738524
0.00933997
0.0265618
0.0443284
0.0626869
0.0816828
0.10136
0.12176
0.14292
0.164873
0.187649
0.211267
0.23574
0.261067
0.287235
0.314211
0.341943
0.370352
0.399326
0.428719
0.458338
0.487945
0.517243
0.545872
0.573408
0.599356
0.62315
0.644163
0.661711
0.675078
0.683536
0.686366
0.682924
0.672915
0.656153
0.629424
0.590616
-0.575253
-0.61187
-0.63687
-0.652231
-0.661078
-0.663725
-0.660608
-0.652492
-0.64019
-0.624489
-0.606131
-0.585789
-0.564052
-0.541423
-0.518318
-0.495073
-0.471952
-0.449156
-0.42683
-0.405075
-0.383956
-0.363505
-0.343731
-0.324624
-0.30616
-0.288302
-0.271006
-0.254222
-0.237895
-0.221969
-0.206383
-0.19108
-0.175997
-0.161076
-0.146256
-0.131477
-0.116682
-0.101812
-0.0868091
-0.0716163
-0.0561769
-0.0404348
-0.024334
-0.00781864
0.0091667
0.0266773
0.0447681
0.0634937
0.0829079
0.103063
0.124012
0.145801
0.168477
0.192081
0.216649
0.242207
0.268773
0.29635
0.324927
0.35447
0.384917
0.416177
0.448117
0.480559
0.513269
0.545948
0.578224
0.609643
0.639663
0.667652
0.692886
0.714561
0.731811
0.743734
0.749419
0.748022
0.739086
0.722284
0.694001
0.651928
-0.633568
-0.674012
-0.700875
-0.716369
-0.724109
-0.724596
-0.718475
-0.706749
-0.690456
-0.670576
-0.648007
-0.623545
-0.597867
-0.571536
-0.545002
-0.51862
-0.492656
-0.467306
-0.4427
-0.418924
-0.396019
-0.374
-0.352852
-0.332547
-0.313039
-0.294276
-0.276197
-0.258736
-0.241825
-0.225396
-0.209377
-0.1937
-0.178295
-0.163095
-0.148031
-0.133039
-0.118052
-0.103007
-0.08784
-0.0724897
-0.0568935
-0.0409899
-0.0247176
-0.008015
0.00917917
0.0269265
0.0452891
0.0643289
0.0841082
0.104689
0.126133
0.1485
0.17185
0.196237
0.221713
0.248322
0.276103
0.30508
0.335264
0.366644
0.399185
0.43282
0.467441
0.502888
0.538945
0.575318
0.611632
0.647413
0.682077
0.714921
0.745123
0.771739
0.793728
0.809974
0.819318
0.820652
0.81329
0.796699
0.76675
0.720886
-0.699314
-0.744297
-0.773195
-0.788528
-0.794559
-0.792067
-0.781995
-0.765668
-0.744412
-0.719445
-0.691851
-0.662558
-0.632337
-0.601805
-0.571441
-0.541606
-0.512558
-0.484474
-0.457462
-0.431579
-0.406839
-0.383227
-0.360704
-0.339214
-0.31869
-0.299058
-0.280238
-0.262147
-0.244704
-0.227824
-0.211427
-0.195432
-0.17976
-0.164335
-0.149083
-0.133931
-0.118807
-0.103641
-0.0883657
-0.0729123
-0.0572139
-0.0412038
-0.0248154
-0.0079819
0.00936402
0.0272902
0.0458655
0.0651596
0.0852431
0.106188
0.128065
0.150949
0.17491
0.200021
0.22635
0.253962
0.282916
0.313262
0.345038
0.378262
0.412932
0.449012
0.486427
0.52505
0.56469
0.605077
0.645842
0.686504
0.726446
0.764904
0.80095
0.83349
0.861277
0.882934
0.896987
0.901977
0.896894
0.8809
0.849188
0.798882
-0.774088
-0.824495
-0.855571
-0.870261
-0.873705
-0.867104
-0.851823
-0.829623
-0.802193
-0.771042
-0.737463
-0.70253
-0.667101
-0.631837
-0.59723
-0.56363
-0.531272
-0.500298
-0.47078
-0.442734
-0.416137
-0.390938
-0.367064
-0.344429
-0.322939
-0.302495
-0.282995
-0.26434
-0.24643
-0.229167
-0.212457
-0.19621
-0.180336
-0.164752
-0.149375
-0.134125
-0.118925
-0.1037
-0.0883753
-0.0728788
-0.0571382
-0.041082
-0.0246385
-0.00773572
0.00969916
0.0277401
0.0464625
0.0659436
0.0862624
0.1075
0.129739
0.153066
0.177566
0.203326
0.230436
0.258982
0.289046
0.320708
0.354036
0.389085
0.425889
0.464455
0.504752
0.546697
0.590143
0.634855
0.680494
0.726589
0.772509
0.817438
0.860352
0.899996
0.934891
0.963344
0.983484
0.993385
0.991581
0.976779
0.943254
0.887696
-0.86
-0.916932
-0.950253
-0.963513
-0.963085
-0.950806
-0.928645
-0.898934
-0.863828
-0.825174
-0.784499
-0.743018
-0.701663
-0.661117
-0.621859
-0.584205
-0.548342
-0.51436
-0.482274
-0.452049
-0.423613
-0.396867
-0.3717
-0.34799
-0.32561
-0.304435
-0.28434
-0.265204
-0.246909
-0.229345
-0.212403
-0.195981
-0.179981
-0.16431
-0.148879
-0.133601
-0.118393
-0.103175
-0.0878679
-0.0723937
-0.0566763
-0.0406395
-0.024207
-0.0073021
0.0101533
0.0282388
0.0470363
0.0666299
0.0871068
0.108558
0.131076
0.15476
0.17971
0.206031
0.233832
0.263221
0.29431
0.327207
0.362018
0.398836
0.437745
0.4788
0.522027
0.567404
0.614844
0.664172
0.715102
0.7672
0.819849
0.872209
0.923172
0.971328
1.01494
1.05196
1.08
1.09654
1.09944
1.08676
1.05147
0.989643
-0.959886
-1.02472
-1.06018
-1.07073
-1.06454
-1.0444
-1.01312
-0.973807
-0.929172
-0.881453
-0.832413
-0.783392
-0.735361
-0.688988
-0.644702
-0.602749
-0.56324
-0.526185
-0.491526
-0.459158
-0.428946
-0.400739
-0.374376
-0.349694
-0.326533
-0.304735
-0.284151
-0.264637
-0.24606
-0.22829
-0.211209
-0.194701
-0.178661
-0.162986
-0.14758
-0.132351
-0.11721
-0.102072
-0.0868534
-0.0714724
-0.0558484
-0.0399015
-0.0235512
-0.00671642
0.0106856
0.0287397
0.0475334
0.0671578
0.0877075
0.109282
0.131986
0.155929
0.181227
0.208003
0.236384
0.266504
0.298504
0.332525
0.368712
0.407206
0.448143
0.491641
0.537794
0.586658
0.638228
0.692417
0.749023
0.807689
0.867851
0.928687
0.989042
1.04737
1.10169
1.14951
1.18786
1.21339
1.22309
1.21396
1.17717
1.1078
-1.07765
-1.15209
-1.18922
-1.19501
-1.18024
-1.14918
-1.10582
-1.05423
-0.99781
-0.939204
-0.88039
-0.822781
-0.767328
-0.714625
-0.664998
-0.618577
-0.575358
-0.535244
-0.498078
-0.463668
-0.431806
-0.402274
-0.374857
-0.349347
-0.325544
-0.30326
-0.282318
-0.262553
-0.243812
-0.22595
-0.208835
-0.192344
-0.176358
-0.16077
-0.145477
-0.13038
-0.115387
-0.100407
-0.0853535
-0.070141
-0.0546855
-0.0389036
-0.0227113
-0.00602367
0.011246
0.029187
0.0478921
0.0674583
0.0879874
0.109587
0.132372
0.156464
0.181992
0.209097
0.237927
0.268641
0.301407
0.336405
0.373822
0.41385
0.456684
0.502515
0.55152
0.60385
0.659608
0.718828
0.781431
0.847186
0.915642
0.986056
1.05729
1.12773
1.19514
1.25661
1.30844
1.34626
1.36579
1.36251
1.32486
1.24638
-1.21885
-1.30495
-1.34257
-1.34022
-1.31269
-1.26642
-1.20704
-1.13982
-1.06891
-0.997353
-0.927255
-0.860009
-0.796451
-0.737012
-0.681843
-0.6309
-0.58402
-0.540961
-0.501445
-0.465176
-0.431855
-0.401193
-0.372916
-0.346763
-0.322497
-0.299894
-0.278751
-0.258882
-0.240113
-0.222287
-0.205259
-0.188894
-0.173069
-0.157668
-0.142581
-0.127706
-0.112947
-0.0982083
-0.0834012
-0.068437
-0.0532292
-0.0376913
-0.0217369
-0.00527794
0.0117755
0.0295166
0.0480424
0.067455
0.0878623
0.10938
0.13213
0.156247
0.181873
0.209163
0.238288
0.26943
0.302788
0.338577
0.377029
0.418392
0.462928
0.510906
0.5626
0.618277
0.678174
0.742478
0.811287
0.884555
0.962023
1.04312
1.12683
1.21155
1.29492
1.3736
1.4431
1.49776
1.53162
1.53785
1.50078
1.4113
-1.39165
-1.4917
-1.52718
-1.51116
-1.4646
-1.39715
-1.31658
-1.22957
-1.14104
-1.05428
-0.971375
-0.893535
-0.821335
-0.754925
-0.694186
-0.63883
-0.588482
-0.542723
-0.501125
-0.463271
-0.428763
-0.397234
-0.368342
-0.341779
-0.317263
-0.29454
-0.273379
-0.253572
-0.23493
-0.217283
-0.200473
-0.184358
-0.168807
-0.153699
-0.138919
-0.124361
-0.109926
-0.0955167
-0.081041
-0.0664085
-0.0515308
-0.0363196
-0.0206865
-0.00454137
0.0122082
0.0296579
0.0479085
0.0670658
0.0872431
0.108561
0.131152
0.155157
0.180732
0.208047
0.23729
0.268668
0.302407
0.33876
0.378003
0.420442
0.466406
0.516254
0.570368
0.629145
0.692984
0.762266
0.837315
0.918349
1.0054
1.09818
1.19597
1.29736
1.40001
1.50028
1.59291
1.67074
1.72558
1.74727
1.71375
1.61121
-1.60858
-1.72456
-1.75245
-1.71363
-1.63865
-1.54174
-1.43331
-1.32154
-1.21189
-1.10763
-1.01054
-0.921389
-0.840279
-0.766929
-0.700837
-0.641394
-0.587959
-0.539899
-0.496617
-0.457559
-0.422223
-0.390156
-0.360955
-0.334258
-0.309744
-0.287128
-0.266155
-0.246599
-0.228255
-0.210941
-0.194492
-0.178758
-0.163602
-0.148899
-0.134531
-0.12039
-0.106374
-0.0923842
-0.0783278
-0.0641132
-0.0496507
-0.0348515
-0.0196258
-0.00388269
0.0124718
0.0295351
0.04741
0.0662053
0.0860377
0.107033
0.129329
0.153075
0.178436
0.205596
0.234759
0.266151
0.300027
0.336674
0.37641
0.419596
0.466634
0.517973
0.574109
0.635585
0.702986
0.77692
0.857997
0.946777
1.0437
1.14895
1.26228
1.38276
1.50836
1.63548
1.75826
1.86799
1.95371
2.00052
1.97655
1.85933
-1.88993
-2.02174
-2.0309
-1.9542
-1.83687
-1.69923
-1.5546
-1.41235
-1.27796
-1.15414
-1.04188
-0.941132
-0.851273
-0.771399
-0.700502
-0.637572
-0.581654
-0.531874
-0.487447
-0.447681
-0.411964
-0.379763
-0.350611
-0.3241
-0.299875
-0.277621
-0.257065
-0.237964
-0.220102
-0.203289
-0.187351
-0.172135
-0.157501
-0.143319
-0.129473
-0.115851
-0.10235
-0.0888734
-0.0753261
-0.061617
-0.0476567
-0.0333562
-0.0186261
-0.00337506
0.0124909
0.0290698
0.0464653
0.0647876
0.0841555
0.104698
0.126556
0.149884
0.174857
0.201666
0.230529
0.26169
0.295425
0.332052
0.371928
0.415465
0.463134
0.515471
0.573089
0.636684
0.70704
0.785025
0.871582
0.967702
1.07436
1.19239
1.32233
1.46408
1.61645
1.77643
1.93812
2.09157
2.2228
2.31059
2.30809
2.17692
-2.27043
-2.41076
-2.37873
-2.23938
-2.0593
-1.86606
-1.6753
-1.49655
-1.3342
-1.18944
-1.06177
-0.949856
-0.85203
-0.766566
-0.691828
-0.626341
-0.568801
-0.518077
-0.4732
-0.433336
-0.397775
-0.365909
-0.337217
-0.311254
-0.287632
-0.26602
-0.246127
-0.227698
-0.210513
-0.194373
-0.179104
-0.164549
-0.150566
-0.137026
-0.123811
-0.110812
-0.0979258
-0.0850552
-0.0721074
-0.0589922
-0.0456214
-0.0319073
-0.0177614
-0.00309356
0.0121892
0.0281842
0.0449944
0.06273
0.0815098
0.101464
0.122734
0.14548
0.169878
0.196127
0.224453
0.255113
0.2884
0.324654
0.364266
0.407691
0.455457
0.508183
0.566591
0.631525
0.703971
0.785071
0.876139
0.978661
1.09427
1.22467
1.3715
1.53601
1.71857
1.91774
2.12875
2.34149
2.53952
2.69416
2.73689
2.60029
-2.81299
-2.93342
-2.81491
-2.57276
-2.30115
-2.0338
-1.78626
-1.56571
-1.37346
-1.20778
-1.06576
-0.944193
-0.840039
-0.750577
-0.673464
-0.606722
-0.548697
-0.498014
-0.453528
-0.414289
-0.379503
-0.348503
-0.320728
-0.295705
-0.273029
-0.252354
-0.233382
-0.215855
-0.199547
-0.184261
-0.169821
-0.156071
-0.142871
-0.130094
-0.117622
-0.10535
-0.0931758
-0.081005
-0.068747
-0.056314
-0.0436201
-0.0305797
-0.0171068
-0.00311358
0.0114908
0.0268015
0.0429194
0.0599527
0.0780187
0.0972458
0.117776
0.139766
0.163396
0.188864
0.216402
0.246271
0.278777
0.314271
0.353168
0.395953
0.4432
0.495591
0.553941
0.619224
0.692612
0.77551
0.869607
0.976919
1.09983
1.24109
1.40377
1.59108
1.80588
2.0498
2.32127
2.61263
2.90746
3.17066
3.30592
3.19484
-3.63195
-3.65016
-3.3575
-2.95014
-2.54871
-2.18648
-1.87282
-1.60781
-1.38649
-1.2023
-1.04887
-0.920596
-0.812809
-0.721704
-0.644221
-0.577911
-0.520809
-0.471338
-0.428222
-0.390424
-0.357096
-0.327538
-0.301169
-0.277501
-0.256126
-0.236695
-0.218911
-0.202517
-0.187291
-0.173039
-0.159589
-0.146789
-0.134502
-0.122606
-0.110989
-0.0995458
-0.0881804
-0.0768016
-0.0653223
-0.0536583
-0.041727
-0.0294465
-0.0167342
-0.00350577
0.0103261
0.0248529
0.040172
0.0563878
0.0736139
0.0919747
0.111608
0.13267
0.155332
0.179795
0.206284
0.235062
0.266433
0.300756
0.338452
0.38002
0.426061
0.477296
0.534601
0.599047
0.671947
0.75493
0.850016
0.959725
1.0872
1.23632
1.41188
1.61957
1.86587
2.15739
2.49907
2.89067
3.3221
3.75837
4.07678
4.07835
-4.93379
-4.64049
-4.0163
-3.35548
-2.77783
-2.30068
-1.91606
-1.60895
-1.36362
-1.16657
-1.00698
-0.876527
-0.768853
-0.679148
-0.603744
-0.539831
-0.485232
-0.438249
-0.397538
-0.362027
-0.330854
-0.303315
-0.278831
-0.256924
-0.237192
-0.219297
-0.202952
-0.187908
-0.173954
-0.160901
-0.148588
-0.13687
-0.125615
-0.114709
-0.104044
-0.0935224
-0.0830522
-0.0725474
-0.0619258
-0.0511079
-0.0400157
-0.0285719
-0.0166985
-0.00431574
0.00865885
0.0223119
0.0367354
0.0520286
0.068299
0.0856651
0.104259
0.124227
0.145736
0.168978
0.194169
0.221565
0.251461
0.284206
0.320216
0.359986
0.404115
0.453334
0.508539
0.570844
0.641643
0.7227
0.81627
0.925263
1.05347
1.20585
1.38893
1.61128
1.88395
2.22077
2.63779
3.15046
3.76661
4.46676
5.12951
5.46075
-7.17799
-6.00407
-4.75321
-3.73037
-2.93562
-2.33546
-1.88759
-1.55079
-1.2936
-1.09393
-0.936339
-0.809996
-0.707246
-0.622606
-0.552087
-0.492733
-0.44232
-0.399145
-0.361887
-0.329504
-0.301165
-0.276199
-0.254059
-0.234293
-0.216524
-0.200435
-0.185758
-0.172263
-0.15975
-0.148048
-0.137004
-0.126483
-0.116366
-0.106545
-0.0969192
-0.0873992
-0.0778996
-0.0683405
-0.0586457
-0.0487413
-0.0385551
-0.0280153
-0.0170494
-0.00558357
0.00645882
0.0191581
0.0325999
0.046876
0.0620865
0.0783415
0.0957632
0.114489
0.134674
0.156495
0.180157
0.205896
0.233992
0.264772
0.298627
0.336029
0.377548
0.423885
0.475909
0.534709
0.601668
0.678565
0.767721
0.872215
0.996193
1.14534
1.32756
1.55403
1.84065
2.21009
2.69464
3.33684
4.18013
5.25639
6.56564
7.80733
-11.56
-7.80253
-5.29293
-3.81985
-2.84163
-2.17215
-1.71122
-1.38429
-1.14406
-0.962194
-0.821014
-0.709048
-0.618635
-0.544512
-0.48296
-0.431281
-0.387472
-0.350015
-0.317738
-0.289724
-0.265241
-0.243699
-0.224619
-0.207603
-0.192319
-0.178489
-0.165877
-0.154279
-0.143519
-0.133444
-0.12392
-0.114827
-0.106058
-0.0975163
-0.089113
-0.0807669
-0.0724019
-0.0639463
-0.0553315
-0.0464912
-0.0373602
-0.027874
-0.0179674
-0.00757384
0.00337546
0.0149527
0.0272347
0.0403038
0.0542496
0.0691703
0.0851752
0.102387
0.120942
0.141
0.162742
0.186377
0.212152
0.240358
0.27134
0.305516
0.343391
0.385585
0.432871
0.486219
0.546865
0.616412
0.696972
0.791384
0.903549
1.03896
1.2056
1.41536
1.68652
2.04823
2.54903
3.26599
4.30362
5.85005
8.44987
12.3182
-18.9697
-9.55612
-5.068
-3.24725
-2.28424
-1.70009
-1.3292
-1.07795
-0.896531
-0.759455
-0.652535
-0.567125
-0.497633
-0.440266
-0.392344
-0.351911
-0.3175
-0.287988
-0.262499
-0.24034
-0.220953
-0.203883
-0.188755
-0.175257
-0.163129
-0.152146
-0.142119
-0.132882
-0.124292
-0.116224
-0.108565
-0.101217
-0.0940905
-0.0871032
-0.0801811
-0.0732549
-0.06626
-0.0591352
-0.0518219
-0.0442631
-0.0364032
-0.0281867
-0.0195578
-0.0104593
-0.000832459
0.00938439
0.0202565
0.0318538
0.044252
0.0575339
0.0717908
0.0871247
0.10365
0.121498
0.140815
0.161775
0.184577
0.209455
0.236686
0.266601
0.299601
0.33617
0.376911
0.422569
0.474091
0.532692
0.599957
0.678002
0.769716
0.879169
1.01232
1.1783
1.39195
1.67955
2.09192
2.72594
3.75689
5.67363
10.2794
19.8164
)
;

boundaryField
{
    movingWall
    {
        type            zeroGradient;
    }
    fixedWalls
    {
        type            zeroGradient;
    }
    frontAndBack
    {
        type            empty;
    }
}


// ************************************************************************* //
