/*--------------------------------*- C++ -*----------------------------------*\
  =========                 |
  \\      /  F ield         | OpenFOAM: The Open Source CFD Toolbox
   \\    /   O peration     | Website:  https://openfoam.org
    \\  /    A nd           | Version:  7
     \\/     M anipulation  |
\*---------------------------------------------------------------------------*/
FoamFile
{
    version     2.0;
    format      ascii;
    class       volScalarField;
    location    "0.3";
    object      p;
}
// * * * * * * * * * * * * * * * * * * * * * * * * * * * * * * * * * * * * * //

dimensions      [0 2 -2 0 0 0 0];

internalField   nonuniform List<scalar> 
6400
(
1.33557e-05
3.5459e-05
-0.00046934
-0.00150187
-0.00294399
-0.00468544
-0.00662586
-0.00867572
-0.0107578
-0.0128067
-0.0147673
-0.0165935
-0.0182467
-0.0196954
-0.0209137
-0.0218809
-0.0225807
-0.0230012
-0.0231337
-0.0229729
-0.0225163
-0.0217639
-0.0207184
-0.019384
-0.0177675
-0.0158769
-0.0137222
-0.0113145
-0.00866663
-0.00579234
-0.00270666
0.000574373
0.00403378
0.00765372
0.0114155
0.0152998
0.0192866
0.0233552
0.0274847
0.0316534
0.0358396
0.0400212
0.0441758
0.0482814
0.0523155
0.0562562
0.0600816
0.0637704
0.0673015
0.0706548
0.0738109
0.0767512
0.0794585
0.0819166
0.0841109
0.0860285
0.087658
0.0889903
0.0900185
0.0907379
0.0911465
0.0912454
0.0910384
0.090533
0.0897402
0.0886751
0.087357
0.0858101
0.0840637
0.0821531
0.0801201
0.0780136
0.0758913
0.0738202
0.0718778
0.0701526
0.0687415
0.0677487
0.0672808
0.0673183
1.14204e-05
2.59556e-05
-0.00042727
-0.00131037
-0.00252399
-0.00398893
-0.0056293
-0.00737273
-0.00915398
-0.0109158
-0.0126085
-0.0141896
-0.015623
-0.0168784
-0.0179308
-0.0187597
-0.0193489
-0.0196859
-0.0197618
-0.0195703
-0.0191084
-0.018375
-0.0173718
-0.0161022
-0.0145716
-0.0127873
-0.0107578
-0.00849327
-0.00600528
-0.00330648
-0.000410654
0.00266738
0.00591187
0.00930621
0.012833
0.0164741
0.0202109
0.0240241
0.0278938
0.0318001
0.0357223
0.0396398
0.0435319
0.0473777
0.0511564
0.0548474
0.0584304
0.0618855
0.0651933
0.0683352
0.0712931
0.0740502
0.0765905
0.0788994
0.0809637
0.0827717
0.0843136
0.0855813
0.0865692
0.0872735
0.0876933
0.0878302
0.0876891
0.0872776
0.0866071
0.0856926
0.084553
0.0832117
0.0816969
0.0800418
0.0782852
0.0764722
0.074654
0.0728893
0.0712434
0.0697876
0.0685951
0.0677405
0.0673173
0.0673559
0.000519542
0.000481463
2.77106e-05
-0.00078803
-0.00187853
-0.0031805
-0.00463277
-0.00617524
-0.00775231
-0.00931395
-0.0108159
-0.0122194
-0.0134913
-0.014603
-0.0155308
-0.016255
-0.01676
-0.0170332
-0.0170656
-0.0168507
-0.0163849
-0.0156669
-0.0146974
-0.0134793
-0.0120172
-0.0103174
-0.00838788
-0.00623776
-0.00387764
-0.00131927
0.00142452
0.00433988
0.00741208
0.0106255
0.0139638
0.01741
0.0209463
0.0245546
0.0282162
0.0319121
0.035623
0.0393293
0.0430114
0.0466496
0.0502244
0.0537163
0.0571062
0.0603754
0.0635058
0.0664797
0.0692806
0.0718925
0.0743007
0.0764917
0.0784534
0.0801752
0.081648
0.0828649
0.0838207
0.0845128
0.0849405
0.0851062
0.0850148
0.0846742
0.0840957
0.0832938
0.0822869
0.0810972
0.0797513
0.0782801
0.0767195
0.0751103
0.0734983
0.0719346
0.070475
0.0691788
0.0681054
0.0673148
0.0668926
0.06689
0.00155256
0.00136745
0.000843828
2.47461e-05
-0.00102316
-0.00224631
-0.00359299
-0.00501245
-0.0064571
-0.00788337
-0.00925208
-0.0105285
-0.0116823
-0.0126874
-0.0135216
-0.0141664
-0.0146069
-0.0148312
-0.0148303
-0.0145979
-0.0141302
-0.0134255
-0.0124843
-0.011309
-0.00990366
-0.00827399
-0.00642719
-0.00437183
-0.00211773
0.000324138
0.00294172
0.005722
0.00865108
0.0117142
0.0148959
0.01818
0.0215498
0.024988
0.0284769
0.0319984
0.035534
0.0390654
0.0425737
0.0460403
0.0494467
0.0527743
0.0560051
0.0591214
0.0621059
0.0649421
0.0676142
0.0701073
0.0724076
0.0745024
0.0763804
0.0780317
0.0794481
0.0806232
0.0815525
0.0822336
0.0826664
0.0828534
0.0827994
0.0825124
0.082003
0.0812855
0.080377
0.0792985
0.0780747
0.0767341
0.0753094
0.0738373
0.0723587
0.070918
0.0695635
0.0683455
0.0673144
0.0665218
0.0660359
0.0659003
0.00300126
0.00258969
0.0019382
0.00106619
1.08431e-05
-0.00118301
-0.0024715
-0.00381234
-0.00516526
-0.00649281
-0.00776079
-0.00893847
-0.00999873
-0.0109179
-0.0116759
-0.0122555
-0.0126428
-0.0128266
-0.0127985
-0.0125524
-0.0120845
-0.0113931
-0.0104784
-0.00934242
-0.00798892
-0.00642312
-0.00465166
-0.00268251
-0.000524836
0.00181105
0.00431381
0.00697119
0.00977004
0.0126964
0.0157357
0.0188724
0.0220908
0.0253743
0.0287062
0.0320693
0.035446
0.0388187
0.0421695
0.0454808
0.0487349
0.0519141
0.0550013
0.0579796
0.0608328
0.063545
0.0661014
0.0684878
0.0706913
0.0726998
0.0745027
0.0760908
0.0774564
0.0785936
0.0794984
0.0801685
0.0806041
0.0808077
0.080784
0.0805407
0.0800878
0.0794387
0.0786094
0.0776195
0.0764915
0.0752515
0.0739288
0.0725561
0.0711693
0.0698072
0.0685107
0.0673223
0.0662851
0.0654429
0.0648368
0.0644891
0.00476351
0.00407516
0.00325269
0.0022875
0.00118335
-2.27071e-05
-0.00129344
-0.00259414
-0.00389126
-0.00515299
-0.00634985
-0.00745507
-0.00844474
-0.00929783
-0.00999615
-0.0105243
-0.0108694
-0.0110214
-0.0109722
-0.0107164
-0.0102502
-0.00957207
-0.00868214
-0.00758228
-0.00627589
-0.00476785
-0.00306436
-0.00117289
0.000897932
0.0031384
0.00553783
0.0080846
0.0107663
0.0135696
0.0164807
0.0194849
0.0225671
0.0257118
0.0289027
0.0321236
0.0353577
0.0385882
0.0417981
0.0449705
0.0480885
0.0511353
0.0540944
0.05695
0.0596863
0.0622884
0.064742
0.0670339
0.0691515
0.0710835
0.0728199
0.0743519
0.0756723
0.0767754
0.0776575
0.0783166
0.0787528
0.0789684
0.0789681
0.0787588
0.0783502
0.0777543
0.0769861
0.0760634
0.0750067
0.0738394
0.0725878
0.0712806
0.0699491
0.0686266
0.0673478
0.0661479
0.065064
0.0641326
0.0633635
0.0627527
0.00674864
0.00575532
0.00473211
0.00364215
0.00245529
0.00120205
-8.57814e-05
-0.00138018
-0.00265359
-0.00387933
-0.00503236
-0.00608964
-0.00703039
-0.00783619
-0.00849095
-0.00898095
-0.00929477
-0.0094232
-0.00935915
-0.00909749
-0.008635
-0.00797025
-0.00710344
-0.00603636
-0.00477226
-0.00331576
-0.00167271
0.000149805
0.00214363
0.00429957
0.00660747
0.00905631
0.0116343
0.0143287
0.0171264
0.0200135
0.0229754
0.0259973
0.0290639
0.0321594
0.0352679
0.0383733
0.0414593
0.0445097
0.0475083
0.050439
0.0532862
0.0560345
0.0586688
0.061175
0.0635393
0.0657489
0.067792
0.0696576
0.0713362
0.0728193
0.0741
0.075173
0.0760344
0.0766825
0.0771172
0.0773406
0.0773569
0.0771725
0.0767961
0.0762389
0.0755144
0.0746387
0.0736303
0.0725099
0.0713009
0.0700283
0.0687193
0.0674021
0.0661058
0.0648595
0.063695
0.062643
0.061681
0.0607779
0.00887743
0.00756569
0.00632266
0.00508479
0.00378916
0.00246104
0.00112784
-0.000188219
-0.00146488
-0.00268008
-0.0038128
-0.00484353
-0.00575448
-0.00652975
-0.00715537
-0.00761936
-0.00791169
-0.00802429
-0.00795092
-0.00768713
-0.00723015
-0.00657883
-0.00573357
-0.00469619
-0.00346986
-0.00205903
-0.000469324
0.0012925
0.00321866
0.00530037
0.00752797
0.00989093
0.012378
0.014977
0.0176754
0.0204599
0.0233167
0.0262314
0.0291893
0.0321755
0.0351745
0.038171
0.0411493
0.0440938
0.0469889
0.0498193
0.0525697
0.0552254
0.057772
0.0601957
0.0624833
0.0646224
0.0666017
0.0684105
0.0700396
0.0714807
0.0727272
0.0737738
0.0746167
0.075254
0.0756854
0.0759128
0.0759396
0.0757718
0.0754171
0.0748855
0.0741893
0.0733427
0.0723623
0.0712664
0.0700753
0.0688109
0.0674965
0.0661561
0.0648136
0.0634927
0.0622214
0.0610253
0.0598507
0.0586407
0.0110829
0.00944878
0.00797486
0.00657289
0.00514906
0.00372458
0.00232347
0.00096299
-0.000339263
-0.0015653
-0.00269775
-0.00372035
-0.00461811
-0.00537754
-0.00598675
-0.00643546
-0.00671509
-0.00681872
-0.00674107
-0.00647839
-0.00602848
-0.00539057
-0.00456531
-0.00355463
-0.00236174
-0.000991
0.00055212
0.00226111
0.00412847
0.00614578
0.00830375
0.0105923
0.0130006
0.0155171
0.0181297
0.0208256
0.0235915
0.0264137
0.0292781
0.0321701
0.0350752
0.0379782
0.0408643
0.0437182
0.0465251
0.0492699
0.0519382
0.0545154
0.0569878
0.0593418
0.0615649
0.0636448
0.0655705
0.0673317
0.0689192
0.0703251
0.0715427
0.0725667
0.0733933
0.0740203
0.0744471
0.0746751
0.0747074
0.0745489
0.0742066
0.0736893
0.0730078
0.0721748
0.0712048
0.0701138
0.0689197
0.0676412
0.0662982
0.0649109
0.063499
0.0620815
0.0606833
0.0593264
0.0579274
0.0564055
0.0133091
0.0113545
0.00964425
0.00806735
0.00650117
0.00496392
0.00347712
0.0020538
0.000707571
-0.000547163
-0.00169631
-0.00272651
-0.0036254
-0.00438177
-0.00498567
-0.00542853
-0.00570317
-0.00580387
-0.00572631
-0.00546752
-0.00502591
-0.00440117
-0.00359426
-0.00260731
-0.00144361
-0.000107529
0.00139556
0.0030593
0.00487643
0.00683879
0.00893744
0.0111626
0.013504
0.0159504
0.01849
0.0211107
0.0237997
0.0265436
0.0293289
0.0321416
0.0349674
0.037792
0.0406007
0.0433789
0.0461121
0.0487859
0.0513859
0.0538983
0.0563095
0.0586064
0.0607765
0.0628081
0.0646902
0.0664128
0.0679667
0.069344
0.070538
0.0715434
0.0723561
0.0729736
0.0733951
0.0736213
0.0736546
0.0734993
0.0731613
0.0726484
0.0719699
0.0711369
0.0701622
0.0690597
0.0678446
0.0665332
0.0651423
0.0636888
0.0621888
0.0606574
0.0591175
0.0575882
0.0559584
0.0541257
0.0155093
0.0132394
0.0112912
0.00953258
0.00781402
0.00615169
0.00456534
0.00306449
0.00165932
0.000361127
-0.00081888
-0.00186999
-0.0027822
-0.00354642
-0.00415458
-0.00459969
-0.00487598
-0.0049789
-0.0049051
-0.00465245
-0.00421998
-0.00360789
-0.0028175
-0.00185122
-0.000712477
0.000594303
0.00206377
0.00368966
0.00546488
0.00738148
0.00943078
0.0116034
0.0138891
0.0162773
0.0187566
0.0213151
0.0239405
0.0266199
0.0293401
0.0320877
0.0348487
0.0376092
0.0403549
0.0430718
0.0457455
0.0483621
0.0509076
0.0533683
0.055731
0.0579828
0.0601115
0.0621054
0.0639538
0.0656465
0.0671746
0.06853
0.0697059
0.0706968
0.0714983
0.0721077
0.0725236
0.0727462
0.0727772
0.07262
0.0722797
0.0717627
0.0710772
0.0702328
0.0692405
0.0681123
0.0668613
0.0655013
0.0640465
0.0625112
0.0609083
0.0592498
0.0575571
0.0558477
0.0539848
0.0518453
0.0176441
0.0150659
0.0128806
0.0109363
0.0090585
0.00726204
0.00556553
0.00397558
0.00249945
0.00114576
-7.68031e-05
-0.00115988
-0.00209563
-0.00287691
-0.00349737
-0.00395158
-0.00423508
-0.00434448
-0.00427741
-0.00403254
-0.0036096
-0.0030093
-0.00223339
-0.00128458
-0.000166492
0.00111633
0.00255851
0.00415384
0.00589529
0.0077751
0.00978477
0.0119151
0.0141564
0.016498
0.0189291
0.021438
0.0240128
0.0266411
0.0293099
0.0320061
0.0347162
0.0374266
0.0401235
0.0427929
0.045421
0.0479939
0.050498
0.0529199
0.0552465
0.0574651
0.0595636
0.0615304
0.0633547
0.0650264
0.0665365
0.0678768
0.0690403
0.0700211
0.0708147
0.0714178
0.0718285
0.0720465
0.0720727
0.0719096
0.0715614
0.0710335
0.0703327
0.0694673
0.0684465
0.0672808
0.0659813
0.0645598
0.0630282
0.0613984
0.059681
0.0578853
0.056032
0.0541376
0.0520412
0.0496011
0.0196801
0.0168012
0.014381
0.0122492
0.0102078
0.00827068
0.00645601
0.00476796
0.00321135
0.00179248
0.000517856
-0.000606262
-0.00157398
-0.00237991
-0.00301934
-0.00348825
-0.00378347
-0.00390272
-0.00384458
-0.00360856
-0.00319503
-0.0026053
-0.00184154
-0.000906803
0.000195042
0.00145931
0.00288053
0.00445248
0.0061682
0.00802002
0.0099996
0.0120979
0.0143054
0.0166119
0.0190066
0.0214783
0.0240152
0.0266053
0.0292359
0.0318942
0.0345671
0.0372411
0.0399027
0.0425383
0.0451341
0.0476767
0.0501525
0.0525482
0.0548509
0.057048
0.0591273
0.0610774
0.0628873
0.0645469
0.066047
0.0673792
0.0685361
0.0695118
0.070301
0.0709002
0.0713068
0.0715199
0.0715397
0.0713679
0.0710076
0.0704632
0.0697404
0.068846
0.0677879
0.066575
0.0652168
0.0637231
0.0621041
0.0603699
0.0585288
0.0565883
0.0545687
0.0524863
0.0501577
0.0474233
0.0215886
0.0184166
0.0157646
0.0134449
0.011237
0.00915476
0.00721603
0.00542302
0.00377848
0.00228678
0.000952491
-0.000219969
-0.00122644
-0.00206317
-0.0027269
-0.00321497
-0.00352542
-0.00365701
-0.00360928
-0.00338252
-0.00297781
-0.002397
-0.00164274
-0.000718449
0.000371736
0.00162293
0.00302955
0.00458533
0.00628329
0.00811582
0.0100747
0.012151
0.0143354
0.0166178
0.0189877
0.0214342
0.0239457
0.0265102
0.0291157
0.0317493
0.0343982
0.0370492
0.0396889
0.042304
0.0448809
0.0474061
0.0498664
0.0522484
0.0545393
0.0567264
0.0587977
0.0607415
0.0625467
0.0642032
0.0657014
0.0670326
0.0681894
0.069165
0.0699541
0.0705523
0.0709567
0.0711656
0.0711784
0.070996
0.0706205
0.0700554
0.0693052
0.0683755
0.067273
0.066005
0.0645797
0.0630053
0.0612906
0.0594439
0.0574719
0.0553808
0.053191
0.050919
0.0483601
0.0453377
0.0233447
0.0198867
0.0170063
0.014499
0.0121232
0.00989279
0.00782572
0.00592261
0.00418447
0.00261399
0.00121408
-1.24594e-05
-0.00106303
-0.00193535
-0.00262751
-0.00313811
-0.00346632
-0.00361192
-0.00357533
-0.00335764
-0.0029606
-0.00238664
-0.00163889
-0.000721132
0.000362177
0.00160594
0.00300441
0.00455122
0.00623938
0.00806127
0.0100087
0.0120729
0.0142447
0.016514
0.0188706
0.0213036
0.0238018
0.0263534
0.0289464
0.0315682
0.0342062
0.0368474
0.0394785
0.0420862
0.0446572
0.047178
0.0496353
0.052016
0.0543071
0.0564959
0.0585701
0.0605181
0.0623286
0.0639911
0.0654958
0.0668337
0.0679969
0.0689783
0.0697718
0.0703728
0.0707776
0.0709836
0.0709896
0.0707958
0.0704033
0.0698145
0.0690329
0.0680631
0.0669105
0.0655813
0.0640822
0.0624204
0.0606031
0.0586377
0.0565294
0.0542833
0.0519205
0.0494579
0.0466705
0.0433658
0.0249262
0.0211886
0.0180831
0.0153893
0.0128449
0.0104644
0.00826603
0.00624908
0.00441309
0.00275934
0.00128929
4.30019e-06
-0.00109442
-0.00200592
-0.00272953
-0.00326502
-0.00361261
-0.00377305
-0.00374763
-0.00353819
-0.00314715
-0.00257752
-0.00183289
-0.000917462
0.000163995
0.00140613
0.00280302
0.00434817
0.00603451
0.00785441
0.00979969
0.0118616
0.014031
0.0162981
0.0186527
0.021084
0.0235809
0.0261319
0.0287249
0.0313478
0.0339878
0.0366321
0.0392676
0.041881
0.044459
0.0469882
0.0494552
0.0518469
0.0541502
0.0563522
0.0584407
0.0604036
0.0622294
0.0639073
0.0654272
0.0667797
0.0679564
0.0689497
0.0697531
0.0703611
0.0707695
0.0709749
0.0709755
0.0707704
0.0703601
0.0697458
0.0689302
0.0679167
0.0667098
0.0653145
0.0637366
0.0619819
0.0600569
0.0579677
0.0557189
0.0533145
0.0507764
0.0481227
0.0451088
0.0415265
0.0263133
0.0223017
0.0189743
0.016095
0.0133821
0.0108503
0.00851863
0.00638519
0.0044483
0.00270801
0.00116452
-0.000182088
-0.00133185
-0.00228502
-0.00304208
-0.00360387
-0.00397161
-0.00414696
-0.00413204
-0.00392942
-0.00354218
-0.00297388
-0.00222861
-0.00131098
-0.000226081
0.00102045
0.00242249
0.00397339
0.00566597
0.00749254
0.00944492
0.0115144
0.0136918
0.0159674
0.0183311
0.0207722
0.0232798
0.0258423
0.0284479
0.0310844
0.0337393
0.0363996
0.0390524
0.0416845
0.0442823
0.0468327
0.049322
0.0517371
0.0540646
0.0562917
0.0584057
0.0603943
0.0622458
0.0639489
0.0654931
0.0668685
0.0680663
0.0690783
0.0698974
0.0705175
0.0709335
0.0711416
0.0711389
0.0709237
0.0704957
0.0698553
0.0690041
0.0679447
0.0666805
0.0652157
0.063555
0.0617034
0.0596666
0.0574498
0.055057
0.0524916
0.0497767
0.0469315
0.0436922
0.0398358
0.0274879
0.0232068
0.0196602
0.0165968
0.0137156
0.011032
0.00856574
0.00631407
0.00427421
0.00244513
0.000825948
-0.0005844
-0.00178708
-0.00278343
-0.00357501
-0.00416365
-0.0045515
-0.00474109
-0.00473533
-0.0045375
-0.00415131
-0.00358089
-0.00283081
-0.00190608
-0.000812167
0.000445025
0.00185913
0.00342333
0.00513031
0.0069723
0.00894105
0.0110278
0.0132235
0.0155184
0.0179023
0.0203648
0.0228948
0.025481
0.0281116
0.0307743
0.0334567
0.036146
0.038829
0.0414926
0.0441232
0.0467075
0.0492318
0.0516827
0.0540468
0.0563108
0.0584619
0.0604873
0.0623751
0.0641135
0.0656915
0.0670987
0.0683258
0.0693639
0.0702052
0.0708431
0.0712716
0.0714862
0.0714833
0.0712602
0.0708158
0.0701496
0.0692625
0.068156
0.0668327
0.065296
0.0635497
0.0615983
0.0594464
0.0570992
0.0545597
0.0518312
0.048938
0.0459006
0.0424368
0.0383086
0.0284329
0.023886
0.0201226
0.0168762
0.013827
0.0109915
0.00839006
0.00601912
0.00387499
0.00195576
0.000259527
-0.00121577
-0.00247234
-0.00351251
-0.00433882
-0.00495404
-0.00536121
-0.00556367
-0.00556509
-0.00536942
-0.00498102
-0.00440454
-0.00364506
-0.002708
-0.00159918
-0.000324806
0.0011085
0.00269373
0.00442341
0.00628965
0.00828414
0.0103981
0.0126223
0.0149472
0.0173625
0.0198578
0.0224222
0.0250441
0.0277119
0.0304134
0.033136
0.035867
0.0385932
0.0413013
0.0439777
0.0466088
0.0491808
0.0516802
0.0540932
0.0564063
0.0586062
0.06068
0.062615
0.0643992
0.0660209
0.0674694
0.0687344
0.0698066
0.0706775
0.0713396
0.0717864
0.0720124
0.0720131
0.0717853
0.0713267
0.0706362
0.0697136
0.06856
0.0671769
0.0655669
0.0637333
0.0616798
0.0594107
0.0569306
0.0542422
0.0513487
0.0482758
0.0450454
0.0413571
0.0369582
0.0291323
0.0243223
0.0203438
0.0169154
0.0136989
0.0107115
0.00797458
0.00548387
0.00323487
0.00122482
-0.00054904
-0.00208971
-0.00340031
-0.00448414
-0.00534463
-0.00598542
-0.0064104
-0.00662369
-0.00662967
-0.00643298
-0.00603856
-0.00545163
-0.00467773
-0.00372272
-0.00259278
-0.00129442
0.000165462
0.00177964
0.00354048
0.00543995
0.00746964
0.0096207
0.0118839
0.0142494
0.0167073
0.0192469
0.0218574
0.0245272
0.0272445
0.0299973
0.032773
0.0355585
0.0383408
0.0411064
0.0438416
0.0465325
0.0491653
0.0517259
0.0542004
0.056575
0.0588359
0.0609698
0.0629636
0.0648045
0.0664806
0.0679802
0.0692925
0.0704075
0.071316
0.0720096
0.0724811
0.0727241
0.0727334
0.0725048
0.0720353
0.0713228
0.0703665
0.0691665
0.0677237
0.0660401
0.0641183
0.0619614
0.0595734
0.0569586
0.0541196
0.0510594
0.0478053
0.0443807
0.0404672
0.0357971
0.0295704
0.0244992
0.0203069
0.0166973
0.0133139
0.0101749
0.00730251
0.00469197
0.00233799
0.000237087
-0.00161431
-0.00322006
-0.00458415
-0.00571074
-0.00660413
-0.00726879
-0.00770939
-0.00793082
-0.00793815
-0.00773668
-0.00733194
-0.00672968
-0.00593592
-0.00495695
-0.00379933
-0.00246989
-0.000975799
0.000675482
0.00247613
0.00441797
0.00649244
0.00869062
0.0110032
0.0134203
0.0159319
0.0185274
0.0211957
0.0239255
0.0267049
0.0295215
0.0323629
0.035216
0.0380675
0.0409037
0.0437108
0.0464747
0.0491813
0.0518163
0.0543653
0.0568141
0.0591486
0.0613548
0.0634192
0.0653284
0.0670698
0.0686311
0.0700008
0.071168
0.0721228
0.072856
0.0733595
0.0736261
0.0736498
0.0734254
0.0729491
0.0722181
0.0712306
0.0699861
0.0684847
0.0667279
0.0647176
0.0624567
0.0599488
0.057198
0.0542067
0.050978
0.047541
0.0439206
0.0397803
0.0348375
0.0297321
0.0244006
0.0199951
0.0162048
0.0126549
0.00936461
0.00635708
0.00362699
0.00116839
-0.00102289
-0.00295116
-0.00462107
-0.00603743
-0.00720523
-0.00812957
-0.00881573
-0.00926914
-0.00949541
-0.0095003
-0.00928974
-0.00886984
-0.00824689
-0.0074274
-0.00641808
-0.00522586
-0.00385792
-0.00232171
-0.000624924
0.0012244
0.00321791
0.00534692
0.00760237
0.00997483
0.0124545
0.0150311
0.017694
0.0204322
0.0232341
0.0260879
0.0289811
0.0319011
0.0348348
0.0377686
0.0406887
0.0435811
0.0464315
0.0492253
0.0519479
0.0545846
0.0571207
0.0595417
0.0618329
0.0639803
0.0659699
0.0677883
0.0694226
0.0708603
0.07209
0.0731007
0.0738825
0.0744262
0.0747239
0.0747686
0.0745544
0.0740764
0.0733311
0.072316
0.0710296
0.0694716
0.0676427
0.0655446
0.0631796
0.0605512
0.0576633
0.0545183
0.0511195
0.0474976
0.0436794
0.0393098
0.0340915
0.0296021
0.0240104
0.0193919
0.0154211
0.011705
0.00826373
0.00512147
0.00227239
-0.00029011
-0.00257083
-0.00457479
-0.00630739
-0.00777422
-0.00898105
-0.00993378
-0.0106384
-0.0111012
-0.0113284
-0.0113265
-0.011102
-0.0106616
-0.0100121
-0.00916058
-0.0081141
-0.00688001
-0.00546581
-0.00387926
-0.00212832
-0.000221229
0.00183347
0.00402693
0.00634998
0.00879305
0.0113462
0.0139992
0.0167413
0.0195613
0.0224477
0.0253884
0.028371
0.0313826
0.03441
0.0374394
0.0404569
0.0434482
0.0463986
0.0492932
0.0521172
0.0548552
0.0574922
0.060013
0.0624025
0.0646459
0.0667286
0.0686363
0.0703555
0.0718728
0.0731758
0.0742529
0.075093
0.0756861
0.0760233
0.0760968
0.0758995
0.075426
0.0746717
0.0736332
0.0723086
0.0706967
0.0687978
0.066613
0.0641445
0.0613954
0.0583696
0.0550697
0.0514989
0.0476899
0.0436712
0.0390692
0.0335712
0.0291651
0.0233125
0.0184807
0.0143293
0.0104471
0.00685513
0.00357867
0.000611376
-0.00205399
-0.00442282
-0.00650082
-0.00829412
-0.00980906
-0.0110522
-0.0120301
-0.0127497
-0.0132178
-0.0134415
-0.0134278
-0.0131839
-0.0127172
-0.0120349
-0.0111445
-0.0100536
-0.00876997
-0.00730141
-0.00565599
-0.00384195
-0.00186774
0.000257886
0.00252592
0.00492704
0.00745157
0.0100895
0.0128304
0.0156634
0.0185774
0.0215605
0.0246008
0.0276857
0.030802
0.0339364
0.0370751
0.0402036
0.0433075
0.0463718
0.0493814
0.0523206
0.055174
0.0579259
0.0605604
0.0630619
0.0654148
0.0676039
0.0696141
0.0714308
0.07304
0.0744283
0.0755829
0.0764921
0.0771447
0.0775309
0.0776417
0.0774693
0.0770072
0.07625
0.0751936
0.0738352
0.072173
0.0702068
0.0679372
0.0653662
0.0624966
0.0593325
0.0558763
0.0521317
0.0481331
0.0439107
0.0390722
0.0332892
0.0284054
0.0222905
0.0172445
0.0129122
0.00886381
0.00512143
0.00171138
-0.00137318
-0.00414008
-0.00659534
-0.00874531
-0.0105968
-0.012157
-0.0134331
-0.0144325
-0.0151628
-0.0156316
-0.0158467
-0.0158157
-0.0155466
-0.0150471
-0.0143251
-0.0133886
-0.0122457
-0.0109045
-0.00937308
-0.00765993
-0.00577353
-0.00372259
-0.00151605
0.000836905
0.00332678
0.00594378
0.00867775
0.0115182
0.0144541
0.0174743
0.0205668
0.0237195
0.0269196
0.0301539
0.0334089
0.0366704
0.0399239
0.0431546
0.046347
0.0494857
0.0525547
0.0555379
0.058419
0.0611817
0.0638095
0.0662863
0.0685958
0.0707222
0.07265
0.0743642
0.0758504
0.0770949
0.0780848
0.078808
0.0792535
0.0794114
0.0792728
0.0788302
0.0780773
0.0770093
0.0756223
0.0739143
0.0718842
0.0695323
0.0668602
0.0638708
0.060568
0.0569544
0.0530338
0.0488427
0.0444132
0.0393333
0.0332589
0.0273071
0.0209277
0.0156662
0.0111522
0.00693741
0.00304483
-0.000498136
-0.00369883
-0.00656571
-0.00910537
-0.0113248
-0.0132316
-0.0148336
-0.0161388
-0.0171554
-0.0178917
-0.018356
-0.0185568
-0.0185025
-0.0182015
-0.0176623
-0.0168934
-0.0159031
-0.0147001
-0.0132927
-0.0116896
-0.00989952
-0.00793119
-0.0057936
-0.0034959
-0.00104746
0.00154206
0.00426273
0.00710426
0.010056
0.013107
0.0162457
0.0194603
0.0227383
0.0260668
0.0294327
0.0328219
0.0362202
0.0396129
0.0429846
0.0463197
0.0496022
0.0528157
0.0559436
0.058969
0.0618749
0.064644
0.0672595
0.0697042
0.0719614
0.0740146
0.0758479
0.0774458
0.0787934
0.0798767
0.0806826
0.0811989
0.0814145
0.0813196
0.0809056
0.0801653
0.0790928
0.0776836
0.0759349
0.073845
0.0714139
0.0686429
0.0655346
0.062093
0.0583209
0.0542222
0.0498355
0.0451946
0.0398677
0.0334943
0.0258534
0.0192067
0.013728
0.00903129
0.00464969
0.000607065
-0.00306811
-0.00638368
-0.00934871
-0.0119704
-0.0142565
-0.0162151
-0.017855
-0.019185
-0.0202138
-0.0209507
-0.0214048
-0.0215851
-0.0215008
-0.0211609
-0.0205746
-0.0197508
-0.0186985
-0.0174267
-0.0159443
-0.0142602
-0.0123836
-0.0103234
-0.00808895
-0.00568956
-0.00313482
-0.000434527
0.00240122
0.00536202
0.00843711
0.0116154
0.0148852
0.0182346
0.021651
0.0251214
0.0286324
0.0321698
0.0357191
0.0392652
0.0427926
0.0462853
0.0497267
0.0531
0.056388
0.0595732
0.0626378
0.0655639
0.0683337
0.0709291
0.0733326
0.0755265
0.0774939
0.0792181
0.080683
0.0818736
0.0827753
0.083375
0.0836603
0.0836202
0.083245
0.0825265
0.0814577
0.0800335
0.0782502
0.0761056
0.073599
0.0707315
0.0675057
0.0639255
0.0599937
0.0557146
0.0511288
0.046272
0.0406917
0.0340105
0.0240271
0.0171097
0.0114114
0.00653082
0.0019818
-0.00221078
-0.0060174
-0.00944642
-0.0125076
-0.0152086
-0.017558
-0.0195647
-0.0212381
-0.0225878
-0.0236235
-0.0243551
-0.0247924
-0.0249453
-0.0248237
-0.0244373
-0.0237958
-0.0229088
-0.0217857
-0.020436
-0.0188692
-0.0170944
-0.0151213
-0.012959
-0.0106171
-0.00810519
-0.00543303
-0.00261062
0.000351838
0.00344379
0.00665437
0.00997233
0.013386
0.0168832
0.0204513
0.0240771
0.027747
0.0314467
0.0351614
0.0388758
0.0425738
0.0462392
0.049855
0.0534038
0.0568678
0.0602289
0.0634684
0.0665678
0.0695083
0.0722709
0.0748369
0.0771877
0.0793051
0.0811713
0.082769
0.0840817
0.0850938
0.0857906
0.0861586
0.0861855
0.0858605
0.0851741
0.0841185
0.0826874
0.0808765
0.0786828
0.0761053
0.0731445
0.0698029
0.0660845
0.061992
0.0575301
0.0527413
0.0476636
0.0418227
0.0348239
0.0218101
0.014618
0.00869741
0.00363139
-0.0010858
-0.00542832
-0.00936558
-0.0129065
-0.0160614
-0.0188388
-0.0212479
-0.0232982
-0.0250002
-0.0263641
-0.0274006
-0.0281203
-0.0285338
-0.0286519
-0.0284851
-0.0280438
-0.0273384
-0.0263791
-0.0251759
-0.0237388
-0.0220776
-0.0202021
-0.0181219
-0.0158469
-0.0133866
-0.0107511
-0.00795014
-0.00499398
-0.00189297
0.00134224
0.00470066
0.00817094
0.0117413
0.0153994
0.0191327
0.0229276
0.0267705
0.0306468
0.0345416
0.0384391
0.0423231
0.0461768
0.0499828
0.0537233
0.0573797
0.0609332
0.0643646
0.0676543
0.0707826
0.0737296
0.0764755
0.0790004
0.0812849
0.0833099
0.0850569
0.0865079
0.0876458
0.0884548
0.0889198
0.0890273
0.088765
0.0881223
0.0870903
0.0856617
0.0838311
0.081595
0.0789517
0.0759013
0.0724462
0.0685902
0.0643362
0.0596889
0.0546932
0.0493889
0.0432796
0.0359524
0.0191834
0.0117119
0.00556602
0.000312743
-0.00457354
-0.00906602
-0.013133
-0.0167841
-0.0200302
-0.0228806
-0.0253452
-0.0274344
-0.0291594
-0.0305315
-0.031562
-0.0322625
-0.0326445
-0.0327196
-0.0324989
-0.0319938
-0.0312153
-0.030174
-0.0288808
-0.0273461
-0.0255801
-0.0235931
-0.0213951
-0.0189962
-0.0164063
-0.0136356
-0.0106943
-0.00759247
-0.00434081
-0.000950033
0.00256877
0.00620415
0.00994423
0.0137767
0.0176886
0.0216666
0.0256966
0.0297641
0.0338538
0.0379497
0.0420352
0.0460932
0.0501057
0.0540544
0.0579202
0.0616835
0.0653243
0.0688221
0.0721562
0.0753057
0.0782496
0.0809668
0.0834366
0.0856384
0.0875524
0.0891591
0.0904399
0.0913774
0.0919551
0.0921579
0.0919722
0.0913862
0.0903894
0.0889736
0.0871325
0.0848615
0.0821584
0.0790229
0.075457
0.0714644
0.067048
0.0622129
0.0570059
0.0514692
0.0450829
0.0374154
0.0161273
0.00837108
0.00199631
-0.00344631
-0.00850276
-0.0131453
-0.0173411
-0.0211003
-0.0244349
-0.0273545
-0.02987
-0.0319927
-0.0337346
-0.035108
-0.0361251
-0.0367985
-0.0371406
-0.0371636
-0.0368798
-0.0363012
-0.0354394
-0.0343059
-0.0329121
-0.031269
-0.0293872
-0.0272775
-0.0249504
-0.0224161
-0.0196849
-0.0167673
-0.0136735
-0.0104139
-0.00699923
-0.00344037
0.000251549
0.00406499
0.00798802
0.0120082
0.0161126
0.0202876
0.0245193
0.0287926
0.0330923
0.037402
0.0417049
0.0459835
0.0502192
0.0543933
0.0584859
0.0624768
0.0663452
0.0700696
0.0736284
0.0769995
0.0801606
0.0830894
0.0857638
0.0881617
0.0902617
0.0920428
0.0934848
0.0945686
0.0952761
0.0955906
0.0954969
0.0949817
0.0940332
0.0926419
0.0908003
0.0885031
0.0857472
0.0825317
0.0788582
0.0747304
0.0701512
0.0651256
0.0597029
0.0539272
0.0472547
0.039234
0.0126207
0.00457385
-0.00203374
-0.00766807
-0.0128959
-0.0176885
-0.0220121
-0.0258774
-0.0292971
-0.0322818
-0.0348431
-0.0369933
-0.0387454
-0.0401126
-0.0411082
-0.0417457
-0.0420385
-0.0419998
-0.0416427
-0.04098
-0.0400242
-0.0387875
-0.0372818
-0.0355187
-0.0335096
-0.0312655
-0.0287973
-0.0261156
-0.0232311
-0.0201543
-0.0168957
-0.0134659
-0.00987566
-0.00613596
-0.002258
0.00174663
0.00586595
0.0100875
0.0143982
0.0187846
0.0232323
0.0277265
0.0322514
0.0367907
0.0413272
0.0458428
0.0503189
0.0547358
0.0590733
0.0633103
0.0674252
0.0713956
0.0751987
0.0788113
0.0822099
0.0853708
0.0882703
0.0908848
0.0931913
0.095167
0.09679
0.0980394
0.0988953
0.0993393
0.0993545
0.0989258
0.0980401
0.0966863
0.0948558
0.0925421
0.0897412
0.0864517
0.0826746
0.0784135
0.073671
0.0684525
0.0628094
0.0567881
0.0498193
0.0414315
0.0086415
0.000297472
-0.00654736
-0.012376
-0.0177766
-0.0227195
-0.0271696
-0.0311386
-0.0346399
-0.037685
-0.0402864
-0.0424574
-0.0442122
-0.0455648
-0.0465299
-0.0471219
-0.0473552
-0.0472442
-0.0468027
-0.0460446
-0.0449831
-0.0436313
-0.0420017
-0.0401066
-0.0379578
-0.035567
-0.0329452
-0.0301037
-0.0270533
-0.0238047
-0.0203687
-0.0167559
-0.0129772
-0.00904371
-0.00496661
-0.0007575
0.00357161
0.00800823
0.0125393
0.0171513
0.0218298
0.0265598
0.0313255
0.0361103
0.0408967
0.0456665
0.0504002
0.0550781
0.0596789
0.0641811
0.068562
0.0727984
0.0768664
0.0807416
0.084399
0.0878135
0.09096
0.093813
0.0963478
0.0985399
0.100365
0.101801
0.102826
0.103419
0.103561
0.103237
0.10243
0.101128
0.0993215
0.0970023
0.0941655
0.0908088
0.0869328
0.0825408
0.0776351
0.0722212
0.0663529
0.0600787
0.0528031
0.0440332
0.00416637
-0.00448211
-0.0115691
-0.017595
-0.0231699
-0.028263
-0.0328385
-0.0369085
-0.0404874
-0.0435876
-0.0462227
-0.0484072
-0.0501563
-0.0514852
-0.0524098
-0.0529456
-0.0531084
-0.0529133
-0.0523755
-0.0515096
-0.0503299
-0.0488502
-0.0470838
-0.0450437
-0.0427423
-0.0401916
-0.0374033
-0.034389
-0.0311596
-0.0277262
-0.0240996
-0.0202908
-0.0163106
-0.0121701
-0.0078806
-0.00345359
0.00109892
0.00576448
0.0105301
0.0153821
0.0203061
0.0252872
0.0303093
0.0353557
0.0404087
0.0454496
0.0504589
0.055416
0.0602993
0.0650862
0.0697535
0.0742768
0.0786311
0.0827907
0.0867294
0.0904205
0.0938369
0.0969519
0.0997384
0.10217
0.104221
0.105866
0.107082
0.107845
0.108135
0.107934
0.107223
0.10599
0.104222
0.101909
0.0990468
0.095631
0.0916616
0.0871417
0.0820732
0.0764616
0.0703632
0.0638287
0.0562349
0.0470669
-0.000829421
-0.00979042
-0.017125
-0.0233513
-0.0291021
-0.0343457
-0.039045
-0.0432129
-0.0468649
-0.0500145
-0.0526762
-0.0548659
-0.0565999
-0.0578949
-0.0587679
-0.0592359
-0.0593158
-0.0590239
-0.0583766
-0.0573896
-0.0560781
-0.0544568
-0.0525398
-0.0503408
-0.0478729
-0.0451487
-0.0421802
-0.0389793
-0.0355575
-0.0319258
-0.0280954
-0.0240772
-0.0198821
-0.0155212
-0.0110057
-0.00634727
-0.00155765
0.00335074
0.00836497
0.0134715
0.0186559
0.0239033
0.0291975
0.0345218
0.0398582
0.0451878
0.0504906
0.0557457
0.0609309
0.0660228
0.0709974
0.0758292
0.0804922
0.0849593
0.0892028
0.0931944
0.0969054
0.100307
0.10337
0.106067
0.108368
0.110247
0.111677
0.112634
0.113095
0.113037
0.112443
0.111296
0.109582
0.107291
0.104414
0.100948
0.0968922
0.092248
0.0870176
0.0812062
0.0748727
0.0680701
0.0601461
0.0505629
-0.00637212
-0.0156545
-0.0232426
-0.029673
-0.0356016
-0.0409956
-0.0458169
-0.0500793
-0.0537993
-0.0569916
-0.059672
-0.0618576
-0.0635662
-0.0648159
-0.0656252
-0.0660124
-0.0659958
-0.0655932
-0.064822
-0.0636993
-0.0622411
-0.0604634
-0.058381
-0.0560085
-0.0533594
-0.050447
-0.0472839
-0.0438823
-0.0402538
-0.03641
-0.0323619
-0.0281205
-0.0236969
-0.019102
-0.0143471
-0.00944349
-0.00440298
0.000762201
0.00603926
0.0114147
0.0168745
0.0224034
0.0279855
0.033604
0.0392407
0.0448766
0.0504914
0.0560636
0.0615705
0.0669882
0.0722915
0.0774543
0.0824491
0.0872476
0.0918206
0.0961382
0.10017
0.103884
0.107251
0.110239
0.112818
0.114957
0.116628
0.117804
0.118459
0.118569
0.118113
0.117072
0.115431
0.113176
0.110299
0.106793
0.102658
0.0978944
0.0925035
0.0864905
0.079917
0.0728381
0.0645713
0.0545546
-0.0124896
-0.0221033
-0.0299516
-0.0365899
-0.0426981
-0.0482426
-0.0531838
-0.0575368
-0.0613192
-0.0645467
-0.0672368
-0.0694079
-0.0710794
-0.0722711
-0.073003
-0.0732951
-0.073167
-0.0726383
-0.0717276
-0.0704531
-0.0688324
-0.0668822
-0.0646184
-0.0620564
-0.0592105
-0.0560946
-0.0527217
-0.0491044
-0.0452547
-0.0411842
-0.0369042
-0.0324257
-0.0277596
-0.022917
-0.0179088
-0.0127463
-0.0074411
-0.00200517
0.00354888
0.00920782
0.0149576
0.0207834
0.0266692
0.0325982
0.0385523
0.0445122
0.0504574
0.0563661
0.062215
0.0679796
0.0736339
0.0791506
0.0845013
0.0896563
0.0945847
0.0992549
0.103634
0.10769
0.111389
0.114697
0.117581
0.12001
0.121951
0.123373
0.12425
0.124553
0.124259
0.123346
0.121797
0.119597
0.116734
0.113201
0.108996
0.104118
0.098569
0.0923531
0.0855345
0.078171
0.0695479
0.0590783
-0.0192116
-0.0291674
-0.0372833
-0.0441338
-0.0504239
-0.0561186
-0.0611775
-0.0656165
-0.0694546
-0.072709
-0.0753985
-0.0775434
-0.0791648
-0.0802843
-0.0809236
-0.0811046
-0.0808486
-0.0801766
-0.079109
-0.0776654
-0.0758646
-0.0737246
-0.0712622
-0.0684938
-0.0654344
-0.0620985
-0.0584998
-0.0546512
-0.0505649
-0.0462528
-0.0417262
-0.0369962
-0.0320736
-0.0269692
-0.021694
-0.0162588
-0.010675
-0.00495442
0.000890727
0.00684746
0.012902
0.0190398
0.0252449
0.0315008
0.0377892
0.044091
0.0503853
0.05665
0.0628615
0.0689945
0.0750225
0.080917
0.0866485
0.0921859
0.0974968
0.102548
0.107304
0.11173
0.115791
0.11945
0.122672
0.125421
0.127662
0.129361
0.130488
0.131012
0.130907
0.130148
0.128714
0.126588
0.123756
0.12021
0.115945
0.11096
0.105256
0.0988359
0.0917674
0.0841106
0.0751172
0.0641739
-0.0265697
-0.03688
-0.0452715
-0.0523391
-0.0588132
-0.064658
-0.0698317
-0.0743515
-0.0782378
-0.0815094
-0.0841869
-0.0862923
-0.0878489
-0.0888802
-0.0894099
-0.0894619
-0.0890595
-0.0882255
-0.086982
-0.0853502
-0.0833502
-0.0810014
-0.0783218
-0.0753286
-0.0720379
-0.0684647
-0.0646232
-0.0605268
-0.056188
-0.0516187
-0.0468305
-0.0418342
-0.0366407
-0.0312605
-0.0257042
-0.0199826
-0.0141065
-0.00808741
-0.0019372
0.00433154
0.0107054
0.0171701
0.0237102
0.030309
0.0369487
0.04361
0.0502721
0.0569125
0.0635074
0.0700309
0.0764556
0.0827523
0.0888903
0.094837
0.100558
0.106019
0.111183
0.116011
0.120467
0.12451
0.128102
0.131204
0.133779
0.135788
0.137198
0.137975
0.138087
0.137509
0.136215
0.134186
0.131405
0.127861
0.123548
0.118465
0.112609
0.105985
0.0986617
0.0907027
0.081324
0.069885
-0.0345979
-0.0452763
-0.0539527
-0.0612424
-0.0679031
-0.0738975
-0.0791828
-0.0837773
-0.0877031
-0.090981
-0.0936332
-0.0956842
-0.0971593
-0.0980843
-0.0984854
-0.0983886
-0.0978193
-0.0968024
-0.0953618
-0.0935207
-0.0913007
-0.0887225
-0.0858055
-0.0825679
-0.0790267
-0.0751976
-0.0710954
-0.0667339
-0.0621259
-0.0572834
-0.0522179
-0.0469404
-0.0414613
-0.035791
-0.0299398
-0.0239179
-0.0177358
-0.0114046
-0.00493556
0.00165916
0.00836663
0.015173
0.0220632
0.0290209
0.0360286
0.0430671
0.0501155
0.0571514
0.0641505
0.0710866
0.0779317
0.0846556
0.0912264
0.0976103
0.103772
0.109673
0.115276
0.12054
0.125424
0.129887
0.133885
0.137377
0.140321
0.142677
0.144404
0.145467
0.145831
0.145463
0.144338
0.14243
0.139722
0.136199
0.131853
0.12668
0.120678
0.11385
0.106268
0.0979974
0.0882177
0.0762594
-0.0433327
-0.0543944
-0.0633659
-0.0708838
-0.0777336
-0.0838769
-0.0892697
-0.0939319
-0.0978874
-0.101159
-0.103771
-0.10575
-0.107125
-0.107923
-0.108174
-0.107906
-0.107147
-0.105924
-0.104263
-0.10219
-0.0997265
-0.0968965
-0.0937202
-0.090217
-0.0864047
-0.0823
-0.0779181
-0.0732733
-0.0683786
-0.0632461
-0.0578874
-0.0523132
-0.0465338
-0.0405591
-0.0343989
-0.028063
-0.0215616
-0.0149048
-0.00810344
-0.00116912
0.00588588
0.0130482
0.0203035
0.0276357
0.0350278
0.0424608
0.049914
0.057365
0.0647892
0.0721603
0.0794495
0.0866259
0.0936566
0.100506
0.107138
0.113512
0.119588
0.125323
0.130672
0.135591
0.140034
0.143955
0.147308
0.150048
0.152133
0.153519
0.15417
0.154048
0.153122
0.151365
0.148754
0.145273
0.140909
0.135659
0.129517
0.122486
0.114641
0.10605
0.0958523
0.0833494
-0.0528132
-0.0642757
-0.0735538
-0.0813062
-0.0883479
-0.0946391
-0.100135
-0.104856
-0.10883
-0.11208
-0.114635
-0.116523
-0.117776
-0.118425
-0.118501
-0.118037
-0.117062
-0.115607
-0.1137
-0.111368
-0.108637
-0.105531
-0.102071
-0.0982794
-0.094174
-0.0897725
-0.0850908
-0.0801435
-0.0749439
-0.0695042
-0.0638358
-0.0579492
-0.0518543
-0.0455608
-0.0390778
-0.0324145
-0.0255803
-0.0185848
-0.0114382
-0.00415103
0.00326497
0.0107972
0.0184319
0.0261538
0.0339462
0.0417906
0.0496667
0.0575521
0.0654224
0.0732508
0.0810081
0.0886629
0.0961811
0.103526
0.11066
0.11754
0.124124
0.130366
0.136219
0.141634
0.146563
0.150955
0.154759
0.157927
0.160411
0.162163
0.16314
0.163301
0.16261
0.161035
0.15855
0.155134
0.150773
0.145458
0.139185
0.131953
0.123841
0.11492
0.104287
0.0912124
-0.063082
-0.074965
-0.0845626
-0.0925567
-0.0997933
-0.106231
-0.111824
-0.116595
-0.120573
-0.123786
-0.126263
-0.128038
-0.129144
-0.129617
-0.129492
-0.128803
-0.127584
-0.125868
-0.123686
-0.121067
-0.11804
-0.114631
-0.110862
-0.106757
-0.102334
-0.0976136
-0.0926107
-0.0873407
-0.0818171
-0.0760522
-0.0700571
-0.0638421
-0.0574167
-0.0507899
-0.0439702
-0.0369663
-0.0297865
-0.0224396
-0.014935
-0.00728237
0.000507507
0.0084229
0.0164508
0.0245768
0.0327849
0.0410572
0.0493739
0.0577128
0.0660496
0.0743575
0.082607
0.0907661
0.0987999
0.106671
0.114338
0.121759
0.128887
0.135676
0.142073
0.148028
0.153487
0.158394
0.162697
0.166339
0.169267
0.17143
0.172778
0.173264
0.172848
0.171492
0.169164
0.165841
0.161504
0.156142
0.149747
0.142318
0.133935
0.124674
0.113587
0.0999115
-0.0741854
-0.0865111
-0.0964429
-0.104687
-0.112121
-0.118704
-0.124387
-0.129196
-0.133163
-0.136318
-0.138695
-0.140331
-0.141263
-0.14153
-0.141171
-0.140226
-0.13873
-0.136721
-0.134232
-0.131295
-0.127942
-0.1242
-0.120094
-0.115648
-0.110883
-0.105819
-0.100472
-0.094858
-0.0889906
-0.0828818
-0.0765427
-0.069983
-0.0632118
-0.0562373
-0.0490675
-0.0417098
-0.0341719
-0.0264615
-0.0185869
-0.0105568
-0.00238089
0.00593017
0.0143644
0.0229083
0.0315467
0.0402626
0.0490368
0.0578476
0.0666711
0.0754804
0.0842462
0.0929357
0.101513
0.109941
0.118175
0.126172
0.133884
0.141259
0.148244
0.154784
0.160819
0.166292
0.171142
0.175308
0.178733
0.181356
0.183124
0.183983
0.183885
0.182789
0.180655
0.177456
0.173168
0.167777
0.161273
0.153651
0.144996
0.135385
0.123824
0.109516
-0.0861736
-0.0989678
-0.10925
-0.117753
-0.125389
-0.132113
-0.137879
-0.142713
-0.14665
-0.149724
-0.151974
-0.153441
-0.154166
-0.154193
-0.153566
-0.152328
-0.150519
-0.14818
-0.145348
-0.142059
-0.138346
-0.134238
-0.129764
-0.124949
-0.119814
-0.114381
-0.108666
-0.102685
-0.0964534
-0.0899815
-0.0832806
-0.0763598
-0.0692274
-0.0618911
-0.0543577
-0.0466337
-0.0387257
-0.0306403
-0.0223844
-0.0139657
-0.00539238
0.00332597
0.0121786
0.0211532
0.0302358
0.0394101
0.0486579
0.0579584
0.0672881
0.0766204
0.0859259
0.0951719
0.104322
0.113337
0.122173
0.130783
0.139118
0.147122
0.15474
0.161912
0.168575
0.174665
0.180116
0.184863
0.188838
0.191978
0.19422
0.195504
0.195775
0.194984
0.193086
0.190046
0.185837
0.180441
0.173841
0.166034
0.157105
0.147133
0.135077
0.120102
-0.0991023
-0.112394
-0.123047
-0.131818
-0.139658
-0.146521
-0.152358
-0.157201
-0.161086
-0.164054
-0.166146
-0.167409
-0.16789
-0.167639
-0.166703
-0.16513
-0.162967
-0.160258
-0.157044
-0.153363
-0.149253
-0.144745
-0.139869
-0.134652
-0.129118
-0.123288
-0.117179
-0.110809
-0.104191
-0.0973361
-0.0902551
-0.0829565
-0.0754479
-0.0677357
-0.0598257
-0.0517235
-0.0434341
-0.0349629
-0.0263153
-0.0174976
-0.00851668
0.000619513
0.00990159
0.0193186
0.0288579
0.0385045
0.0482412
0.0580482
0.0679027
0.0777788
0.0876473
0.0974754
0.107227
0.11686
0.126332
0.135594
0.144592
0.153271
0.161569
0.169424
0.176768
0.183532
0.189643
0.195029
0.199617
0.203335
0.206111
0.207879
0.208574
0.20814
0.206525
0.203687
0.199591
0.194215
0.187539
0.179554
0.170349
0.160007
0.147433
0.131754
-0.113033
-0.126856
-0.1379
-0.146951
-0.154998
-0.161996
-0.167893
-0.172724
-0.176532
-0.179361
-0.181259
-0.182279
-0.182473
-0.181898
-0.180607
-0.178654
-0.17609
-0.172965
-0.169324
-0.165209
-0.16066
-0.155713
-0.150399
-0.144747
-0.138781
-0.132525
-0.125996
-0.119212
-0.112184
-0.104926
-0.0974468
-0.0897538
-0.0818537
-0.0737519
-0.0654531
-0.0569611
-0.0482799
-0.039413
-0.0303644
-0.0211386
-0.0117409
-0.00217756
0.00754371
0.0174136
0.0274209
0.0375523
0.0477918
0.058121
0.0685179
0.0789576
0.0894115
0.099847
0.110227
0.120512
0.130654
0.140606
0.15031
0.159709
0.168739
0.177331
0.185413
0.19291
0.199745
0.205836
0.211103
0.215465
0.218843
0.22116
0.222343
0.222325
0.221047
0.218458
0.214516
0.209191
0.202459
0.194309
0.184829
0.174105
0.160988
0.144565
-0.128032
-0.142426
-0.153886
-0.163229
-0.171487
-0.178612
-0.184554
-0.189351
-0.193051
-0.195705
-0.197367
-0.198096
-0.197955
-0.197004
-0.195305
-0.192919
-0.189902
-0.186309
-0.182191
-0.177594
-0.172562
-0.167133
-0.161341
-0.155216
-0.148786
-0.142072
-0.135095
-0.12787
-0.120411
-0.112728
-0.104832
-0.0967276
-0.0884213
-0.0799168
-0.0712173
-0.0623251
-0.0532424
-0.0439711
-0.0345133
-0.0248716
-0.0150494
-0.00505101
0.00511769
0.0154493
0.0259345
0.0365617
0.0473165
0.058182
0.0691378
0.0801599
0.0912206
0.102288
0.113325
0.124292
0.13514
0.145821
0.156275
0.166443
0.176255
0.185641
0.194522
0.202818
0.210444
0.217312
0.223331
0.228413
0.232467
0.235406
0.237147
0.237613
0.236734
0.234448
0.230706
0.22547
0.218708
0.210405
0.200652
0.189537
0.175851
0.158638
-0.144178
-0.159186
-0.171091
-0.18074
-0.189211
-0.196456
-0.202424
-0.207159
-0.210714
-0.213149
-0.214525
-0.21491
-0.214375
-0.212989
-0.210822
-0.207942
-0.204413
-0.200295
-0.195645
-0.190514
-0.184948
-0.178991
-0.172677
-0.166041
-0.159109
-0.151905
-0.144449
-0.136756
-0.128841
-0.120714
-0.112381
-0.10385
-0.0951226
-0.0862029
-0.0770918
-0.06779
-0.0582974
-0.0486142
-0.0387404
-0.0286764
-0.0184235
-0.00798395
0.00263874
0.0134393
0.0244104
0.0355426
0.0468235
0.058238
0.0697674
0.0813892
0.0930768
0.104799
0.116521
0.1282
0.13979
0.151239
0.162488
0.173473
0.184124
0.194363
0.204108
0.213272
0.221763
0.229484
0.236337
0.24222
0.247033
0.250677
0.253057
0.254083
0.253673
0.251754
0.248265
0.243161
0.236402
0.227964
0.217942
0.206425
0.19214
0.174087
-0.161554
-0.17723
-0.189611
-0.199581
-0.208268
-0.215623
-0.221594
-0.226231
-0.229599
-0.231762
-0.232793
-0.232772
-0.231776
-0.229887
-0.227183
-0.223741
-0.219632
-0.214924
-0.20968
-0.203956
-0.197803
-0.191266
-0.184385
-0.177193
-0.169721
-0.161992
-0.154026
-0.145839
-0.137443
-0.128849
-0.120062
-0.111087
-0.101925
-0.0925786
-0.0830461
-0.0733262
-0.0634168
-0.0533158
-0.0430207
-0.0325299
-0.0218419
-0.0109567
0.000124556
0.0113992
0.0228623
0.0345067
0.0463225
0.0582967
0.0704125
0.0826495
0.0949828
0.107383
0.119814
0.132236
0.144603
0.15686
0.168949
0.180803
0.192348
0.203503
0.214181
0.224288
0.233723
0.242382
0.250155
0.256931
0.262595
0.267037
0.270146
0.271819
0.27196
0.270481
0.26731
0.262389
0.255669
0.247119
0.236834
0.224905
0.20999
0.19104
-0.180258
-0.196662
-0.209558
-0.219865
-0.228769
-0.236218
-0.242163
-0.246663
-0.249789
-0.25162
-0.252238
-0.251735
-0.250201
-0.24773
-0.24441
-0.240327
-0.235563
-0.230193
-0.224286
-0.217905
-0.211104
-0.203932
-0.196433
-0.188641
-0.180587
-0.172296
-0.163787
-0.155077
-0.146177
-0.137094
-0.127834
-0.1184
-0.108792
-0.0990075
-0.089045
-0.0789002
-0.0685686
-0.0580454
-0.0473259
-0.0364054
-0.0252801
-0.0139471
-0.00240471
0.00934694
0.0213058
0.0334675
0.0458246
0.0583668
0.0710799
0.0839456
0.0969411
0.110039
0.123204
0.136399
0.149575
0.162682
0.175656
0.188431
0.200929
0.213066
0.224749
0.235877
0.246343
0.256031
0.264822
0.272591
0.27921
0.284553
0.288495
0.290915
0.291699
0.290746
0.287967
0.28329
0.276654
0.26802
0.257481
0.24513
0.22955
0.209641
-0.2004
-0.217603
-0.231055
-0.241718
-0.250838
-0.258364
-0.264248
-0.268559
-0.271381
-0.272804
-0.272928
-0.271856
-0.269695
-0.266549
-0.262522
-0.257711
-0.252206
-0.246093
-0.239447
-0.232336
-0.224822
-0.216957
-0.208784
-0.200343
-0.191664
-0.182773
-0.173689
-0.164426
-0.154996
-0.145404
-0.135654
-0.125747
-0.115679
-0.105449
-0.095049
-0.0844741
-0.0737167
-0.0627692
-0.0516239
-0.0402733
-0.0287107
-0.0169299
-0.0049265
0.00730266
0.0197586
0.0324398
0.0453423
0.0584584
0.0717769
0.0852824
0.0989545
0.112768
0.126691
0.140685
0.154705
0.168699
0.182605
0.196354
0.209866
0.223053
0.235817
0.248052
0.25964
0.270457
0.280371
0.289244
0.296934
0.303296
0.308187
0.311467
0.313003
0.312675
0.310375
0.306015
0.299519
0.290835
0.280054
0.267272
0.250988
0.230049
-0.222107
-0.240191
-0.254249
-0.265287
-0.27462
-0.282198
-0.287976
-0.292036
-0.294477
-0.295406
-0.294938
-0.293195
-0.2903
-0.286376
-0.281537
-0.275896
-0.269555
-0.262607
-0.255137
-0.24722
-0.238921
-0.230297
-0.221394
-0.212252
-0.202903
-0.193372
-0.183678
-0.173834
-0.16385
-0.153728
-0.143472
-0.133077
-0.122541
-0.111856
-0.101014
-0.0900061
-0.0788215
-0.0674497
-0.0558798
-0.0441011
-0.0321036
-0.0198779
-0.00741606
0.0052883
0.0182397
0.0314401
0.0448888
0.0585818
0.0725111
0.0866646
0.101025
0.11557
0.13027
0.14509
0.159986
0.174905
0.189789
0.204565
0.219153
0.233461
0.247387
0.260818
0.273627
0.285682
0.296836
0.306936
0.315824
0.323337
0.32931
0.333581
0.335996
0.336409
0.334692
0.330735
0.324444
0.315753
0.30475
0.291527
0.274497
0.252447
-0.245525
-0.264587
-0.279308
-0.290741
-0.30028
-0.307878
-0.313495
-0.317227
-0.319193
-0.319521
-0.318346
-0.315812
-0.312062
-0.307236
-0.301467
-0.294882
-0.287595
-0.279711
-0.271324
-0.262515
-0.253354
-0.243901
-0.234207
-0.22431
-0.214245
-0.204034
-0.193695
-0.183241
-0.172678
-0.162008
-0.15123
-0.140337
-0.129324
-0.118179
-0.106892
-0.0954504
-0.0838397
-0.0720461
-0.0600554
-0.0478533
-0.0354262
-0.0227612
-0.00984671
0.0033275
0.0167696
0.0304856
0.0444784
0.058748
0.0732903
0.0880969
0.103154
0.118444
0.133939
0.149607
0.165408
0.181291
0.197196
0.213053
0.22878
0.244283
0.259455
0.274176
0.288314
0.301722
0.314243
0.325708
0.335938
0.344751
0.351957
0.357371
0.360809
0.362099
0.361087
0.357638
0.351633
0.34299
0.331787
0.318117
0.300294
0.27704
-0.270824
-0.290979
-0.306427
-0.318276
-0.32801
-0.335584
-0.340969
-0.344279
-0.345657
-0.345256
-0.343237
-0.33977
-0.335021
-0.329152
-0.322316
-0.314657
-0.306303
-0.297372
-0.287964
-0.27817
-0.268064
-0.25771
-0.247158
-0.236452
-0.225621
-0.214689
-0.203673
-0.192581
-0.181417
-0.170181
-0.158867
-0.147467
-0.13597
-0.124364
-0.112631
-0.100757
-0.0887245
-0.0765146
-0.0641099
-0.0514921
-0.038644
-0.0255485
-0.0121902
0.00144514
0.0153699
0.0295943
0.0441255
0.0589678
0.0741215
0.0895826
0.105342
0.121385
0.13769
0.154227
0.17096
0.18784
0.20481
0.221801
0.238731
0.255504
0.272009
0.288122
0.303701
0.31859
0.332617
0.345597
0.357331
0.367612
0.376225
0.382954
0.387586
0.389915
0.389754
0.386937
0.381318
0.372789
0.36142
0.347298
0.328628
0.304064
-0.298206
-0.319587
-0.335836
-0.348122
-0.358032
-0.365526
-0.370588
-0.373358
-0.374009
-0.372725
-0.369699
-0.365131
-0.359215
-0.352141
-0.344082
-0.335202
-0.325646
-0.315541
-0.305001
-0.294121
-0.282981
-0.271648
-0.260173
-0.248598
-0.236954
-0.225261
-0.213533
-0.201777
-0.189992
-0.178175
-0.166315
-0.154402
-0.142419
-0.13035
-0.118175
-0.105874
-0.0934262
-0.0808089
-0.0680002
-0.0549779
-0.0417205
-0.028207
-0.0144174
-0.000333163
0.0140625
0.0287843
0.0438443
0.0592515
0.0750111
0.0911242
0.107587
0.124388
0.141513
0.158936
0.176624
0.194534
0.212611
0.230788
0.248984
0.267103
0.285032
0.302641
0.319782
0.336288
0.351974
0.366636
0.380054
0.391994
0.402212
0.410458
0.416481
0.420039
0.420903
0.418871
0.413759
0.405429
0.393938
0.379363
0.359786
0.333787
-0.327905
-0.350671
-0.367806
-0.38055
-0.390605
-0.397945
-0.402569
-0.404652
-0.404405
-0.402051
-0.397822
-0.391955
-0.384678
-0.376209
-0.366751
-0.356485
-0.345574
-0.33416
-0.322365
-0.310292
-0.298024
-0.28563
-0.273162
-0.260661
-0.248156
-0.235663
-0.223193
-0.210748
-0.198325
-0.185914
-0.173501
-0.161071
-0.148603
-0.136075
-0.123464
-0.110746
-0.0978931
-0.0848807
-0.0716817
-0.0582697
-0.0446187
-0.0307031
-0.0164985
-0.00198169
0.012869
0.0280732
0.0436482
0.059608
0.0759636
0.0927214
0.109883
0.127445
0.145395
0.163716
0.182379
0.201347
0.220569
0.239981
0.259506
0.279048
0.298493
0.317709
0.336541
0.354811
0.372321
0.388849
0.404151
0.417966
0.430016
0.440011
0.44766
0.452671
0.454771
0.453708
0.449254
0.441232
0.429676
0.414652
0.394102
0.366523
-0.360204
-0.384542
-0.402661
-0.415877
-0.426034
-0.433119
-0.437159
-0.438372
-0.437017
-0.433366
-0.427699
-0.420299
-0.411433
-0.401354
-0.390292
-0.378455
-0.366022
-0.353149
-0.339968
-0.326586
-0.313092
-0.299555
-0.286025
-0.272541
-0.259127
-0.245798
-0.232558
-0.219404
-0.206329
-0.193316
-0.180347
-0.167401
-0.154452
-0.141474
-0.128438
-0.115314
-0.102072
-0.0886804
-0.0751089
-0.061326
-0.0473009
-0.0330035
-0.0184043
-0.00347535
0.0118103
0.0274774
0.0435488
0.0600445
0.0769811
0.0943716
0.112224
0.130541
0.149318
0.168544
0.188197
0.208246
0.228646
0.249341
0.270255
0.291297
0.312353
0.333289
0.353945
0.374137
0.393651
0.412247
0.429659
0.445593
0.459735
0.47175
0.481297
0.488032
0.49162
0.491752
0.488144
0.480566
0.469023
0.453562
0.431964
0.402634
-0.39544
-0.421574
-0.440787
-0.454486
-0.464677
-0.471376
-0.474642
-0.474754
-0.47203
-0.466807
-0.459422
-0.450211
-0.439491
-0.427552
-0.414659
-0.401043
-0.386904
-0.37241
-0.357702
-0.342893
-0.328071
-0.313305
-0.298645
-0.284122
-0.269757
-0.255559
-0.241526
-0.227648
-0.213911
-0.200293
-0.18677
-0.173314
-0.159894
-0.146478
-0.133031
-0.11952
-0.105907
-0.0921584
-0.0782364
-0.0641057
-0.0497305
-0.0350757
-0.0201068
-0.0047906
0.0109052
0.0270111
0.0435556
0.0605651
0.0780626
0.096068
0.114596
0.133658
0.153257
0.173388
0.19404
0.215188
0.236797
0.258816
0.281176
0.303792
0.326553
0.349325
0.371947
0.394227
0.415939
0.436827
0.456599
0.474928
0.491459
0.505809
0.517578
0.526356
0.53174
0.533347
0.530818
0.52386
0.512436
0.496561
0.473831
0.442547
-0.434022
-0.462221
-0.482652
-0.496831
-0.506962
-0.513096
-0.515345
-0.514063
-0.509649
-0.502516
-0.493076
-0.481729
-0.468845
-0.454763
-0.43978
-0.424156
-0.408109
-0.39182
-0.375438
-0.359076
-0.342825
-0.326749
-0.310891
-0.295279
-0.279925
-0.26483
-0.249986
-0.235374
-0.220973
-0.206753
-0.192684
-0.17873
-0.164854
-0.151018
-0.137182
-0.123305
-0.109347
-0.0952655
-0.08102
-0.0665692
-0.0518723
-0.0368892
-0.0215802
-0.00590635
0.01017
0.0266853
0.0436744
0.0611701
0.0792027
0.0977992
0.116983
0.136772
0.15718
0.178212
0.199863
0.222122
0.244961
0.26834
0.292199
0.316459
0.341018
0.365744
0.390477
0.41502
0.43914
0.462562
0.48497
0.506006
0.525268
0.542319
0.556691
0.567899
0.575452
0.578878
0.577726
0.571615
0.56045
0.544202
0.520246
0.486768
-0.476449
-0.507034
-0.528826
-0.543464
-0.553395
-0.558725
-0.55964
-0.556593
-0.550089
-0.540636
-0.528737
-0.514868
-0.499464
-0.482913
-0.465553
-0.447668
-0.429496
-0.411229
-0.393019
-0.37498
-0.357198
-0.339732
-0.322616
-0.30587
-0.289496
-0.273486
-0.25782
-0.242473
-0.227412
-0.212601
-0.198001
-0.183567
-0.169258
-0.155026
-0.140827
-0.126613
-0.112338
-0.0979548
-0.0834174
-0.0686792
-0.0536942
-0.0384167
-0.0228018
-0.0068051
0.00961706
0.0265072
0.0439068
0.0618554
0.0803908
0.0995482
0.11936
0.139852
0.161049
0.182967
0.205612
0.228983
0.253067
0.277833
0.303236
0.329206
0.355651
0.382447
0.409438
0.436428
0.463176
0.489396
0.514749
0.53884
0.561224
0.581401
0.598829
0.612929
0.62311
0.628785
0.629386
0.624418
0.613703
0.597148
0.571865
0.535901
-0.523337
-0.556697
-0.580005
-0.595051
-0.604581
-0.608786
-0.607954
-0.602671
-0.593576
-0.581303
-0.566461
-0.549618
-0.531281
-0.511895
-0.491836
-0.471416
-0.450889
-0.430452
-0.410259
-0.39042
-0.371012
-0.352083
-0.333658
-0.315742
-0.298327
-0.281391
-0.264904
-0.248829
-0.233123
-0.217739
-0.20263
-0.187744
-0.173029
-0.158433
-0.143904
-0.129387
-0.114831
-0.100182
-0.0853903
-0.0704026
-0.0551678
-0.039635
-0.0237538
-0.00747396
0.00925393
0.0264788
0.0442487
0.0626106
0.0816102
0.101291
0.121695
0.142858
0.164816
0.187596
0.211218
0.235695
0.261026
0.287198
0.314179
0.341915
0.370327
0.399306
0.428702
0.458326
0.487937
0.517238
0.545871
0.57341
0.599361
0.623159
0.644176
0.661728
0.675099
0.683561
0.686396
0.682959
0.672956
0.656199
0.629477
0.590677
-0.575453
-0.612061
-0.637055
-0.65241
-0.66125
-0.663892
-0.660769
-0.652648
-0.640341
-0.624635
-0.606272
-0.585925
-0.564184
-0.54155
-0.518441
-0.495193
-0.472069
-0.449269
-0.426941
-0.405184
-0.384063
-0.36361
-0.343835
-0.324728
-0.306262
-0.288404
-0.271107
-0.254323
-0.237996
-0.222069
-0.206484
-0.19118
-0.176097
-0.161176
-0.146355
-0.131576
-0.11678
-0.101909
-0.0869051
-0.071711
-0.0562702
-0.0405264
-0.0244235
-0.00790587
0.00908212
0.0265957
0.0446899
0.063419
0.082837
0.102996
0.123948
0.145741
0.168422
0.19203
0.216601
0.242164
0.268734
0.296316
0.324897
0.354444
0.384895
0.416159
0.448103
0.480549
0.513263
0.545945
0.578225
0.609647
0.639671
0.667663
0.692901
0.71458
0.731834
0.743761
0.749451
0.748059
0.739128
0.722332
0.694056
0.651991
-0.633764
-0.674199
-0.701055
-0.716544
-0.724278
-0.72476
-0.718633
-0.706902
-0.690604
-0.670718
-0.648145
-0.623678
-0.597996
-0.57166
-0.545122
-0.518736
-0.49277
-0.467416
-0.442808
-0.41903
-0.396124
-0.374102
-0.352954
-0.332647
-0.313139
-0.294376
-0.276296
-0.258834
-0.241924
-0.225494
-0.209476
-0.193799
-0.178394
-0.163193
-0.148129
-0.133135
-0.118148
-0.103102
-0.0879343
-0.0725828
-0.0569851
-0.0410799
-0.0248055
-0.00810064
0.00909617
0.0268466
0.0452125
0.0642559
0.084039
0.104624
0.126071
0.148443
0.171796
0.196187
0.221667
0.248281
0.276067
0.305048
0.335236
0.36662
0.399166
0.432805
0.467429
0.502881
0.538941
0.575318
0.611636
0.64742
0.682087
0.714934
0.745139
0.77176
0.793752
0.810003
0.819351
0.82069
0.813333
0.796748
0.766805
0.720949
-0.699503
-0.744479
-0.773371
-0.788699
-0.794724
-0.792227
-0.782149
-0.765817
-0.744557
-0.719585
-0.691985
-0.662688
-0.632462
-0.601926
-0.571558
-0.541719
-0.512668
-0.484581
-0.457567
-0.431682
-0.40694
-0.383327
-0.360803
-0.339312
-0.318788
-0.299155
-0.280335
-0.262244
-0.2448
-0.227921
-0.211523
-0.195528
-0.179856
-0.164431
-0.149179
-0.134026
-0.118901
-0.103735
-0.0884584
-0.0730037
-0.0573038
-0.0412921
-0.0249018
-0.00806595
0.00928262
0.0272119
0.0457905
0.0650881
0.0851754
0.106124
0.128005
0.150893
0.174858
0.199973
0.226306
0.253923
0.282881
0.313232
0.345012
0.37824
0.412914
0.448998
0.486417
0.525044
0.564688
0.605079
0.645847
0.686512
0.726458
0.764919
0.800968
0.833512
0.861303
0.882964
0.897021
0.902016
0.896938
0.88095
0.849244
0.798946
-0.774272
-0.824672
-0.855742
-0.870427
-0.873865
-0.867259
-0.851974
-0.829768
-0.802334
-0.771177
-0.737593
-0.702656
-0.667222
-0.631954
-0.597343
-0.56374
-0.531379
-0.500402
-0.470881
-0.442833
-0.416235
-0.391035
-0.36716
-0.344524
-0.323034
-0.302589
-0.28309
-0.264435
-0.246524
-0.229261
-0.212552
-0.196304
-0.180431
-0.164846
-0.149469
-0.134218
-0.119018
-0.103792
-0.0884663
-0.0729685
-0.0572265
-0.0411687
-0.0247233
-0.00781822
0.00961931
0.0276633
0.046389
0.0658737
0.0861962
0.107438
0.129681
0.153011
0.177515
0.20328
0.230394
0.258944
0.289013
0.320679
0.354012
0.389065
0.425873
0.464443
0.504744
0.546693
0.590143
0.634859
0.680501
0.726599
0.772522
0.817455
0.860372
0.900019
0.934917
0.963375
0.983518
0.993425
0.991625
0.976828
0.943309
0.887759
-0.860177
-0.917103
-0.950419
-0.963674
-0.963241
-0.950957
-0.928791
-0.899075
-0.863964
-0.825305
-0.784625
-0.74314
-0.70178
-0.66123
-0.621969
-0.584311
-0.548445
-0.51446
-0.482372
-0.452145
-0.423707
-0.396961
-0.371793
-0.348082
-0.325702
-0.304527
-0.284432
-0.265296
-0.247001
-0.229437
-0.212495
-0.196073
-0.180073
-0.164402
-0.148971
-0.133693
-0.118485
-0.103266
-0.0879573
-0.0724819
-0.0567631
-0.0407247
-0.0242904
-0.0073832
0.0100748
0.0281633
0.046964
0.0665611
0.0870417
0.108496
0.131018
0.154706
0.17966
0.205986
0.233791
0.263185
0.294278
0.32718
0.361995
0.398818
0.43773
0.47879
0.522021
0.567402
0.614845
0.664177
0.71511
0.767212
0.819864
0.872227
0.923193
0.971352
1.01497
1.05199
1.08004
1.09657
1.09949
1.08681
1.05152
0.989706
-0.960056
-1.02488
-1.06034
-1.07089
-1.06469
-1.04454
-1.01327
-0.973944
-0.929304
-0.88158
-0.832535
-0.78351
-0.735475
-0.689097
-0.644808
-0.602852
-0.563339
-0.526281
-0.49162
-0.459251
-0.429038
-0.40083
-0.374467
-0.349784
-0.326622
-0.304824
-0.28424
-0.264727
-0.24615
-0.22838
-0.211299
-0.194791
-0.178751
-0.163076
-0.147671
-0.132441
-0.1173
-0.102161
-0.0869413
-0.0715591
-0.0559339
-0.0399854
-0.0236333
-0.00679633
0.0106082
0.0286652
0.0474621
0.0670898
0.0876432
0.109221
0.131929
0.155876
0.181178
0.207958
0.236343
0.266468
0.298472
0.332498
0.36869
0.407189
0.44813
0.491632
0.53779
0.586657
0.63823
0.692423
0.749033
0.807702
0.867868
0.928706
0.989064
1.0474
1.10172
1.14954
1.18789
1.21343
1.22314
1.21401
1.17722
1.10787
-1.07782
-1.15225
-1.18937
-1.19516
-1.18039
-1.14932
-1.10596
-1.05436
-0.997939
-0.939327
-0.880508
-0.822895
-0.767438
-0.714731
-0.6651
-0.618676
-0.575454
-0.535338
-0.498169
-0.463758
-0.431895
-0.402362
-0.374945
-0.349434
-0.325631
-0.303347
-0.282406
-0.262641
-0.243899
-0.226038
-0.208923
-0.192432
-0.176447
-0.160859
-0.145566
-0.130469
-0.115475
-0.100494
-0.08544
-0.0702265
-0.0547698
-0.0389864
-0.0227923
-0.0061026
0.0111695
0.0291132
0.0478215
0.067391
0.0879236
0.109527
0.132316
0.156411
0.181944
0.209053
0.237887
0.268605
0.301376
0.336379
0.3738
0.413832
0.456671
0.502506
0.551516
0.60385
0.659612
0.718835
0.781442
0.8472
0.91566
0.986076
1.05732
1.12775
1.19517
1.25664
1.30848
1.3463
1.36584
1.36256
1.32491
1.24644
-1.21901
-1.3051
-1.34272
-1.34037
-1.31283
-1.26656
-1.20717
-1.13995
-1.06904
-0.997472
-0.92737
-0.860119
-0.796557
-0.737114
-0.681942
-0.630996
-0.584113
-0.541052
-0.501534
-0.465263
-0.431941
-0.401279
-0.373001
-0.346848
-0.322581
-0.299979
-0.278836
-0.258966
-0.240198
-0.222372
-0.205344
-0.188981
-0.173156
-0.157755
-0.142668
-0.127793
-0.113033
-0.0982943
-0.0834864
-0.0685213
-0.0533123
-0.0377731
-0.021817
-0.00535607
0.0116997
0.0294435
0.0479722
0.067388
0.0877988
0.10932
0.132074
0.156194
0.181824
0.209119
0.238248
0.269395
0.302757
0.338551
0.377008
0.418375
0.462915
0.510897
0.562596
0.618277
0.678178
0.742486
0.811298
0.88457
0.962041
1.04314
1.12685
1.21158
1.29495
1.37363
1.44313
1.4978
1.53166
1.5379
1.50083
1.41136
-1.3918
-1.49184
-1.52732
-1.5113
-1.46474
-1.39728
-1.31671
-1.2297
-1.14116
-1.05439
-0.971486
-0.893642
-0.821438
-0.755024
-0.694281
-0.638923
-0.588572
-0.542811
-0.501211
-0.463355
-0.428847
-0.397317
-0.368425
-0.341861
-0.317345
-0.294622
-0.273461
-0.253654
-0.235013
-0.217366
-0.200557
-0.184442
-0.168892
-0.153783
-0.139004
-0.124446
-0.110011
-0.0956012
-0.0811248
-0.0664916
-0.0516129
-0.0364005
-0.0207659
-0.00461892
0.0121328
0.0295851
0.0478384
0.0669988
0.0871794
0.108501
0.131096
0.155105
0.180683
0.208003
0.23725
0.268632
0.302376
0.338733
0.377981
0.420424
0.466393
0.516246
0.570364
0.629145
0.692988
0.762274
0.837327
0.918364
1.00541
1.0982
1.196
1.29739
1.40004
1.50031
1.59294
1.67078
1.72563
1.74732
1.7138
1.61126
-1.60873
-1.7247
-1.75259
-1.71376
-1.63879
-1.54187
-1.43344
-1.32166
-1.212
-1.10774
-1.01065
-0.921493
-0.840379
-0.767025
-0.70093
-0.641484
-0.588046
-0.539984
-0.4967
-0.457641
-0.422304
-0.390237
-0.361035
-0.334337
-0.309823
-0.287207
-0.266235
-0.246678
-0.228335
-0.211022
-0.194573
-0.17884
-0.163685
-0.148982
-0.134614
-0.120474
-0.106457
-0.0924674
-0.0784105
-0.0641952
-0.0497319
-0.0349316
-0.0197046
-0.00395987
0.0123966
0.0294622
0.0473397
0.066138
0.0859737
0.106973
0.129272
0.153022
0.178387
0.205551
0.234718
0.266115
0.299995
0.336646
0.376387
0.419578
0.46662
0.517964
0.574104
0.635585
0.702989
0.776927
0.858008
0.946792
1.04372
1.14897
1.26231
1.38278
1.50839
1.63552
1.7583
1.86803
1.95375
2.00057
1.9766
1.85938
-1.89006
-2.02187
-2.03104
-1.95434
-1.837
-1.69936
-1.55472
-1.41247
-1.27807
-1.15425
-1.04199
-0.941233
-0.851369
-0.771492
-0.700592
-0.637659
-0.581739
-0.531956
-0.487528
-0.447761
-0.412043
-0.379841
-0.350688
-0.324177
-0.299951
-0.277698
-0.257142
-0.238041
-0.22018
-0.203367
-0.18743
-0.172215
-0.157581
-0.1434
-0.129554
-0.115933
-0.102432
-0.0889553
-0.0754076
-0.0616981
-0.0477371
-0.0334358
-0.0187045
-0.00345206
0.0124157
0.0289967
0.0463947
0.0647198
0.0840907
0.104636
0.126498
0.14983
0.174807
0.20162
0.230487
0.261652
0.295392
0.332023
0.371904
0.415446
0.463119
0.51546
0.573083
0.636683
0.707043
0.785031
0.871593
0.967717
1.07437
1.19241
1.32235
1.4641
1.61648
1.77647
1.93816
2.09161
2.22284
2.31064
2.30814
2.17697
-2.27056
-2.4109
-2.37886
-2.23951
-2.05943
-1.86618
-1.67542
-1.49667
-1.33431
-1.18954
-1.06187
-0.949954
-0.852124
-0.766656
-0.691916
-0.626426
-0.568883
-0.518158
-0.473278
-0.433413
-0.397851
-0.365984
-0.337292
-0.311328
-0.287706
-0.266094
-0.246201
-0.227773
-0.210588
-0.194449
-0.179181
-0.164627
-0.150644
-0.137105
-0.123891
-0.110893
-0.0980064
-0.0851358
-0.0721879
-0.0590725
-0.0457013
-0.0319865
-0.0178397
-0.00317066
0.0121137
0.0281106
0.0449231
0.0626613
0.0814441
0.101401
0.122675
0.145425
0.169826
0.19608
0.22441
0.255073
0.288365
0.324624
0.36424
0.407669
0.45544
0.508171
0.566583
0.631522
0.703972
0.785077
0.876149
0.978675
1.09429
1.22469
1.37152
1.53604
1.7186
1.91777
2.12878
2.34153
2.53956
2.6942
2.73693
2.60033
-2.81311
-2.93355
-2.81504
-2.57289
-2.30127
-2.03392
-1.78637
-1.56582
-1.37357
-1.20789
-1.06586
-0.94429
-0.840131
-0.750666
-0.673549
-0.606804
-0.548777
-0.498092
-0.453604
-0.414364
-0.379576
-0.348575
-0.3208
-0.295776
-0.2731
-0.252425
-0.233453
-0.215927
-0.19962
-0.184334
-0.169895
-0.156147
-0.142948
-0.130171
-0.117701
-0.105429
-0.093255
-0.0810846
-0.0688267
-0.0563937
-0.0436996
-0.0306588
-0.0171852
-0.00319103
0.0114147
0.0267271
0.0428471
0.0598829
0.0779516
0.0971817
0.117715
0.139709
0.163342
0.188815
0.216357
0.24623
0.27874
0.314239
0.35314
0.395929
0.443181
0.495577
0.553932
0.61922
0.692611
0.775514
0.869615
0.976932
1.09984
1.24111
1.4038
1.5911
1.80591
2.04983
2.32131
2.61267
2.9075
3.1707
3.30596
3.19489
-3.63208
-3.65028
-3.35762
-2.95026
-2.54883
-2.1866
-1.87294
-1.60792
-1.3866
-1.2024
-1.04897
-0.92069
-0.812899
-0.72179
-0.644304
-0.577991
-0.520886
-0.471413
-0.428295
-0.390496
-0.357167
-0.327608
-0.301238
-0.27757
-0.256194
-0.236763
-0.21898
-0.202586
-0.187361
-0.17311
-0.159661
-0.146862
-0.134577
-0.122682
-0.111065
-0.0996231
-0.0882585
-0.0768802
-0.0654013
-0.0537375
-0.0418063
-0.0295257
-0.0168129
-0.00358377
0.0102492
0.0247775
0.0400985
0.0563166
0.0735452
0.0919089
0.111546
0.13261
0.155277
0.179743
0.206236
0.235018
0.266394
0.300721
0.338421
0.379994
0.42604
0.47728
0.534589
0.599039
0.671944
0.754931
0.850022
0.959735
1.08721
1.23634
1.41191
1.6196
1.8659
2.15742
2.49911
2.8907
3.32214
3.75841
4.07682
4.07839
-4.93391
-4.64062
-4.01642
-3.3556
-2.77795
-2.3008
-1.91618
-1.60906
-1.36373
-1.16667
-1.00708
-0.876619
-0.768942
-0.679232
-0.603825
-0.539908
-0.485307
-0.438322
-0.397608
-0.362097
-0.330922
-0.303382
-0.278897
-0.25699
-0.237258
-0.219363
-0.203018
-0.187975
-0.174021
-0.16097
-0.148658
-0.13694
-0.125688
-0.114783
-0.104119
-0.0935983
-0.0831291
-0.0726251
-0.0620042
-0.0511868
-0.040095
-0.0286513
-0.0167777
-0.00439442
0.00858105
0.0222354
0.0366606
0.0519557
0.0682286
0.0855974
0.104194
0.124165
0.145678
0.168923
0.194119
0.221519
0.251419
0.284169
0.320183
0.359957
0.404091
0.453315
0.508525
0.570834
0.641637
0.722699
0.816273
0.925271
1.05348
1.20586
1.38895
1.6113
1.88398
2.22081
2.63783
3.1505
3.76664
4.4668
5.12955
5.46079
-7.17811
-6.00419
-4.75334
-3.7305
-2.93574
-2.33558
-1.8877
-1.5509
-1.29371
-1.09403
-0.936435
-0.810087
-0.707332
-0.622688
-0.552165
-0.492808
-0.442392
-0.399215
-0.361955
-0.32957
-0.30123
-0.276263
-0.254122
-0.234356
-0.216586
-0.200498
-0.185821
-0.172326
-0.159815
-0.148114
-0.137071
-0.126552
-0.116436
-0.106616
-0.0969924
-0.0874737
-0.0779754
-0.0684174
-0.0587236
-0.04882
-0.0386344
-0.0280949
-0.0171291
-0.00566305
0.00637999
0.0190804
0.0325236
0.0468015
0.0620143
0.0782718
0.0956964
0.114425
0.134613
0.156438
0.180104
0.205848
0.233947
0.264731
0.298591
0.335997
0.377521
0.423863
0.475891
0.534696
0.60166
0.678561
0.767722
0.87222
0.996202
1.14535
1.32758
1.55406
1.84068
2.21012
2.69467
3.33687
4.18016
5.25643
6.56568
7.80737
-11.5602
-7.80266
-5.29305
-3.81998
-2.84175
-2.17227
-1.71133
-1.3844
-1.14417
-0.962293
-0.821108
-0.709137
-0.618719
-0.544591
-0.483036
-0.431353
-0.387541
-0.350081
-0.317802
-0.289786
-0.265302
-0.243759
-0.224678
-0.207661
-0.192378
-0.178548
-0.165937
-0.154339
-0.143581
-0.133507
-0.123985
-0.114894
-0.106126
-0.0975861
-0.0891845
-0.0808401
-0.0724767
-0.0640225
-0.055409
-0.0465698
-0.0374397
-0.0279541
-0.0180479
-0.00765434
0.00329536
0.0148735
0.0271567
0.0402274
0.0541751
0.0690983
0.0851059
0.10232
0.120879
0.140941
0.162686
0.186325
0.212104
0.240314
0.271301
0.305481
0.34336
0.38556
0.43285
0.486203
0.546853
0.616405
0.69697
0.791387
0.903556
1.03898
1.20562
1.41538
1.68654
2.04826
2.54906
3.26603
4.30366
5.85009
8.44991
12.3182
-18.9699
-9.55625
-5.06813
-3.24737
-2.28436
-1.70021
-1.32932
-1.07806
-0.896636
-0.759553
-0.652627
-0.567212
-0.497714
-0.440343
-0.392417
-0.351979
-0.317564
-0.28805
-0.262559
-0.240398
-0.221009
-0.203938
-0.188809
-0.175312
-0.163183
-0.152201
-0.142174
-0.132938
-0.12435
-0.116283
-0.108627
-0.101281
-0.0941559
-0.0871708
-0.0802507
-0.0733266
-0.0663337
-0.0592107
-0.051899
-0.0443418
-0.0364832
-0.0282677
-0.0196393
-0.0105412
-0.000914209
0.00930317
0.0201763
0.031775
0.0441749
0.057459
0.0717184
0.0870552
0.103584
0.121435
0.140756
0.16172
0.184525
0.209407
0.236643
0.266563
0.299567
0.336141
0.376886
0.422549
0.474076
0.532682
0.599952
0.678002
0.769721
0.879179
1.01233
1.17832
1.39198
1.67957
2.09195
2.72598
3.75693
5.67367
10.2794
19.8164
)
;

boundaryField
{
    movingWall
    {
        type            zeroGradient;
    }
    fixedWalls
    {
        type            zeroGradient;
    }
    frontAndBack
    {
        type            empty;
    }
}


// ************************************************************************* //
