0.05 	0.0003125 	0.005 	0.00658649
0.05 	0.0009375 	0.005 	0.00660294
0.05 	0.0015625 	0.005 	0.00661577
0.05 	0.0021875 	0.005 	0.00662599
0.05 	0.0028125 	0.005 	0.0066348
0.05 	0.0034375 	0.005 	0.0066421
0.05 	0.0040625 	0.005 	0.00664777
0.05 	0.0046875 	0.005 	0.00665174
0.05 	0.0053125 	0.005 	0.00665391
0.05 	0.0059375 	0.005 	0.00665418
0.05 	0.0065625 	0.005 	0.00665241
0.05 	0.0071875 	0.005 	0.00664844
0.05 	0.0078125 	0.005 	0.00664213
0.05 	0.0084375 	0.005 	0.0066333
0.05 	0.0090625 	0.005 	0.00662175
0.05 	0.0096875 	0.005 	0.00660728
0.05 	0.0103125 	0.005 	0.0065897
0.05 	0.0109375 	0.005 	0.00656878
0.05 	0.0115625 	0.005 	0.00654427
0.05 	0.0121875 	0.005 	0.00651594
0.05 	0.0128125 	0.005 	0.00648352
0.05 	0.0134375 	0.005 	0.00644674
0.05 	0.0140625 	0.005 	0.00640531
0.05 	0.0146875 	0.005 	0.00635891
0.05 	0.0153125 	0.005 	0.00630722
0.05 	0.0159375 	0.005 	0.00624991
0.05 	0.0165625 	0.005 	0.00618662
0.05 	0.0171875 	0.005 	0.006117
0.05 	0.0178125 	0.005 	0.00604067
0.05 	0.0184375 	0.005 	0.00595725
0.05 	0.0190625 	0.005 	0.00586634
0.05 	0.0196875 	0.005 	0.0057675
0.05 	0.0203125 	0.005 	0.00566029
0.05 	0.0209375 	0.005 	0.00554425
0.05 	0.0215625 	0.005 	0.00541888
0.05 	0.0221875 	0.005 	0.0052837
0.05 	0.0228125 	0.005 	0.00513818
0.05 	0.0234375 	0.005 	0.00498178
0.05 	0.0240625 	0.005 	0.00481393
0.05 	0.0246875 	0.005 	0.00463406
0.05 	0.0253125 	0.005 	0.00444155
0.05 	0.0259375 	0.005 	0.0042358
0.05 	0.0265625 	0.005 	0.00401616
0.05 	0.0271875 	0.005 	0.00378198
0.05 	0.0278125 	0.005 	0.00353259
0.05 	0.0284375 	0.005 	0.00326728
0.05 	0.0290625 	0.005 	0.00298536
0.05 	0.0296875 	0.005 	0.00268606
0.05 	0.0303125 	0.005 	0.00236865
0.05 	0.0309375 	0.005 	0.00203234
0.05 	0.0315625 	0.005 	0.00167636
0.05 	0.0321875 	0.005 	0.00129992
0.05 	0.0328125 	0.005 	0.000902214
0.05 	0.0334375 	0.005 	0.000482437
0.05 	0.0340625 	0.005 	3.97596e-05
0.05 	0.0346875 	0.005 	-0.000426651
0.05 	0.0353125 	0.005 	-0.000917635
0.05 	0.0359375 	0.005 	-0.00143403
0.05 	0.0365625 	0.005 	-0.00197667
0.05 	0.0371875 	0.005 	-0.00254639
0.05 	0.0378125 	0.005 	-0.00314402
0.05 	0.0384375 	0.005 	-0.00377036
0.05 	0.0390625 	0.005 	-0.00442622
0.05 	0.0396875 	0.005 	-0.00511236
0.05 	0.0403125 	0.005 	-0.00582954
0.05 	0.0409375 	0.005 	-0.00657848
0.05 	0.0415625 	0.005 	-0.00735985
0.05 	0.0421875 	0.005 	-0.00817431
0.05 	0.0428125 	0.005 	-0.00902249
0.05 	0.0434375 	0.005 	-0.00990494
0.05 	0.0440625 	0.005 	-0.0108222
0.05 	0.0446875 	0.005 	-0.0117747
0.05 	0.0453125 	0.005 	-0.0127628
0.05 	0.0459375 	0.005 	-0.0137868
0.05 	0.0465625 	0.005 	-0.014847
0.05 	0.0471875 	0.005 	-0.0159435
0.05 	0.0478125 	0.005 	-0.0170763
0.05 	0.0484375 	0.005 	-0.0182455
0.05 	0.0490625 	0.005 	-0.0194508
0.05 	0.0496875 	0.005 	-0.0206919
0.05 	0.0503125 	0.005 	-0.0219686
0.05 	0.0509375 	0.005 	-0.0232802
0.05 	0.0515625 	0.005 	-0.0246263
0.05 	0.0521875 	0.005 	-0.0260059
0.05 	0.0528125 	0.005 	-0.0274182
0.05 	0.0534375 	0.005 	-0.0288621
0.05 	0.0540625 	0.005 	-0.0303365
0.05 	0.0546875 	0.005 	-0.0318399
0.05 	0.0553125 	0.005 	-0.033371
0.05 	0.0559375 	0.005 	-0.0349279
0.05 	0.0565625 	0.005 	-0.0365089
0.05 	0.0571875 	0.005 	-0.0381119
0.05 	0.0578125 	0.005 	-0.039735
0.05 	0.0584375 	0.005 	-0.0413756
0.05 	0.0590625 	0.005 	-0.0430315
0.05 	0.0596875 	0.005 	-0.0446999
0.05 	0.0603125 	0.005 	-0.046378
0.05 	0.0609375 	0.005 	-0.0480631
0.05 	0.0615625 	0.005 	-0.0497519
0.05 	0.0621875 	0.005 	-0.0514413
0.05 	0.0628125 	0.005 	-0.053128
0.05 	0.0634375 	0.005 	-0.0548084
0.05 	0.0640625 	0.005 	-0.0564791
0.05 	0.0646875 	0.005 	-0.0581364
0.05 	0.0653125 	0.005 	-0.0597764
0.05 	0.0659375 	0.005 	-0.0613954
0.05 	0.0665625 	0.005 	-0.0629895
0.05 	0.0671875 	0.005 	-0.0645548
0.05 	0.0678125 	0.005 	-0.0660872
0.05 	0.0684375 	0.005 	-0.0675827
0.05 	0.0690625 	0.005 	-0.0690375
0.05 	0.0696875 	0.005 	-0.0704475
0.05 	0.0703125 	0.005 	-0.0718088
0.05 	0.0709375 	0.005 	-0.0731176
0.05 	0.0715625 	0.005 	-0.07437
0.05 	0.0721875 	0.005 	-0.0755623
0.05 	0.0728125 	0.005 	-0.0766911
0.05 	0.0734375 	0.005 	-0.0777528
0.05 	0.0740625 	0.005 	-0.0787441
0.05 	0.0746875 	0.005 	-0.0796621
0.05 	0.0753125 	0.005 	-0.0805037
0.05 	0.0759375 	0.005 	-0.0812663
0.05 	0.0765625 	0.005 	-0.0819474
0.05 	0.0771875 	0.005 	-0.082545
0.05 	0.0778125 	0.005 	-0.0830571
0.05 	0.0784375 	0.005 	-0.0834821
0.05 	0.0790625 	0.005 	-0.0838188
0.05 	0.0796875 	0.005 	-0.0840662
0.05 	0.0803125 	0.005 	-0.0842239
0.05 	0.0809375 	0.005 	-0.0842917
0.05 	0.0815625 	0.005 	-0.0842697
0.05 	0.0821875 	0.005 	-0.0841587
0.05 	0.0828125 	0.005 	-0.0839597
0.05 	0.0834375 	0.005 	-0.0836743
0.05 	0.0840625 	0.005 	-0.0833043
0.05 	0.0846875 	0.005 	-0.0828523
0.05 	0.0853125 	0.005 	-0.0823211
0.05 	0.0859375 	0.005 	-0.0817142
0.05 	0.0865625 	0.005 	-0.0810354
0.05 	0.0871875 	0.005 	-0.0802891
0.05 	0.0878125 	0.005 	-0.07948
0.05 	0.0884375 	0.005 	-0.0786135
0.05 	0.0890625 	0.005 	-0.0776952
0.05 	0.0896875 	0.005 	-0.0767314
0.05 	0.0903125 	0.005 	-0.0757286
0.05 	0.0909375 	0.005 	-0.0746937
0.05 	0.0915625 	0.005 	-0.073634
0.05 	0.0921875 	0.005 	-0.0725569
0.05 	0.0928125 	0.005 	-0.07147
0.05 	0.0934375 	0.005 	-0.0703813
0.05 	0.0940625 	0.005 	-0.0692984
0.05 	0.0946875 	0.005 	-0.0682293
0.05 	0.0953125 	0.005 	-0.0671814
0.05 	0.0959375 	0.005 	-0.0661621
0.05 	0.0965625 	0.005 	-0.0651779
0.05 	0.0971875 	0.005 	-0.0642351
0.05 	0.0978125 	0.005 	-0.0633428
0.05 	0.0984375 	0.005 	-0.0625098
0.05 	0.0990625 	0.005 	-0.0616879
0.05 	0.0996875 	0.005 	-0.060828
