/*--------------------------------*- C++ -*----------------------------------*\
  =========                 |
  \\      /  F ield         | OpenFOAM: The Open Source CFD Toolbox
   \\    /   O peration     | Website:  https://openfoam.org
    \\  /    A nd           | Version:  7
     \\/     M anipulation  |
\*---------------------------------------------------------------------------*/
FoamFile
{
    version     2.0;
    format      ascii;
    class       volVectorField;
    location    "0.15";
    object      U;
}
// * * * * * * * * * * * * * * * * * * * * * * * * * * * * * * * * * * * * * //

dimensions      [0 1 -1 0 0 0 0];

internalField   nonuniform List<vector> 
1600
(
(6.0523e-05 -6.02858e-05 0)
(0.000155817 -5.69369e-05 0)
(0.00015663 -6.95943e-06 0)
(6.45947e-06 5.24062e-05 0)
(-0.000303089 0.000107832 0)
(-0.000755669 0.000154609 0)
(-0.00132686 0.000191372 0)
(-0.00198974 0.000218164 0)
(-0.00271713 0.000235559 0)
(-0.00348279 0.000244304 0)
(-0.00426203 0.000245189 0)
(-0.005032 0.000238994 0)
(-0.0057719 0.00022648 0)
(-0.00646298 0.00020838 0)
(-0.00708864 0.0001854 0)
(-0.00763442 0.000158232 0)
(-0.008088 0.000127558 0)
(-0.00843926 9.40542e-05 0)
(-0.00868028 5.84098e-05 0)
(-0.00880543 2.13316e-05 0)
(-0.00881142 -1.64487e-05 0)
(-0.00869741 -5.41641e-05 0)
(-0.00846507 -9.10102e-05 0)
(-0.00811868 -0.00012615 0)
(-0.00766526 -0.000158716 0)
(-0.00711457 -0.000187811 0)
(-0.00647915 -0.000212524 0)
(-0.0057743 -0.000231943 0)
(-0.00501805 -0.000245168 0)
(-0.00423096 -0.000251333 0)
(-0.00343591 -0.000249625 0)
(-0.00265781 -0.000239307 0)
(-0.00192313 -0.000219744 0)
(-0.00125933 -0.000190455 0)
(-0.000693954 -0.000151238 0)
(-0.000253202 -0.000102515 0)
(4.04524e-05 -4.61671e-05 0)
(0.00017389 1.25827e-05 0)
(0.000160037 6.00629e-05 0)
(6.01583e-05 5.99201e-05 0)
(5.8616e-05 -0.000156471 0)
(7.24461e-05 -6.91146e-05 0)
(-0.000178272 0.000182242 0)
(-0.000771717 0.000476334 0)
(-0.00172234 0.000759918 0)
(-0.00300362 0.00100788 0)
(-0.00456708 0.00120893 0)
(-0.00635344 0.00135916 0)
(-0.00829903 0.00145849 0)
(-0.0103397 0.00150881 0)
(-0.0124134 0.00151308 0)
(-0.0144611 0.00147486 0)
(-0.0164286 0.00139802 0)
(-0.0182663 0.0012866 0)
(-0.01993 0.00114472 0)
(-0.0213809 0.000976583 0)
(-0.022586 0.000786441 0)
(-0.0235183 0.000578618 0)
(-0.0241565 0.000357537 0)
(-0.024486 0.000127753 0)
(-0.0244981 -0.000106028 0)
(-0.0241909 -0.000338925 0)
(-0.0235696 -0.000565886 0)
(-0.0226459 -0.000781698 0)
(-0.0214391 -0.000981028 0)
(-0.0199755 -0.00115847 0)
(-0.0182888 -0.00130862 0)
(-0.0164195 -0.00142619 0)
(-0.014415 -0.00150614 0)
(-0.012329 -0.00154381 0)
(-0.0102203 -0.00153511 0)
(-0.00815237 -0.00147677 0)
(-0.00619107 -0.00136664 0)
(-0.00440311 -0.00120414 0)
(-0.00285279 -0.00099117 0)
(-0.00159778 -0.000733775 0)
(-0.000682477 -0.000445488 0)
(-0.000127009 -0.000153423 0)
(9.17214e-05 8.80891e-05 0)
(6.16196e-05 0.000160425 0)
(1.14488e-05 -0.000162338 0)
(-0.000171622 0.000178453 0)
(-0.000802745 0.000812889 0)
(-0.00192795 0.0015341 0)
(-0.00354811 0.0022353 0)
(-0.00562734 0.00285709 0)
(-0.00810092 0.00336796 0)
(-0.0108875 0.00375352 0)
(-0.0138977 0.00400962 0)
(-0.0170397 0.0041382 0)
(-0.0202229 0.00414494 0)
(-0.0233606 0.00403782 0)
(-0.0263717 0.00382624 0)
(-0.0291817 0.00352052 0)
(-0.0317239 0.00313154 0)
(-0.0339398 0.00267058 0)
(-0.0357791 0.00214927 0)
(-0.0372008 0.00157955 0)
(-0.0381728 0.000973668 0)
(-0.0386728 0.000344278 0)
(-0.0386882 -0.000295573 0)
(-0.0382163 -0.000932411 0)
(-0.0372653 -0.00155236 0)
(-0.0358534 -0.00214117 0)
(-0.0340102 -0.00268437 0)
(-0.0317758 -0.00316742 0)
(-0.029201 -0.00357592 0)
(-0.0263472 -0.00389597 0)
(-0.0232853 -0.0041145 0)
(-0.0200952 -0.00421976 0)
(-0.0168641 -0.00420189 0)
(-0.0136848 -0.00405362 0)
(-0.010653 -0.00377126 0)
(-0.00786395 -0.00335607 0)
(-0.00540808 -0.00281647 0)
(-0.00336474 -0.00217176 0)
(-0.00179351 -0.00145853 0)
(-0.0007223 -0.000740456 0)
(-0.000138779 -0.000126578 0)
(1.76157e-05 0.000179652 0)
(-4.53133e-05 -2.18228e-05 0)
(-0.000463544 0.000767059 0)
(-0.00153275 0.00193856 0)
(-0.00323631 0.00322166 0)
(-0.00554517 0.00446103 0)
(-0.00840844 0.00556198 0)
(-0.0117453 0.00646958 0)
(-0.0154559 0.00715577 0)
(-0.0194307 0.00760995 0)
(-0.0235565 0.00783279 0)
(-0.0277207 0.00783243 0)
(-0.0318146 0.00762185 0)
(-0.035736 0.00721729 0)
(-0.0393905 0.00663712 0)
(-0.0426934 0.00590118 0)
(-0.0455698 0.00503035 0)
(-0.0479557 0.00404633 0)
(-0.0497985 0.00297156 0)
(-0.0510576 0.00182918 0)
(-0.0517041 0.00064307 0)
(-0.0517224 -0.000562152 0)
(-0.0511093 -0.00176111 0)
(-0.0498752 -0.00292772 0)
(-0.048044 -0.00403537 0)
(-0.0456535 -0.00505708 0)
(-0.0427549 -0.00596591 0)
(-0.0394131 -0.00673537 0)
(-0.035706 -0.00734005 0)
(-0.0317234 -0.00775637 0)
(-0.0275661 -0.00796347 0)
(-0.0233434 -0.00794433 0)
(-0.0191714 -0.00768719 0)
(-0.0151687 -0.00718731 0)
(-0.0114532 -0.00644947 0)
(-0.00813578 -0.00549151 0)
(-0.00531448 -0.00434983 0)
(-0.00306458 -0.00308789 0)
(-0.0014279 -0.00180771 0)
(-0.000419485 -0.000668995 0)
(-3.66473e-05 5.95166e-05 0)
(-0.000100283 0.000278236 0)
(-0.000759804 0.00172656 0)
(-0.00228579 0.00358634 0)
(-0.00458563 0.00554713 0)
(-0.00758997 0.00741657 0)
(-0.0112269 0.00906981 0)
(-0.0153969 0.01043 0)
(-0.019982 0.0114552 0)
(-0.0248548 0.0121275 0)
(-0.0298842 0.0124458 0)
(-0.0349395 0.0124206 0)
(-0.0398946 0.01207 0)
(-0.0446302 0.0114182 0)
(-0.0490361 0.0104927 0)
(-0.053013 0.00932382 0)
(-0.0564729 0.007944 0)
(-0.0593408 0.00638704 0)
(-0.0615548 0.00468808 0)
(-0.063067 0.00288345 0)
(-0.0638439 0.0010107 0)
(-0.0638667 -0.000891479 0)
(-0.0631321 -0.00278327 0)
(-0.0616522 -0.00462384 0)
(-0.0594551 -0.0063716 0)
(-0.0565853 -0.00798456 0)
(-0.0531028 -0.0094209 0)
(-0.0490836 -0.0106397 0)
(-0.0446187 -0.011602 0)
(-0.0398132 -0.0122718 0)
(-0.0347843 -0.0126178 0)
(-0.0296595 -0.0126147 0)
(-0.0245734 -0.0122459 0)
(-0.019664 -0.0115058 0)
(-0.0150681 -0.0104035 0)
(-0.0109154 -0.00896739 0)
(-0.00732258 -0.0072516 0)
(-0.00438359 -0.00534559 0)
(-0.00216046 -0.00338554 0)
(-0.000706184 -0.00157152 0)
(-8.94802e-05 -0.000214589 0)
(-0.000150428 0.000731443 0)
(-0.001044 0.00305771 0)
(-0.00302432 0.00576357 0)
(-0.00592037 0.0085179 0)
(-0.00961729 0.011103 0)
(-0.0140174 0.0133707 0)
(-0.0189994 0.0152263 0)
(-0.0244261 0.0166154 0)
(-0.0301526 0.0175139 0)
(-0.0360314 0.0179192 0)
(-0.0419164 0.0178445 0)
(-0.0476665 0.017314 0)
(-0.0531486 0.0163602 0)
(-0.0582395 0.0150211 0)
(-0.0628282 0.013339 0)
(-0.0668163 0.0113591 0)
(-0.0701199 0.00912902 0)
(-0.0726697 0.00669843 0)
(-0.074412 0.00411873 0)
(-0.0753092 0.00144303 0)
(-0.0753402 -0.0012739 0)
(-0.0745011 -0.00397578 0)
(-0.0728053 -0.00660495 0)
(-0.0702841 -0.00910278 0)
(-0.0669867 -0.0114102 0)
(-0.0629801 -0.0134686 0)
(-0.058349 -0.0152206 0)
(-0.0531949 -0.0166119 0)
(-0.0476347 -0.0175924 0)
(-0.0417995 -0.0181189 0)
(-0.0358318 -0.0181571 0)
(-0.0298822 -0.0176845 0)
(-0.0241057 -0.0166944 0)
(-0.0186569 -0.0151997 0)
(-0.0136845 -0.0132387 0)
(-0.00932541 -0.0108822 0)
(-0.00569562 -0.00824241 0)
(-0.00288243 -0.00548384 0)
(-0.000982158 -0.00283666 0)
(-0.00013767 -0.000637007 0)
(-0.000195654 0.0013275 0)
(-0.0013118 0.00474919 0)
(-0.00373461 0.00846266 0)
(-0.00721746 0.0121285 0)
(-0.0115984 0.0155132 0)
(-0.0167509 0.0184527 0)
(-0.0225292 0.0208389 0)
(-0.0287752 0.0226085 0)
(-0.035326 0.0237329 0)
(-0.0420182 0.0242097 0)
(-0.0486912 0.0240556 0)
(-0.0551911 0.0233021 0)
(-0.0613727 0.0219911 0)
(-0.0671023 0.0201721 0)
(-0.0722592 0.0179005 0)
(-0.0767369 0.0152357 0)
(-0.0804441 0.0122404 0)
(-0.0833057 0.00898024 0)
(-0.0852633 0.00552304 0)
(-0.086276 0.00193905 0)
(-0.0863205 -0.0016994 0)
(-0.0853923 -0.00531796 0)
(-0.0835054 -0.00884058 0)
(-0.080693 -0.01219 0)
(-0.0770079 -0.0152883 0)
(-0.0725221 -0.0180583 0)
(-0.067327 -0.0204248 0)
(-0.0615321 -0.0223163 0)
(-0.0552644 -0.0236672 0)
(-0.0486663 -0.0244208 0)
(-0.0418934 -0.0245323 0)
(-0.0351109 -0.0239722 0)
(-0.0284901 -0.0227312 0)
(-0.0222035 -0.0208249 0)
(-0.0164197 -0.0182996 0)
(-0.011298 -0.0152401 0)
(-0.00697978 -0.0117775 0)
(-0.00358102 -0.0080985 0)
(-0.00124328 -0.00445518 0)
(-0.000181099 -0.00119807 0)
(-0.000236893 0.00205673 0)
(-0.00156444 0.00678651 0)
(-0.00441565 0.0116703 0)
(-0.00847281 0.0163675 0)
(-0.0135272 0.0206363 0)
(-0.0194217 0.024303 0)
(-0.0259842 0.0272513 0)
(-0.0330341 0.029413 0)
(-0.0403895 0.0307578 0)
(-0.0478709 0.0312854 0)
(-0.0553041 0.0310183 0)
(-0.0625229 0.0299963 0)
(-0.0693718 0.0282722 0)
(-0.0757081 0.0259084 0)
(-0.0814031 0.0229742 0)
(-0.0863436 0.0195445 0)
(-0.0904327 0.0156983 0)
(-0.0935906 0.0115181 0)
(-0.0957552 0.0070894 0)
(-0.0968826 0.00250054 0)
(-0.0969478 -0.00215742 0)
(-0.095945 -0.00679095 0)
(-0.0938883 -0.0113044 0)
(-0.090812 -0.0156005 0)
(-0.0867709 -0.0195815 0)
(-0.0818406 -0.02315 0)
(-0.0761171 -0.0262114 0)
(-0.0697164 -0.0286753 0)
(-0.0627736 -0.0304592 0)
(-0.055441 -0.0314911 0)
(-0.047886 -0.0317137 0)
(-0.0402878 -0.0310889 0)
(-0.032834 -0.0296027 0)
(-0.0257157 -0.027271 0)
(-0.0191228 -0.0241457 0)
(-0.0132397 -0.0203219 0)
(-0.00823547 -0.0159458 0)
(-0.00425703 -0.011221 0)
(-0.00149138 -0.00641544 0)
(-0.000220783 -0.00188894 0)
(-0.000275284 0.0029114 0)
(-0.00180527 0.00915642 0)
(-0.0050724 0.0153732 0)
(-0.00969216 0.0212232 0)
(-0.0154101 0.0264619 0)
(-0.0220377 0.0309113 0)
(-0.0293753 0.0344519 0)
(-0.0372182 0.0370144 0)
(-0.0453648 0.0385706 0)
(-0.0536191 0.0391251 0)
(-0.0617931 0.0387084 0)
(-0.0697094 0.0373707 0)
(-0.077203 0.0351771 0)
(-0.0841233 0.0322042 0)
(-0.0903352 0.0285367 0)
(-0.0957201 0.0242659 0)
(-0.100177 0.019488 0)
(-0.103621 0.0143032 0)
(-0.105989 0.00881544 0)
(-0.107234 0.00313194 0)
(-0.107328 -0.00263683 0)
(-0.106265 -0.00837741 0)
(-0.104058 -0.0139737 0)
(-0.100742 -0.0193076 0)
(-0.096372 -0.0242601 0)
(-0.0910255 -0.0287127 0)
(-0.0848019 -0.0325497 0)
(-0.0778219 -0.0356606 0)
(-0.0702273 -0.0379436 0)
(-0.062179 -0.0393095 0)
(-0.0538556 -0.0396866 0)
(-0.04545 -0.0390252 0)
(-0.0371665 -0.0373042 0)
(-0.0292158 -0.0345368 0)
(-0.0218113 -0.0307772 0)
(-0.0151639 -0.0261273 0)
(-0.00947299 -0.0207442 0)
(-0.00491789 -0.0148442 0)
(-0.00173076 -0.00870811 0)
(-0.00025802 -0.00270313 0)
(-0.000311883 0.00388606 0)
(-0.00203818 0.0118488 0)
(-0.00571217 0.0195603 0)
(-0.0108857 0.0266859 0)
(-0.0172598 0.0329816 0)
(-0.0246139 0.0382698 0)
(-0.0327199 0.0424322 0)
(-0.041348 0.0454029 0)
(-0.0502761 0.0471592 0)
(-0.0592913 0.0477144 0)
(-0.0681919 0.0471092 0)
(-0.0767896 0.0454068 0)
(-0.0849106 0.0426868 0)
(-0.0923977 0.0390411 0)
(-0.0991104 0.0345715 0)
(-0.104926 0.0293864 0)
(-0.10974 0.0236 0)
(-0.113465 0.017331 0)
(-0.116035 0.0107021 0)
(-0.117402 0.00383977 0)
(-0.117535 -0.00312564 0)
(-0.116427 -0.0100604 0)
(-0.11409 -0.0168274 0)
(-0.110557 -0.023287 0)
(-0.105883 -0.0292984 0)
(-0.100146 -0.0347206 0)
(-0.0934468 -0.0394155 0)
(-0.08591 -0.0432505 0)
(-0.0776821 -0.0461029 0)
(-0.0689319 -0.0478636 0)
(-0.0598484 -0.0484436 0)
(-0.0506384 -0.0477788 0)
(-0.0415231 -0.0458376 0)
(-0.0327344 -0.0426269 0)
(-0.0245104 -0.0381993 0)
(-0.0170912 -0.0326602 0)
(-0.0107079 -0.0261735 0)
(-0.00557394 -0.0189658 0)
(-0.00196647 -0.0113283 0)
(-0.000294072 -0.00363699 0)
(-0.000347594 0.00497747 0)
(-0.00226695 0.0148571 0)
(-0.00634283 0.0242247 0)
(-0.0120653 0.0327492 0)
(-0.0190912 0.0401899 0)
(-0.0271679 0.0463732 0)
(-0.0360377 0.0511863 0)
(-0.0454452 0.054571 0)
(-0.0551469 0.0565144 0)
(-0.0649128 0.0570415 0)
(-0.0745275 0.0562072 0)
(-0.0837922 0.0540899 0)
(-0.0925253 0.0507857 0)
(-0.100564 0.0464044 0)
(-0.107763 0.0410653 0)
(-0.113997 0.0348955 0)
(-0.119159 0.0280277 0)
(-0.123161 0.0205994 0)
(-0.125934 0.0127522 0)
(-0.127428 0.00463217 0)
(-0.127613 -0.00361067 0)
(-0.126476 -0.0118221 0)
(-0.124029 -0.0198441 0)
(-0.120303 -0.0275151 0)
(-0.11535 -0.0346714 0)
(-0.109249 -0.041149 0)
(-0.102099 -0.046786 0)
(-0.0940276 -0.0514259 0)
(-0.0851843 -0.0549223 0)
(-0.0757447 -0.0571439 0)
(-0.0659077 -0.0579809 0)
(-0.0558935 -0.0573514 0)
(-0.0459413 -0.055209 0)
(-0.0363049 -0.0515503 0)
(-0.0272493 -0.0464224 0)
(-0.0190453 -0.0399299 0)
(-0.011958 -0.0322408 0)
(-0.00623644 -0.0235892 0)
(-0.00220362 -0.0142766 0)
(-0.000330077 -0.00468972 0)
(-0.000383164 0.00618439 0)
(-0.00249502 0.0181789 0)
(-0.00697194 0.0293636 0)
(-0.0132426 0.0394104 0)
(-0.0209195 0.0480841 0)
(-0.0297173 0.0552183 0)
(-0.039348 0.0607099 0)
(-0.0495298 0.0645124 0)
(-0.0599974 0.0666273 0)
(-0.0705031 0.0670954 0)
(-0.0808184 0.065989 0)
(-0.0907345 0.063405 0)
(-0.100063 0.0594587 0)
(-0.108636 0.0542791 0)
(-0.116306 0.0480051 0)
(-0.122945 0.0407831 0)
(-0.128446 0.0327648 0)
(-0.13272 0.0241067 0)
(-0.135697 0.0149695 0)
(-0.137325 0.0055183 0)
(-0.137572 -0.00407746 0)
(-0.136425 -0.0136435 0)
(-0.133891 -0.0230008 0)
(-0.129998 -0.0319659 0)
(-0.124796 -0.0403523 0)
(-0.118359 -0.0479717 0)
(-0.110787 -0.0546371 0)
(-0.102206 -0.0601661 0)
(-0.0927676 -0.0643864 0)
(-0.0826532 -0.067141 0)
(-0.0720702 -0.0682956 0)
(-0.0612525 -0.0677461 0)
(-0.0504571 -0.0654269 0)
(-0.0399611 -0.0613198 0)
(-0.0300576 -0.0554614 0)
(-0.0210506 -0.0479517 0)
(-0.0132415 -0.0389595 0)
(-0.00691665 -0.0287247 0)
(-0.0024471 -0.0175589 0)
(-0.00036705 -0.00586324 0)
(-0.000419219 0.00750729 0)
(-0.00272542 0.0218151 0)
(-0.00760646 0.0349781 0)
(-0.0144286 0.0466707 0)
(-0.022759 0.0566646 0)
(-0.0322786 0.0648039 0)
(-0.042668 0.0709992 0)
(-0.0536185 0.0752205 0)
(-0.0648422 0.077488 0)
(-0.0760743 0.0778629 0)
(-0.0870731 0.0764389 0)
(-0.0976208 0.0733346 0)
(-0.107523 0.0686873 0)
(-0.116609 0.0626476 0)
(-0.12473 0.0553751 0)
(-0.131758 0.0470366 0)
(-0.137585 0.0378032 0)
(-0.142124 0.0278504 0)
(-0.145303 0.0173575 0)
(-0.147071 0.00650784 0)
(-0.147395 -0.00451019 0)
(-0.146257 -0.015503 0)
(-0.143661 -0.0262714 0)
(-0.139632 -0.0366103 0)
(-0.134214 -0.0463101 0)
(-0.127477 -0.0551577 0)
(-0.119517 -0.0629397 0)
(-0.110457 -0.0694461 0)
(-0.100451 -0.0744755 0)
(-0.0896812 -0.077842 0)
(-0.0783645 -0.0793824 0)
(-0.0667466 -0.0789654 0)
(-0.0551028 -0.0765012 0)
(-0.0437343 -0.0719507 0)
(-0.032964 -0.0653357 0)
(-0.023131 -0.0567466 0)
(-0.0145759 -0.0463496 0)
(-0.00762538 -0.0343889 0)
(-0.0027015 -0.0211869 0)
(-0.000405903 -0.00716201 0)
(-0.00045629 0.00894815 0)
(-0.00296084 0.02577 0)
(-0.00825268 0.0410733 0)
(-0.0156332 0.0545347 0)
(-0.0246225 0.0659342 0)
(-0.0348659 0.0751298 0)
(-0.0460118 0.0820502 0)
(-0.0577232 0.0866867 0)
(-0.0696898 0.0890834 0)
(-0.0816295 0.0893265 0)
(-0.0932885 0.0875357 0)
(-0.104441 0.0838553 0)
(-0.114888 0.0784473 0)
(-0.124458 0.0714861 0)
(-0.133003 0.063154 0)
(-0.140395 0.0536386 0)
(-0.14653 0.0431309 0)
(-0.151321 0.0318249 0)
(-0.1547 0.0199177 0)
(-0.156613 0.0076102 0)
(-0.157025 -0.00489182 0)
(-0.155918 -0.0173766 0)
(-0.153291 -0.0296257 0)
(-0.149161 -0.0414133 0)
(-0.143568 -0.0525069 0)
(-0.136574 -0.0626684 0)
(-0.12827 -0.071657 0)
(-0.118773 -0.0792328 0)
(-0.108234 -0.0851628 0)
(-0.0968385 -0.0892277 0)
(-0.0848075 -0.0912311 0)
(-0.0723987 -0.0910087 0)
(-0.0599049 -0.0884401 0)
(-0.047652 -0.0834598 0)
(-0.0359943 -0.0760679 0)
(-0.0253088 -0.0663406 0)
(-0.015978 -0.0544375 0)
(-0.0083729 -0.0406053 0)
(-0.00297111 -0.0251772 0)
(-0.000447469 -0.00859277 0)
(-0.000494851 0.0105103 0)
(-0.00320374 0.0300507 0)
(-0.00891637 0.0476578 0)
(-0.0168656 0.0630099 0)
(-0.0265213 0.0758975 0)
(-0.0374914 0.086196 0)
(-0.0493899 0.0938569 0)
(-0.061851 0.0988987 0)
(-0.0745415 0.101395 0)
(-0.0871624 0.101462 0)
(-0.0994489 0.0992504 0)
(-0.111169 0.0949347 0)
(-0.122122 0.088705 0)
(-0.132136 0.080762 0)
(-0.141066 0.071312 0)
(-0.14879 0.0605643 0)
(-0.155206 0.0487296 0)
(-0.160231 0.0360199 0)
(-0.163799 0.022649 0)
(-0.165859 0.00883375 0)
(-0.166374 -0.00520433 0)
(-0.165321 -0.0192371 0)
(-0.162696 -0.0330284 0)
(-0.158509 -0.0463331 0)
(-0.15279 -0.0588964 0)
(-0.145594 -0.0704556 0)
(-0.137 -0.0807413 0)
(-0.12712 -0.0894821 0)
(-0.116098 -0.0964103 0)
(-0.104117 -0.101269 0)
(-0.0914029 -0.103823 0)
(-0.0782214 -0.103869 0)
(-0.0648826 -0.101249 0)
(-0.0517369 -0.0958627 0)
(-0.0391716 -0.0876826 0)
(-0.0276043 -0.0767639 0)
(-0.0174634 -0.0632553 0)
(-0.00916896 -0.047403 0)
(-0.00326004 -0.0295514 0)
(-0.00049254 -0.0101645 0)
(-0.000535353 0.0121983 0)
(-0.00345646 0.0346672 0)
(-0.00960303 0.0547434 0)
(-0.0181342 0.0721066 0)
(-0.0284657 0.0865602 0)
(-0.0401648 0.0980014 0)
(-0.0528094 0.10641 0)
(-0.0660033 0.111838 0)
(-0.0793902 0.114395 0)
(-0.0926555 0.114234 0)
(-0.105525 0.111542 0)
(-0.117762 0.106528 0)
(-0.129166 0.0994146 0)
(-0.139571 0.0904304 0)
(-0.148835 0.0798078 0)
(-0.156844 0.0677783 0)
(-0.163503 0.0545722 0)
(-0.168735 0.0404183 0)
(-0.172477 0.0255456 0)
(-0.174681 0.0101848 0)
(-0.175309 -0.00542911 0)
(-0.174337 -0.0210539 0)
(-0.171753 -0.0364382 0)
(-0.167558 -0.0513191 0)
(-0.161774 -0.0654216 0)
(-0.154442 -0.0784581 0)
(-0.14563 -0.0901309 0)
(-0.135436 -0.100135 0)
(-0.123997 -0.108165 0)
(-0.11149 -0.113923 0)
(-0.0981379 -0.117128 0)
(-0.084215 -0.11753 0)
(-0.070046 -0.114926 0)
(-0.0560056 -0.109172 0)
(-0.0425152 -0.100205 0)
(-0.030036 -0.08805 0)
(-0.0190471 -0.07284 0)
(-0.0100229 -0.054817 0)
(-0.00357228 -0.034336 0)
(-0.000541896 -0.0118882 0)
(-0.000578267 0.0140178 0)
(-0.00372145 0.0396321 0)
(-0.0103183 0.0623448 0)
(-0.0194476 0.0818371 0)
(-0.0304654 0.0979285 0)
(-0.0428945 0.110543 0)
(-0.0562739 0.119696 0)
(-0.0701758 0.12548 0)
(-0.084221 0.128047 0)
(-0.0980799 0.127596 0)
(-0.111471 0.124356 0)
(-0.124157 0.118576 0)
(-0.135941 0.110514 0)
(-0.146664 0.100431 0)
(-0.156193 0.0885851 0)
(-0.164426 0.0752319 0)
(-0.171276 0.0606201 0)
(-0.176674 0.044994 0)
(-0.180567 0.0285954 0)
(-0.182907 0.0116663 0)
(-0.183658 -0.00554765 0)
(-0.182793 -0.0227934 0)
(-0.180293 -0.0398072 0)
(-0.176151 -0.0563114 0)
(-0.170373 -0.0720123 0)
(-0.162988 -0.0865995 0)
(-0.154046 -0.0997467 0)
(-0.143629 -0.111115 0)
(-0.13186 -0.120357 0)
(-0.118904 -0.127129 0)
(-0.104981 -0.131099 0)
(-0.0903651 -0.131962 0)
(-0.0753948 -0.12946 0)
(-0.0604677 -0.123395 0)
(-0.0460402 -0.113657 0)
(-0.0326203 -0.100234 0)
(-0.0207427 -0.0832326 0)
(-0.010944 -0.0628873 0)
(-0.00391187 -0.0395618 0)
(-0.000596341 -0.0137771 0)
(-0.000624128 0.015976 0)
(-0.00400146 0.044961 0)
(-0.0110685 0.0704799 0)
(-0.0208149 0.0922156 0)
(-0.0325302 0.110008 0)
(-0.0456877 0.123814 0)
(-0.0597842 0.133692 0)
(-0.0743588 0.139785 0)
(-0.0890095 0.142299 0)
(-0.103394 0.141484 0)
(-0.117226 0.137619 0)
(-0.130271 0.130998 0)
(-0.142341 0.121921 0)
(-0.153287 0.110682 0)
(-0.162992 0.0975695 0)
(-0.171366 0.08286 0)
(-0.178338 0.0668207 0)
(-0.183851 0.0497093 0)
(-0.187857 0.031778 0)
(-0.190318 0.0132766 0)
(-0.191198 -0.00554235 0)
(-0.190468 -0.0244188 0)
(-0.188101 -0.0430805 0)
(-0.184079 -0.0612386 0)
(-0.178394 -0.078584 0)
(-0.171055 -0.0947855 0)
(-0.162092 -0.109489 0)
(-0.151567 -0.122321 0)
(-0.13958 -0.132891 0)
(-0.126281 -0.140803 0)
(-0.111876 -0.145668 0)
(-0.0966398 -0.147117 0)
(-0.0809164 -0.144825 0)
(-0.065125 -0.138529 0)
(-0.0497575 -0.128057 0)
(-0.0353715 -0.113349 0)
(-0.0225639 -0.0944773 0)
(-0.0119415 -0.0716588 0)
(-0.00428301 -0.0452641 0)
(-0.000656743 -0.0158465 0)
(-0.000673601 0.0180815 0)
(-0.00429985 0.0506727 0)
(-0.011861 0.0791697 0)
(-0.0222467 0.103258 0)
(-0.034671 0.122802 0)
(-0.0485515 0.137801 0)
(-0.0633386 0.148368 0)
(-0.0785367 0.154705 0)
(-0.0937218 0.157082 0)
(-0.108541 0.155812 0)
(-0.122708 0.151233 0)
(-0.135996 0.143691 0)
(-0.14823 0.133529 0)
(-0.159279 0.121081 0)
(-0.169045 0.106664 0)
(-0.177457 0.0905773 0)
(-0.184461 0.0731039 0)
(-0.190016 0.0545127 0)
(-0.194088 0.0350627 0)
(-0.196645 0.0150076 0)
(-0.197655 -0.00539765 0)
(-0.197086 -0.0258908 0)
(-0.194905 -0.046196 0)
(-0.191082 -0.0660177 0)
(-0.18559 -0.0850357 0)
(-0.178416 -0.102901 0)
(-0.169567 -0.119234 0)
(-0.159074 -0.133627 0)
(-0.147012 -0.145643 0)
(-0.133506 -0.154833 0)
(-0.118743 -0.160741 0)
(-0.102987 -0.162923 0)
(-0.0865835 -0.160976 0)
(-0.06997 -0.154557 0)
(-0.0536728 -0.143416 0)
(-0.0383023 -0.12743 0)
(-0.024524 -0.10662 0)
(-0.0130253 -0.0811808 0)
(-0.00469031 -0.0514832 0)
(-0.000724085 -0.0181138 0)
(-0.000727554 0.0203449 0)
(-0.00462093 0.0567902 0)
(-0.0127055 0.0884397 0)
(-0.0237565 0.114982 0)
(-0.0369012 0.136313 0)
(-0.0514936 0.152486 0)
(-0.0669331 0.163678 0)
(-0.0826878 0.170168 0)
(-0.098313 0.172303 0)
(-0.113449 0.170469 0)
(-0.127815 0.165073 0)
(-0.141198 0.15652 0)
(-0.153443 0.145203 0)
(-0.164443 0.131496 0)
(-0.174126 0.115746 0)
(-0.182444 0.0982751 0)
(-0.189367 0.0793794 0)
(-0.194875 0.059336 0)
(-0.198947 0.0384063 0)
(-0.201563 0.0168432 0)
(-0.202697 -0.00510134 0)
(-0.202315 -0.0271685 0)
(-0.200377 -0.0490847 0)
(-0.196839 -0.0705535 0)
(-0.191656 -0.0912486 0)
(-0.184789 -0.110808 0)
(-0.176212 -0.128831 0)
(-0.165926 -0.144874 0)
(-0.153967 -0.158459 0)
(-0.140428 -0.169073 0)
(-0.125467 -0.176188 0)
(-0.109328 -0.179278 0)
(-0.092351 -0.177843 0)
(-0.0749842 -0.171442 0)
(-0.0577863 -0.159732 0)
(-0.0414233 -0.142501 0)
(-0.0266367 -0.119708 0)
(-0.0142062 -0.091507 0)
(-0.00513907 -0.0582639 0)
(-0.000799528 -0.0205993 0)
(-0.000787174 0.0227792 0)
(-0.0049705 0.0633418 0)
(-0.0136145 0.0983201 0)
(-0.0253616 0.127407 0)
(-0.0392377 0.15054 0)
(-0.0545233 0.167838 0)
(-0.0705615 0.179562 0)
(-0.0867829 0.186084 0)
(-0.102725 0.187843 0)
(-0.118026 0.185313 0)
(-0.132419 0.17898 0)
(-0.14571 0.169318 0)
(-0.157776 0.156773 0)
(-0.168539 0.141762 0)
(-0.177959 0.124663 0)
(-0.186022 0.105818 0)
(-0.192725 0.0855338 0)
(-0.198072 0.0640918 0)
(-0.202061 0.0417508 0)
(-0.204687 0.0187572 0)
(-0.20593 -0.00464613 0)
(-0.205758 -0.0282105 0)
(-0.204123 -0.0516712 0)
(-0.200967 -0.074738 0)
(-0.196224 -0.0970853 0)
(-0.189825 -0.118344 0)
(-0.18171 -0.138097 0)
(-0.171837 -0.155871 0)
(-0.160201 -0.171141 0)
(-0.146848 -0.183333 0)
(-0.131895 -0.191841 0)
(-0.115556 -0.196041 0)
(-0.0981523 -0.195321 0)
(-0.0801354 -0.189124 0)
(-0.0620918 -0.176985 0)
(-0.0447438 -0.158583 0)
(-0.0289167 -0.133787 0)
(-0.0154967 -0.102695 0)
(-0.00563561 -0.065657 0)
(-0.000884505 -0.0233261 0)
(-0.000854105 0.0254011 0)
(-0.00535646 0.0703629 0)
(-0.014605 0.108848 0)
(-0.0270852 0.140556 0)
(-0.0417023 0.165477 0)
(-0.057652 0.183815 0)
(-0.0742148 0.195938 0)
(-0.0907836 0.202331 0)
(-0.106882 0.203546 0)
(-0.122156 0.200162 0)
(-0.136357 0.192755 0)
(-0.149328 0.181875 0)
(-0.160979 0.16803 0)
(-0.171276 0.151678 0)
(-0.180219 0.133228 0)
(-0.187832 0.113039 0)
(-0.194146 0.0914277 0)
(-0.199194 0.0686713 0)
(-0.202998 0.0450214 0)
(-0.205569 0.0207116 0)
(-0.206897 -0.00403135 0)
(-0.206951 -0.0289762 0)
(-0.205679 -0.0538751 0)
(-0.20301 -0.0784517 0)
(-0.198852 -0.10239 0)
(-0.193106 -0.125321 0)
(-0.185672 -0.146818 0)
(-0.176459 -0.166382 0)
(-0.165408 -0.183448 0)
(-0.15251 -0.197378 0)
(-0.137827 -0.20748 0)
(-0.121525 -0.213022 0)
(-0.103894 -0.213265 0)
(-0.0853748 -0.207506 0)
(-0.0665747 -0.195132 0)
(-0.0482711 -0.175681 0)
(-0.0313804 -0.148901 0)
(-0.0169118 -0.114808 0)
(-0.00618781 -0.0737197 0)
(-0.000980851 -0.0263211 0)
(-0.000930665 0.0282321 0)
(-0.00578975 0.0778986 0)
(-0.0157002 0.120069 0)
(-0.0289579 0.154452 0)
(-0.0443236 0.181109 0)
(-0.0608933 0.200356 0)
(-0.0778793 0.212694 0)
(-0.0946384 0.21875 0)
(-0.110688 0.219213 0)
(-0.12569 0.214786 0)
(-0.139431 0.20615 0)
(-0.151797 0.193937 0)
(-0.162751 0.178719 0)
(-0.172308 0.161 0)
(-0.180519 0.141217 0)
(-0.187451 0.119743 0)
(-0.193177 0.0968939 0)
(-0.197763 0.0729425 0)
(-0.201258 0.048125 0)
(-0.203692 0.0226549 0)
(-0.205068 -0.0032647 0)
(-0.20536 -0.0294279 0)
(-0.204511 -0.0556124 0)
(-0.202436 -0.081565 0)
(-0.199022 -0.106988 0)
(-0.194135 -0.131523 0)
(-0.187629 -0.154743 0)
(-0.179362 -0.176132 0)
(-0.16921 -0.195088 0)
(-0.157093 -0.210914 0)
(-0.143004 -0.222826 0)
(-0.127042 -0.229974 0)
(-0.109447 -0.231473 0)
(-0.0906319 -0.226447 0)
(-0.0712101 -0.214099 0)
(-0.0520106 -0.193782 0)
(-0.0340473 -0.165087 0)
(-0.0184705 -0.127912 0)
(-0.00680588 -0.0825174 0)
(-0.00109099 -0.0296161 0)
(-0.00102016 0.0313002 0)
(-0.00628556 0.0860071 0)
(-0.0169313 0.132039 0)
(-0.0310205 0.169123 0)
(-0.0471375 0.197415 0)
(-0.0642621 0.217377 0)
(-0.0815331 0.229683 0)
(-0.0982755 0.235137 0)
(-0.114011 0.234594 0)
(-0.128436 0.228902 0)
(-0.141385 0.21886 0)
(-0.152807 0.205192 0)
(-0.162726 0.188537 0)
(-0.171222 0.169443 0)
(-0.178402 0.148368 0)
(-0.184388 0.125695 0)
(-0.189296 0.101737 0)
(-0.19323 0.07675 0)
(-0.196271 0.0509494 0)
(-0.19847 0.0245208 0)
(-0.199846 -0.00236395 0)
(-0.200378 -0.029533 0)
(-0.200008 -0.0567984 0)
(-0.198638 -0.0839404 0)
(-0.196134 -0.11069 0)
(-0.192329 -0.136712 0)
(-0.187029 -0.161588 0)
(-0.180031 -0.1848 0)
(-0.171141 -0.205715 0)
(-0.160194 -0.223583 0)
(-0.147096 -0.23753 0)
(-0.131857 -0.246579 0)
(-0.11464 -0.249676 0)
(-0.0958068 -0.245747 0)
(-0.0759586 -0.233765 0)
(-0.0559648 -0.21285 0)
(-0.0369404 -0.182377 0)
(-0.0201969 -0.142078 0)
(-0.00750343 -0.0921257 0)
(-0.00121823 -0.0332487 0)
(-0.00112733 0.034643 0)
(-0.00686519 0.0947644 0)
(-0.0183413 0.144832 0)
(-0.0333265 0.184598 0)
(-0.0501884 0.214354 0)
(-0.0677715 0.234758 0)
(-0.0851384 0.246707 0)
(-0.101592 0.251226 0)
(-0.116678 0.24937 0)
(-0.130145 0.242156 0)
(-0.1419 0.230516 0)
(-0.151969 0.215273 0)
(-0.160458 0.197129 0)
(-0.16752 0.176672 0)
(-0.173331 0.15438 0)
(-0.17807 0.130634 0)
(-0.181903 0.105734 0)
(-0.184975 0.0799157 0)
(-0.187398 0.0533637 0)
(-0.189248 0.0262283 0)
(-0.19056 -0.0013582 0)
(-0.191324 -0.0292662 0)
(-0.191482 -0.0573513 0)
(-0.190926 -0.0854372 0)
(-0.189504 -0.113296 0)
(-0.187014 -0.140627 0)
(-0.183219 -0.167037 0)
(-0.177851 -0.192018 0)
(-0.170636 -0.214923 0)
(-0.161314 -0.234956 0)
(-0.149683 -0.251161 0)
(-0.135639 -0.262429 0)
(-0.119239 -0.267523 0)
(-0.100759 -0.265131 0)
(-0.08076 -0.253952 0)
(-0.0601315 -0.232808 0)
(-0.0400881 -0.200786 0)
(-0.0221234 -0.157383 0)
(-0.00829908 -0.102634 0)
(-0.00136722 -0.0372654 0)
(-0.00125915 0.0383115 0)
(-0.00755861 0.104271 0)
(-0.0199881 0.158536 0)
(-0.035945 0.200906 0)
(-0.0535279 0.231864 0)
(-0.071426 0.252333 0)
(-0.0886292 0.263502 0)
(-0.104437 0.266673 0)
(-0.118445 0.263141 0)
(-0.130483 0.254118 0)
(-0.140558 0.240678 0)
(-0.148797 0.223745 0)
(-0.155401 0.204083 0)
(-0.160611 0.182311 0)
(-0.164677 0.158914 0)
(-0.16784 0.134264 0)
(-0.170319 0.108639 0)
(-0.1723 0.0822425 0)
(-0.173927 0.0552211 0)
(-0.175301 0.0276823 0)
(-0.176476 -0.000288662 0)
(-0.177452 -0.028612 0)
(-0.178174 -0.0571959 0)
(-0.178533 -0.085917 0)
(-0.178359 -0.1146 0)
(-0.177424 -0.142995 0)
(-0.175445 -0.170748 0)
(-0.172095 -0.197379 0)
(-0.167013 -0.222248 0)
(-0.159836 -0.244531 0)
(-0.150233 -0.263201 0)
(-0.13796 -0.277019 0)
(-0.12293 -0.284555 0)
(-0.105293 -0.284228 0)
(-0.0855226 -0.274405 0)
(-0.0644997 -0.25353 0)
(-0.043525 -0.22031 0)
(-0.0242932 -0.17391 0)
(-0.00921899 -0.114148 0)
(-0.00154469 -0.0417244 0)
(-0.00142596 0.0423753 0)
(-0.00840857 0.11466 0)
(-0.0219508 0.173262 0)
(-0.0389632 0.218069 0)
(-0.0572103 0.24984 0)
(-0.0752089 0.269866 0)
(-0.0918895 0.279715 0)
(-0.106581 0.281035 0)
(-0.118969 0.275409 0)
(-0.129003 0.264262 0)
(-0.136821 0.248822 0)
(-0.142678 0.230109 0)
(-0.146886 0.208937 0)
(-0.149784 0.185943 0)
(-0.151702 0.161605 0)
(-0.152943 0.136273 0)
(-0.153778 0.110191 0)
(-0.154431 0.0835207 0)
(-0.155077 0.0563635 0)
(-0.155841 0.0287766 0)
(-0.156794 0.000791724 0)
(-0.15795 -0.0275676 0)
(-0.159262 -0.0562689 0)
(-0.160619 -0.0852512 0)
(-0.161846 -0.114403 0)
(-0.162694 -0.143538 0)
(-0.162844 -0.172362 0)
(-0.161913 -0.200445 0)
(-0.159457 -0.227176 0)
(-0.155002 -0.25173 0)
(-0.148074 -0.273031 0)
(-0.138261 -0.289726 0)
(-0.125289 -0.300187 0)
(-0.109127 -0.30254 0)
(-0.0901056 -0.294758 0)
(-0.0690411 -0.274815 0)
(-0.047292 -0.240911 0)
(-0.0267652 -0.191743 0)
(-0.0103007 -0.126801 0)
(-0.00176067 -0.0467007 0)
(-0.00164364 0.0469321 0)
(-0.00947674 0.126109 0)
(-0.0243357 0.189147 0)
(-0.0424874 0.23609 0)
(-0.0612821 0.268114 0)
(-0.079057 0.287018 0)
(-0.0947171 0.294868 0)
(-0.107674 0.293742 0)
(-0.117758 0.285552 0)
(-0.125091 0.27196 0)
(-0.129982 0.254343 0)
(-0.132834 0.233801 0)
(-0.134091 0.211183 0)
(-0.134192 0.187121 0)
(-0.133546 0.162069 0)
(-0.13252 0.136337 0)
(-0.131425 0.110123 0)
(-0.130519 0.0835388 0)
(-0.130005 0.05663 0)
(-0.130025 0.029399 0)
(-0.130668 0.00181997 0)
(-0.13196 -0.0261441 0)
(-0.133866 -0.0545251 0)
(-0.136284 -0.0833306 0)
(-0.139037 -0.112523 0)
(-0.141871 -0.141992 0)
(-0.144443 -0.171524 0)
(-0.146324 -0.20076 0)
(-0.147 -0.229151 0)
(-0.145886 -0.255905 0)
(-0.142358 -0.279932 0)
(-0.135809 -0.299795 0)
(-0.125736 -0.313681 0)
(-0.11186 -0.319409 0)
(-0.0942894 -0.314503 0)
(-0.0736952 -0.296354 0)
(-0.0514344 -0.262496 0)
(-0.0296195 -0.21097 0)
(-0.0115991 -0.140756 0)
(-0.00203067 -0.0522942 0)
(-0.00193728 0.05212 0)
(-0.0108536 0.138855 0)
(-0.027286 0.206348 0)
(-0.046639 0.25493 0)
(-0.0657583 0.286412 0)
(-0.0828177 0.303303 0)
(-0.0967638 0.30832 0)
(-0.107174 0.30406 0)
(-0.114104 0.292811 0)
(-0.117909 0.276472 0)
(-0.119107 0.256553 0)
(-0.118279 0.234208 0)
(-0.116003 0.210287 0)
(-0.112822 0.185392 0)
(-0.109215 0.159928 0)
(-0.105598 0.134147 0)
(-0.102316 0.108188 0)
(-0.09965 0.0820989 0)
(-0.0978159 0.0558684 0)
(-0.0969718 0.0294393 0)
(-0.0972169 0.0027266 0)
(-0.0985921 -0.0243684 0)
(-0.101077 -0.051943 0)
(-0.104583 -0.0800771 0)
(-0.108947 -0.108812 0)
(-0.113922 -0.138127 0)
(-0.119161 -0.167903 0)
(-0.124211 -0.197879 0)
(-0.128505 -0.227604 0)
(-0.131363 -0.25636 0)
(-0.132015 -0.283094 0)
(-0.129643 -0.306334 0)
(-0.123473 -0.324122 0)
(-0.112907 -0.333978 0)
(-0.0977266 -0.332932 0)
(-0.0783383 -0.317678 0)
(-0.0559928 -0.284885 0)
(-0.0329645 -0.231667 0)
(-0.0131964 -0.156222 0)
(-0.00237954 -0.0586423 0)
(-0.00234803 0.0581396 0)
(-0.0126746 0.153216 0)
(-0.030991 0.225031 0)
(-0.0515395 0.274463 0)
(-0.0705739 0.304289 0)
(-0.0861708 0.318018 0)
(-0.0974398 0.319205 0)
(-0.104251 0.311059 0)
(-0.106985 0.296266 0)
(-0.106304 0.276945 0)
(-0.102973 0.254698 0)
(-0.0977626 0.230686 0)
(-0.0913875 0.205717 0)
(-0.0844762 0.180326 0)
(-0.0775641 0.15484 0)
(-0.071095 0.129435 0)
(-0.0654289 0.104174 0)
(-0.0608512 0.0790375 0)
(-0.0575815 0.0539518 0)
(-0.0557802 0.0288005 0)
(-0.0555531 0.00344135 0)
(-0.0569525 -0.0222828 0)
(-0.0599747 -0.0485321 0)
(-0.0645545 -0.0754567 0)
(-0.0705548 -0.103179 0)
(-0.077753 -0.131773 0)
(-0.0858239 -0.161227 0)
(-0.0943201 -0.191406 0)
(-0.102653 -0.221986 0)
(-0.11008 -0.252379 0)
(-0.115704 -0.281633 0)
(-0.118503 -0.308316 0)
(-0.117402 -0.330395 0)
(-0.111411 -0.345138 0)
(-0.0998603 -0.349073 0)
(-0.0827275 -0.33809 0)
(-0.060981 -0.307751 0)
(-0.0369429 -0.253882 0)
(-0.015218 -0.173466 0)
(-0.00284862 -0.0659406 0)
(-0.00294589 0.0652891 0)
(-0.0151449 0.169606 0)
(-0.0356917 0.245342 0)
(-0.0572681 0.294389 0)
(-0.0754892 0.321027 0)
(-0.0884944 0.330151 0)
(-0.0957618 0.326367 0)
(-0.0976297 0.313573 0)
(-0.0949318 0.294836 0)
(-0.0886997 0.272436 0)
(-0.0799761 0.247994 0)
(-0.0697166 0.22261 0)
(-0.0587475 0.196992 0)
(-0.0477564 0.171563 0)
(-0.0373009 0.146543 0)
(-0.0278243 0.12201 0)
(-0.0196744 0.0979433 0)
(-0.0131199 0.0742519 0)
(-0.00836525 0.0507985 0)
(-0.00556112 0.0274126 0)
(-0.00481131 0.00390101 0)
(-0.00617586 -0.0199441 0)
(-0.00966971 -0.0443378 0)
(-0.0152569 -0.069493 0)
(-0.0228398 -0.0956088 0)
(-0.0322428 -0.122851 0)
(-0.0431899 -0.151326 0)
(-0.0552774 -0.181038 0)
(-0.0679415 -0.211828 0)
(-0.080426 -0.243288 0)
(-0.0917571 -0.274645 0)
(-0.10074 -0.304606 0)
(-0.106 -0.33118 0)
(-0.106101 -0.351487 0)
(-0.0997899 -0.361602 0)
(-0.0863957 -0.356546 0)
(-0.0663324 -0.330523 0)
(-0.0417316 -0.27758 0)
(-0.0178568 -0.19283 0)
(-0.00350913 -0.0744782 0)
(-0.0038536 0.0740248 0)
(-0.0185784 0.188563 0)
(-0.0416683 0.267319 0)
(-0.0637599 0.314089 0)
(-0.0799058 0.335474 0)
(-0.0886362 0.338252 0)
(-0.0901171 0.328287 0)
(-0.0853846 0.310182 0)
(-0.0758527 0.287299 0)
(-0.0629723 0.261962 0)
(-0.0480542 0.235695 0)
(-0.0322025 0.209444 0)
(-0.0163063 0.183749 0)
(-0.00106073 0.158875 0)
(0.0130017 0.134907 0)
(0.0254787 0.111809 0)
(0.0360683 0.0894703 0)
(0.0445445 0.0677304 0)
(0.0507383 0.0463955 0)
(0.0545239 0.0252494 0)
(0.0558092 0.00405926 0)
(0.0545317 -0.0174209 0)
(0.0506581 -0.0394471 0)
(0.0441898 -0.0622819 0)
(0.0351728 -0.0861878 0)
(0.0237156 -0.111415 0)
(0.0100135 -0.138182 0)
(-0.00561698 -0.166641 0)
(-0.0226945 -0.196819 0)
(-0.0405208 -0.228539 0)
(-0.0581248 -0.261286 0)
(-0.0742165 -0.294031 0)
(-0.087173 -0.324982 0)
(-0.0951023 -0.351293 0)
(-0.096055 -0.368742 0)
(-0.0884599 -0.371508 0)
(-0.0717805 -0.352218 0)
(-0.0475161 -0.302545 0)
(-0.02141 -0.214734 0)
(-0.00448688 -0.0846983 0)
(-0.00528973 0.0850673 0)
(-0.0234467 0.210732 0)
(-0.0491674 0.290714 0)
(-0.0705709 0.332366 0)
(-0.0825205 0.345812 0)
(-0.0845314 0.340287 0)
(-0.077911 0.323034 0)
(-0.0646476 0.299243 0)
(-0.0468279 0.272377 0)
(-0.0263103 0.244606 0)
(-0.00460753 0.217205 0)
(0.0171142 0.190851 0)
(0.037988 0.165844 0)
(0.0573867 0.142253 0)
(0.0748649 0.120005 0)
(0.0901098 0.0989464 0)
(0.102903 0.0788811 0)
(0.113088 0.0595858 0)
(0.120554 0.0408232 0)
(0.125212 0.0223458 0)
(0.126995 0.0038974 0)
(0.125842 -0.0147888 0)
(0.121705 -0.0339915 0)
(0.114547 -0.0540029 0)
(0.104356 -0.0751289 0)
(0.091154 -0.0976847 0)
(0.0750286 -0.121984 0)
(0.0561646 -0.148317 0)
(0.0348965 -0.176905 0)
(0.0117761 -0.20783 0)
(-0.0123413 -0.240909 0)
(-0.0362013 -0.275503 0)
(-0.0580607 -0.310221 0)
(-0.0756522 -0.342517 0)
(-0.0862949 -0.368168 0)
(-0.0872779 -0.380728 0)
(-0.0766016 -0.371175 0)
(-0.0543946 -0.328164 0)
(-0.0263211 -0.239649 0)
(-0.00600593 -0.0973045 0)
(-0.00763817 0.0995742 0)
(-0.030412 0.236765 0)
(-0.0581596 0.314609 0)
(-0.0763643 0.34701 0)
(-0.080687 0.349249 0)
(-0.0725891 0.333506 0)
(-0.055066 0.308282 0)
(-0.0312533 0.279011 0)
(-0.00388787 0.248905 0)
(0.0248913 0.219707 0)
(0.0535267 0.192252 0)
(0.0809381 0.166841 0)
(0.106404 0.143475 0)
(0.129462 0.122 0)
(0.149823 0.102188 0)
(0.167315 0.0837764 0)
(0.181838 0.0664977 0)
(0.193332 0.0500852 0)
(0.201758 0.0342767 0)
(0.20708 0.0188132 0)
(0.20926 0.00343439 0)
(0.208249 -0.0121263 0)
(0.203986 -0.0281479 0)
(0.196399 -0.0449282 0)
(0.185412 -0.0627894 0)
(0.170956 -0.082082 0)
(0.152988 -0.103185 0)
(0.131526 -0.126496 0)
(0.106696 -0.152411 0)
(0.0788106 -0.181271 0)
(0.0484698 -0.213263 0)
(0.0167072 -0.248243 0)
(-0.0148377 -0.285431 0)
(-0.0437452 -0.322925 0)
(-0.0667352 -0.356972 0)
(-0.0798489 -0.381007 0)
(-0.0790814 -0.384628 0)
(-0.0620922 -0.353006 0)
(-0.0331902 -0.267948 0)
(-0.00845515 -0.113427 0)
(-0.0115155 0.119369 0)
(-0.0401964 0.266937 0)
(-0.0676369 0.336669 0)
(-0.0778162 0.354169 0)
(-0.0692849 0.341714 0)
(-0.0467604 0.314455 0)
(-0.0153752 0.281536 0)
(0.0206366 0.247963 0)
(0.0581488 0.216176 0)
(0.0950476 0.187164 0)
(0.130001 0.161148 0)
(0.162223 0.137973 0)
(0.191289 0.117326 0)
(0.216999 0.0988429 0)
(0.23929 0.0821606 0)
(0.258171 0.0669405 0)
(0.273684 0.0528727 0)
(0.285879 0.0396739 0)
(0.2948 0.0270821 0)
(0.300468 0.0148494 0)
(0.302881 0.00273346 0)
(0.302005 -0.00951027 0)
(0.297772 -0.0221379 0)
(0.290081 -0.0354264 0)
(0.2788 -0.0496834 0)
(0.263769 -0.0652582 0)
(0.244812 -0.0825506 0)
(0.221762 -0.102019 0)
(0.194498 -0.124177 0)
(0.163011 -0.14958 0)
(0.127509 -0.178765 0)
(0.0885829 -0.212124 0)
(0.0474517 -0.24965 0)
(0.00628077 -0.29044 0)
(-0.0314672 -0.331837 0)
(-0.0608157 -0.368042 0)
(-0.0754403 -0.388157 0)
(-0.0691915 -0.374053 0)
(-0.0425797 -0.29945 0)
(-0.0124372 -0.134824 0)
(-0.0176309 0.147269 0)
(-0.0527439 0.300136 0)
(-0.0737213 0.351771 0)
(-0.0673923 0.347541 0)
(-0.0388506 0.317753 0)
(0.0027198 0.279354 0)
(0.0501761 0.240731 0)
(0.0987745 0.205415 0)
(0.145637 0.174475 0)
(0.189191 0.147863 0)
(0.228696 0.125097 0)
(0.263897 0.105578 0)
(0.294803 0.0887235 0)
(0.321559 0.0740219 0)
(0.344362 0.0610365 0)
(0.363416 0.0494004 0)
(0.378909 0.0388038 0)
(0.391 0.0289808 0)
(0.399806 0.019697 0)
(0.405406 0.0107387 0)
(0.407829 0.00190232 0)
(0.40706 -0.00701487 0)
(0.403032 -0.0162249 0)
(0.395624 -0.0259595 0)
(0.384663 -0.036482 0)
(0.369916 -0.0481012 0)
(0.351094 -0.0611878 0)
(0.327859 -0.0761932 0)
(0.29984 -0.0936694 0)
(0.266672 -0.114285 0)
(0.228079 -0.138824 0)
(0.184009 -0.168147 0)
(0.1349 -0.203034 0)
(0.0820873 -0.243827 0)
(0.0284291 -0.289606 0)
(-0.0209264 -0.336561 0)
(-0.0577787 -0.375078 0)
(-0.0711954 -0.385377 0)
(-0.0540325 -0.332313 0)
(-0.0185609 -0.164155 0)
(-0.025674 0.187848 0)
(-0.064238 0.331409 0)
(-0.0651047 0.349392 0)
(-0.0291779 0.317295 0)
(0.0271697 0.2708 0)
(0.0906871 0.225023 0)
(0.153779 0.185266 0)
(0.212622 0.152418 0)
(0.265626 0.125745 0)
(0.31241 0.10412 0)
(0.35318 0.086469 0)
(0.388381 0.0718945 0)
(0.418524 0.0596894 0)
(0.4441 0.0493062 0)
(0.465549 0.0403223 0)
(0.483242 0.0324078 0)
(0.497481 0.0253004 0)
(0.508502 0.0187859 0)
(0.51648 0.012683 0)
(0.521529 0.00683151 0)
(0.523706 0.00108223 0)
(0.523009 -0.00471158 0)
(0.51938 -0.010703 0)
(0.512695 -0.0170608 0)
(0.502761 -0.0239803 0)
(0.489309 -0.0316969 0)
(0.471979 -0.040504 0)
(0.450318 -0.050777 0)
(0.42376 -0.0630043 0)
(0.391636 -0.0778289 0)
(0.35319 -0.0960971 0)
(0.307649 -0.118906 0)
(0.254399 -0.147612 0)
(0.193355 -0.183715 0)
(0.12568 -0.228362 0)
(0.0550441 -0.280948 0)
(-0.0104764 -0.335803 0)
(-0.0561905 -0.375831 0)
(-0.0629152 -0.360555 0)
(-0.026156 -0.205625 0)
(-0.0292228 0.244813 0)
(-0.0583025 0.345095 0)
(-0.0132821 0.310261 0)
(0.0679733 0.25061 0)
(0.155667 0.195525 0)
(0.237767 0.151431 0)
(0.310188 0.118044 0)
(0.372222 0.0931283 0)
(0.424663 0.0744088 0)
(0.468776 0.0601161 0)
(0.505822 0.0489819 0)
(0.536896 0.0401195 0)
(0.562905 0.0329104 0)
(0.584575 0.0269185 0)
(0.602481 0.0218309 0)
(0.617073 0.0174173 0)
(0.628697 0.0135032 0)
(0.637615 0.0099516 0)
(0.644015 0.00665032 0)
(0.648021 0.00350282 0)
(0.6497 0.000420994 0)
(0.649061 -0.00268095 0)
(0.646057 -0.00589228 0)
(0.640578 -0.00931201 0)
(0.632444 -0.0130564 0)
(0.621398 -0.0172689 0)
(0.60708 -0.0221338 0)
(0.589012 -0.027896 0)
(0.566563 -0.0348908 0)
(0.53891 -0.0435891 0)
(0.504997 -0.0546655 0)
(0.463491 -0.0691008 0)
(0.412785 -0.0883231 0)
(0.351114 -0.114373 0)
(0.277026 -0.149962 0)
(0.190548 -0.197947 0)
(0.095364 -0.259141 0)
(0.0038201 -0.326542 0)
(-0.0518383 -0.367206 0)
(-0.0278782 -0.261532 0)
(0.0108433 0.285005 0)
(0.025046 0.299014 0)
(0.148317 0.213905 0)
(0.278985 0.145896 0)
(0.384826 0.100366 0)
(0.468029 0.0706154 0)
(0.533524 0.0512209 0)
(0.585239 0.0383404 0)
(0.626425 0.0294935 0)
(0.65958 0.0231799 0)
(0.686525 0.0185034 0)
(0.708566 0.014919 0)
(0.726657 0.0120854 0)
(0.741496 0.00978167 0)
(0.753599 0.00785937 0)
(0.763353 0.0062148 0)
(0.771046 0.00477261 0)
(0.776889 0.00347559 0)
(0.781031 0.00227819 0)
(0.783574 0.00114204 0)
(0.78457 3.26625e-05 0)
(0.784032 -0.00108319 0)
(0.781927 -0.00224005 0)
(0.778179 -0.00347647 0)
(0.772656 -0.00483824 0)
(0.765165 -0.00638295 0)
(0.755433 -0.00818647 0)
(0.743081 -0.0103531 0)
(0.72759 -0.0130318 0)
(0.708246 -0.0164443 0)
(0.68406 -0.0209328 0)
(0.653644 -0.0270473 0)
(0.615037 -0.0357031 0)
(0.565468 -0.0484641 0)
(0.5012 -0.0679997 0)
(0.417564 -0.0986344 0)
(0.308682 -0.146669 0)
(0.171223 -0.219416 0)
(0.0382227 -0.309648 0)
(0.0165523 -0.294945 0)
(0.302075 0.146414 0)
(0.400778 0.127365 0)
(0.563266 0.0753777 0)
(0.681049 0.0430496 0)
(0.751357 0.025344 0)
(0.796432 0.0156015 0)
(0.827698 0.0101541 0)
(0.850356 0.00700297 0)
(0.867361 0.00507829 0)
(0.880511 0.00382672 0)
(0.890901 0.00296243 0)
(0.899227 0.00233325 0)
(0.905952 0.00185435 0)
(0.911395 0.00147591 0)
(0.915783 0.00116697 0)
(0.91928 0.000907188 0)
(0.922005 0.00068249 0)
(0.924046 0.000482579 0)
(0.925462 0.000299494 0)
(0.926295 0.000126683 0)
(0.926566 -4.1643e-05 0)
(0.92628 -0.000211022 0)
(0.925425 -0.000387216 0)
(0.923972 -0.000576694 0)
(0.92187 -0.000787267 0)
(0.919042 -0.00102898 0)
(0.915378 -0.00131545 0)
(0.910724 -0.00166611 0)
(0.904864 -0.00211016 0)
(0.897487 -0.00269382 0)
(0.888144 -0.00349481 0)
(0.876153 -0.00465188 0)
(0.860442 -0.00642749 0)
(0.839231 -0.0093409 0)
(0.809527 -0.0144359 0)
(0.765999 -0.0237711 0)
(0.696964 -0.0412976 0)
(0.578696 -0.0742115 0)
(0.411356 -0.127995 0)
(0.30679 -0.148218 0)
)
;

boundaryField
{
    movingWall
    {
        type            fixedValue;
        value           uniform (1 0 0);
    }
    fixedWalls
    {
        type            noSlip;
    }
    frontAndBack
    {
        type            empty;
    }
}


// ************************************************************************* //
