/*--------------------------------*- C++ -*----------------------------------*\
  =========                 |
  \\      /  F ield         | OpenFOAM: The Open Source CFD Toolbox
   \\    /   O peration     | Website:  https://openfoam.org
    \\  /    A nd           | Version:  7
     \\/     M anipulation  |
\*---------------------------------------------------------------------------*/
FoamFile
{
    version     2.0;
    format      ascii;
    class       volScalarField;
    location    "0.1";
    object      p;
}
// * * * * * * * * * * * * * * * * * * * * * * * * * * * * * * * * * * * * * //

dimensions      [0 2 -2 0 0 0 0];

internalField   nonuniform List<scalar> 
6400
(
-1.73712e-08
1.00489e-05
-0.000497566
-0.00153479
-0.00298131
-0.00472351
-0.0066606
-0.00870347
-0.0107757
-0.0128127
-0.0147599
-0.0165719
-0.0182109
-0.0196455
-0.0208505
-0.0218059
-0.0224957
-0.0229082
-0.0230347
-0.0228702
-0.0224121
-0.0216609
-0.020619
-0.0192911
-0.0176834
-0.015804
-0.0136626
-0.0112704
-0.00864
-0.00578515
-0.00272079
0.000537248
0.00397217
0.00756623
0.0113009
0.015157
0.0191148
0.0231539
0.0272534
0.031392
0.0355479
0.0396996
0.0438249
0.0479017
0.0519081
0.0558221
0.0596225
0.063288
0.0667979
0.070132
0.0732712
0.0761972
0.0788927
0.0813418
0.0835299
0.0854442
0.0870734
0.0884085
0.0894424
0.0901704
0.0905907
0.0907041
0.0905145
0.090029
0.0892586
0.0882177
0.0869254
0.0854055
0.0836871
0.0818051
0.0798006
0.0777224
0.0756272
0.0735814
0.0716618
0.0699561
0.0685603
0.0675777
0.0671143
0.0671517
-1.16784e-05
-1.31138e-05
-0.000474453
-0.00136445
-0.00258284
-0.00404849
-0.00568563
-0.00742281
-0.00919524
-0.0109465
-0.0126274
-0.0141962
-0.0156171
-0.0168604
-0.0179013
-0.0187198
-0.0193001
-0.01963
-0.0197005
-0.0195058
-0.0190424
-0.0183099
-0.0173098
-0.0160456
-0.0145228
-0.0127483
-0.0107307
-0.00848002
-0.00600761
-0.00332614
-0.000449327
0.0026082
0.00583084
0.00920203
0.0127045
0.0163204
0.0200313
0.023818
0.0276609
0.03154
0.0354351
0.0393259
0.0431917
0.0470117
0.0507655
0.0544328
0.0579936
0.0614281
0.0647171
0.067842
0.0707852
0.0735298
0.07606
0.0783613
0.0804205
0.0822261
0.0837683
0.0850392
0.0860328
0.0867455
0.0871764
0.087327
0.0872021
0.0868091
0.0861591
0.0852667
0.0841505
0.0828338
0.0813442
0.0797147
0.0779837
0.0761955
0.0744013
0.0726587
0.0710327
0.0695939
0.0684147
0.0675693
0.0671505
0.0671888
0.000482507
0.00042414
-4.04845e-05
-0.000863798
-0.00195882
-0.00326119
-0.00471033
-0.0062468
-0.00781555
-0.0093675
-0.0108586
-0.0122508
-0.0135114
-0.0146122
-0.0155297
-0.0162447
-0.0167415
-0.017008
-0.0170354
-0.0168173
-0.0163503
-0.0156329
-0.014666
-0.0134526
-0.0119973
-0.0103063
-0.00838739
-0.00624961
-0.00390349
-0.00136074
0.00136596
0.00426291
0.00731541
0.0105079
0.0138242
0.0172476
0.0207605
0.0243449
0.0279821
0.0316535
0.0353399
0.039022
0.0426803
0.0462952
0.0498475
0.0533179
0.0566878
0.0599385
0.063052
0.0660109
0.0687986
0.0713996
0.073799
0.0759835
0.077941
0.079661
0.0811347
0.0823549
0.0833166
0.0840168
0.0844552
0.0846339
0.0845579
0.0842347
0.0836753
0.082894
0.0819088
0.0807418
0.0794191
0.0779714
0.0764341
0.0748476
0.0732572
0.0717136
0.0702721
0.0689914
0.0679303
0.0671483
0.0667304
0.0667274
0.00148571
0.0012815
0.00074788
-7.71509e-05
-0.00112762
-0.00234999
-0.0036928
-0.0051059
-0.00654244
-0.00795917
-0.00931755
-0.0105833
-0.0117264
-0.0127211
-0.0135457
-0.0141819
-0.0146148
-0.0148328
-0.014827
-0.0145914
-0.0141223
-0.0134181
-0.0124791
-0.0113079
-0.00990855
-0.00828666
-0.00644932
-0.00440503
-0.00216356
0.000264185
0.00286634
0.00562999
0.0085412
0.0115853
0.014747
0.0180105
0.021359
0.0247754
0.0282421
0.0317412
0.0352546
0.0387639
0.0422505
0.0456959
0.0490818
0.0523901
0.0556027
0.0587022
0.0616714
0.0644941
0.0671545
0.0696379
0.0719304
0.0740195
0.075894
0.0775442
0.0789619
0.0801405
0.0810756
0.0817647
0.0822078
0.0824073
0.0823681
0.0820976
0.0816064
0.0809082
0.0800201
0.078963
0.077761
0.0764424
0.0750395
0.0735886
0.0721301
0.0707083
0.0693708
0.0681675
0.0671484
0.0663645
0.0658834
0.0657483
0.00289367
0.00246815
0.00180993
0.000935029
-0.000120671
-0.00131184
-0.00259523
-0.00392912
-0.00527353
-0.0065915
-0.00784936
-0.00901676
-0.0100667
-0.010976
-0.0117247
-0.012296
-0.0126761
-0.0128539
-0.012821
-0.0125716
-0.0121021
-0.0114108
-0.0104979
-0.00936546
-0.00801721
-0.00645822
-0.00469508
-0.00273578
-0.000589467
0.00173375
0.00422268
0.00686506
0.00964775
0.0125569
0.0155781
0.0186962
0.0218952
0.025159
0.0284708
0.0318136
0.0351701
0.0385227
0.0418538
0.0451459
0.0483815
0.0515432
0.054614
0.0575771
0.0604165
0.0631167
0.0656627
0.0680405
0.0702371
0.0722407
0.0740408
0.0756283
0.0769955
0.0781364
0.0790469
0.0797249
0.0801706
0.0803863
0.0803768
0.0801492
0.0797136
0.0790828
0.0782731
0.0773034
0.0761961
0.0749768
0.0736747
0.0723221
0.0709546
0.0696105
0.0683305
0.0671565
0.0661313
0.0652983
0.0646981
0.0643529
0.00461024
0.00391487
0.00309013
0.0021253
0.00102359
-0.000177831
-0.00144197
-0.00273474
-0.00402281
-0.00527468
-0.00646136
-0.00755641
-0.00853609
-0.0093795
-0.0100688
-0.0105887
-0.0109268
-0.0110728
-0.011019
-0.0107598
-0.0102918
-0.00961337
-0.0087248
-0.00762793
-0.006326
-0.00482383
-0.00312767
-0.00124497
0.000815778
0.00304498
0.005432
0.00796526
0.0106324
0.0134203
0.0163151
0.0193024
0.0223672
0.0254939
0.0286667
0.0318694
0.0350852
0.0382975
0.0414896
0.0446446
0.047746
0.0507769
0.0537213
0.0565632
0.0592872
0.0618786
0.0643232
0.0666074
0.068719
0.0706469
0.0723811
0.0739129
0.0752351
0.0763421
0.07723
0.0778968
0.0783428
0.0785703
0.0785835
0.0783894
0.0779971
0.0774189
0.0766694
0.075766
0.0747291
0.0735818
0.0723499
0.071062
0.0697492
0.0684444
0.0671818
0.0659965
0.064925
0.0640037
0.0632423
0.0626366
0.00654764
0.00555472
0.00453399
0.00344796
0.00226645
0.0010201
-0.000259589
-0.00154482
-0.00280846
-0.0040239
-0.00516642
-0.00621339
-0.00714417
-0.00794046
-0.00858631
-0.00906823
-0.00937498
-0.00949741
-0.00942863
-0.00916356
-0.008699
-0.00803364
-0.00716773
-0.00610297
-0.00484257
-0.0033911
-0.00175446
6.03479e-05
0.00204528
0.00419121
0.00648802
0.00892473
0.0114896
0.0141703
0.0169534
0.0198252
0.0227714
0.0257773
0.0288275
0.0319066
0.0349986
0.0380875
0.0411574
0.0441923
0.047176
0.0500925
0.0529264
0.0556625
0.058286
0.0607827
0.063139
0.0653419
0.0673798
0.0692419
0.0709189
0.0724022
0.0736851
0.0747619
0.0756292
0.076285
0.0767293
0.0769641
0.0769935
0.0768236
0.076463
0.0759228
0.0752164
0.0743595
0.0733702
0.0722691
0.0710792
0.0698255
0.0685348
0.0672353
0.0659555
0.0647242
0.063573
0.0625323
0.0615799
0.0606851
0.00862844
0.00732407
0.00608843
0.00485818
0.00357076
0.00225187
0.000928636
-0.000376959
-0.0016429
-0.00284719
-0.00396903
-0.00498917
-0.00588991
-0.00665559
-0.00727232
-0.00772826
-0.00801345
-0.00811997
-0.00804173
-0.00777431
-0.007315
-0.00666276
-0.00581794
-0.00478224
-0.00355885
-0.00215228
-0.000568124
0.001187
0.00310538
0.00517822
0.0073959
0.00974804
0.0122235
0.0148102
0.0174956
0.0202664
0.023109
0.0260093
0.0289526
0.0319239
0.0349081
0.0378898
0.0408538
0.0437844
0.0466662
0.0494839
0.0522225
0.0548674
0.0574045
0.0598199
0.0621005
0.0642338
0.0662086
0.0680146
0.0696425
0.0710843
0.0723331
0.0733837
0.0742325
0.0748774
0.0753182
0.0755566
0.0755961
0.0754423
0.0751029
0.0745879
0.0739093
0.073081
0.0721191
0.071042
0.0698698
0.0686241
0.067328
0.0660053
0.0646798
0.0633747
0.0621177
0.0609345
0.0597718
0.0585734
0.0107867
0.00916666
0.00770485
0.00631379
0.00490118
0.00348826
0.00209887
0.000750237
-0.000540216
-0.00175456
-0.0028756
-0.00388718
-0.00477444
-0.00552403
-0.00612415
-0.00656467
-0.00683711
-0.00693458
-0.0068518
-0.00658524
-0.00613278
-0.00549357
-0.00466818
-0.00365857
-0.00246799
-0.00110077
0.000437701
0.00214095
0.00400149
0.00601094
0.00816014
0.0104391
0.0128372
0.0153427
0.0179436
0.0206273
0.0233806
0.02619
0.0290413
0.0319201
0.0348117
0.0377017
0.040575
0.0434166
0.0462116
0.0489451
0.0516029
0.0541707
0.0566348
0.0589817
0.0611986
0.0632735
0.0651955
0.0669544
0.0685414
0.0699482
0.0711683
0.0721965
0.0730289
0.0736635
0.0740995
0.0743383
0.0743828
0.0742379
0.0739105
0.0734094
0.072745
0.0719299
0.0709781
0.0699057
0.0687302
0.0674704
0.0661459
0.0647767
0.0633823
0.0619815
0.060599
0.0592566
0.0578719
0.056365
0.0129673
0.0110329
0.00933907
0.0077765
0.00622435
0.00470098
0.00322769
0.00181761
0.000484287
-0.000757867
-0.00189495
-0.0029137
-0.00380173
-0.00454787
-0.00514243
-0.0055769
-0.00584415
-0.00593844
-0.00585557
-0.0055927
-0.00514819
-0.00452167
-0.00371411
-0.00272768
-0.00156565
-0.000232315
0.00126697
0.00292585
0.00473705
0.00669252
0.00878347
0.0110003
0.0133326
0.0157692
0.0182985
0.0209084
0.0235862
0.0263188
0.0290924
0.0318932
0.0347072
0.0375201
0.0403175
0.0430849
0.0458075
0.0484713
0.0510622
0.0535664
0.0559704
0.058261
0.0604259
0.0624533
0.0643324
0.0660533
0.067607
0.0689856
0.0701823
0.071192
0.0720106
0.0726356
0.0730661
0.0733028
0.073348
0.073206
0.0728826
0.0723855
0.0717238
0.0709084
0.0699517
0.0688675
0.067671
0.0663784
0.0650062
0.0635714
0.0620896
0.060576
0.059053
0.05754
0.055927
0.0541126
0.0151241
0.0128798
0.0109522
0.00921097
0.00750903
0.00586281
0.00429184
0.00280566
0.00141452
0.000129789
-0.00103738
-0.00207644
-0.00297735
-0.00373104
-0.00432951
-0.00476596
-0.00503461
-0.00513085
-0.0050515
-0.0047945
-0.00435874
-0.00374437
-0.00295281
-0.00198648
-0.000848752
0.000456038
0.00192251
0.00354435
0.00531446
0.0072251
0.00926776
0.011433
0.0137109
0.0160905
0.0185607
0.0211097
0.0237253
0.0263945
0.0291044
0.0318414
0.034592
0.0373422
0.040078
0.0427853
0.0454497
0.0480575
0.0505951
0.0530487
0.0554052
0.0576516
0.0597759
0.0617663
0.0636123
0.0653039
0.0668322
0.0681891
0.069368
0.0703633
0.0711708
0.0717876
0.0722124
0.0724452
0.0724878
0.0723436
0.0720176
0.0715162
0.0708473
0.0700202
0.0690456
0.0679357
0.0667033
0.0653623
0.0639267
0.0624105
0.0608265
0.0591869
0.0575126
0.0558212
0.0539775
0.0518598
0.0172181
0.0146703
0.0125093
0.0105853
0.0087265
0.00694825
0.00526889
0.00369501
0.00223412
0.000894848
-0.000314148
-0.00138453
-0.0023084
-0.00307875
-0.00368925
-0.00413446
-0.00440996
-0.00451243
-0.00443958
-0.00418998
-0.00376326
-0.00316021
-0.00238265
-0.0014332
-0.0003154
0.000966199
0.0024061
0.0039981
0.00573529
0.00761008
0.00961409
0.0117382
0.0139725
0.0163067
0.0187299
0.0212305
0.0237968
0.026416
0.0290756
0.0317626
0.0344636
0.037165
0.0398531
0.042514
0.0451339
0.0476993
0.0501966
0.0526124
0.0549336
0.0571476
0.0592423
0.0612063
0.0630288
0.0646999
0.0662105
0.0675526
0.0687192
0.0697046
0.0705043
0.0711148
0.0715342
0.0717621
0.0717997
0.0716494
0.0713153
0.0708028
0.0701183
0.0692699
0.0682669
0.0671194
0.0658387
0.0644364
0.0629243
0.0613142
0.0596165
0.0578407
0.0560071
0.0541326
0.0520578
0.0496425
0.0192165
0.0163722
0.0139795
0.0118707
0.00985047
0.00793343
0.00613755
0.00446704
0.00292674
0.00152318
0.000262963
-0.000847788
-0.00180317
-0.00259773
-0.00322676
-0.0036863
-0.00397325
-0.00408532
-0.00402102
-0.00377978
-0.00336205
-0.00276915
-0.00200319
-0.00106713
3.51422e-05
0.00129885
0.00271848
0.00428786
0.00600018
0.00784788
0.0098227
0.0119157
0.0141173
0.0164174
0.0188054
0.0212699
0.0237993
0.0263815
0.029004
0.0316543
0.0343192
0.0369853
0.0396392
0.0422673
0.0448561
0.0473921
0.049862
0.0522524
0.0545504
0.0567436
0.0588199
0.0607677
0.0625763
0.0642357
0.0657365
0.0670707
0.068231
0.0692114
0.0700068
0.0706134
0.0710286
0.0712515
0.0712825
0.0711233
0.070777
0.0702477
0.0695409
0.0686634
0.067623
0.0664284
0.0650891
0.063615
0.0620159
0.0603017
0.0584811
0.0565615
0.0545631
0.0525023
0.0501975
0.0474909
0.021091
0.0179569
0.0153353
0.0130409
0.0108564
0.00879597
0.00687738
0.00510315
0.0034761
0.00200062
0.00068142
-0.000477069
-0.00147068
-0.00229553
-0.00294845
-0.00342685
-0.00372873
-0.00385278
-0.00379843
-0.00356604
-0.00315672
-0.00257224
-0.00181515
-0.000888858
0.000202403
0.00145369
0.00285941
0.00441339
0.00610879
0.00793805
0.00989301
0.0119649
0.0141444
0.0164215
0.0187858
0.0212261
0.023731
0.0262887
0.0288872
0.0315138
0.0341558
0.0367999
0.0394328
0.0420414
0.0446122
0.0471317
0.0495868
0.0519642
0.054251
0.0564348
0.0585036
0.0604457
0.06225
0.0639065
0.0654057
0.0667392
0.0678995
0.0688801
0.0696753
0.0702809
0.0706938
0.0709124
0.0709363
0.0707664
0.0704047
0.0698545
0.0691201
0.0682072
0.0671223
0.0658727
0.0644665
0.0629119
0.0612174
0.0593913
0.0574405
0.0553714
0.0532041
0.0509553
0.0484221
0.0454302
0.0228167
0.0193995
0.0165517
0.0140719
0.0117214
0.00951438
0.00746885
0.00558558
0.0038659
0.0023125
0.000928359
-0.000283645
-0.00132082
-0.00218081
-0.00286179
-0.0033624
-0.0036817
-0.00381931
-0.00377569
-0.00355198
-0.00314988
-0.00257168
-0.00182045
-0.000900072
0.000184915
0.00142941
0.00282771
0.00437353
0.00605991
0.00787932
0.00982368
0.0118844
0.0140522
0.0163173
0.0186692
0.021097
0.0235896
0.0261354
0.0287224
0.0313382
0.0339702
0.0366052
0.0392304
0.0418325
0.0443982
0.046914
0.0493668
0.0517434
0.0540309
0.0562169
0.0582892
0.0602358
0.0620457
0.0637083
0.0652143
0.0665547
0.0677216
0.068708
0.0695077
0.070116
0.0705292
0.0707449
0.0707621
0.0705807
0.0702017
0.0696276
0.0688617
0.0679085
0.0667735
0.0654628
0.0639831
0.0623412
0.0605444
0.0586
0.0565137
0.0542905
0.0519514
0.0495134
0.0467536
0.0434818
0.0243716
0.0206773
0.0176064
0.0149417
0.0124243
0.0100686
0.00789295
0.00589683
0.00408014
0.00244421
0.000990546
-0.000279371
-0.00136419
-0.00226298
-0.00297509
-0.00350024
-0.00383849
-0.00399052
-0.00395772
-0.00374188
-0.00334524
-0.00277075
-0.00202206
-0.00110346
-1.97388e-05
0.00122382
0.00262131
0.00416622
0.00585149
0.00766964
0.00961269
0.0116721
0.0138386
0.0161023
0.018453
0.02088
0.0233722
0.0259183
0.0285064
0.0311241
0.0337588
0.0363978
0.0390282
0.0416368
0.0442101
0.0467349
0.0491979
0.0515859
0.0538861
0.0560858
0.0581726
0.0601343
0.0619597
0.0636379
0.0651593
0.0665145
0.0676951
0.0686934
0.0695029
0.0701181
0.0705349
0.0707502
0.0707619
0.0705691
0.0701721
0.0695722
0.0687721
0.0677752
0.0665859
0.0652093
0.0636508
0.0619162
0.060012
0.0579444
0.0557181
0.0533376
0.0508244
0.0481964
0.0452116
0.0416641
0.0257359
0.0217697
0.0184787
0.0156299
0.0129451
0.0104394
0.0081315
0.00601983
0.00410292
0.00238103
0.000854496
-0.000476512
-0.00161201
-0.00255217
-0.00329739
-0.00384841
-0.00420639
-0.00437303
-0.00435038
-0.00414087
-0.00374744
-0.00317374
-0.00242393
-0.00150259
-0.000414785
0.0008339
0.00223724
0.00378855
0.00548072
0.00730632
0.00925736
0.0113252
0.0135005
0.0157736
0.0181342
0.0205719
0.0230758
0.0256343
0.0282357
0.0308677
0.033518
0.0361738
0.0388223
0.0414502
0.044044
0.0465903
0.049076
0.0514879
0.0538127
0.0560378
0.0581502
0.0601379
0.061989
0.0636926
0.0652384
0.0666167
0.0678183
0.0688353
0.0696604
0.0702877
0.0707122
0.0709301
0.0709384
0.0707354
0.0703206
0.0696944
0.0688585
0.0678157
0.0665692
0.065123
0.0634818
0.0616505
0.0596347
0.05744
0.0550705
0.0525297
0.0498406
0.0470221
0.0438133
0.0399934
0.0268916
0.0226577
0.0191491
0.0161173
0.0132652
0.0106086
0.00816698
0.00593774
0.00391843
0.0021083
0.000506544
-0.000887861
-0.00207599
-0.003059
-0.00383833
-0.00441582
-0.00479364
-0.00497421
-0.00496027
-0.00475501
-0.00436215
-0.0037859
-0.00303081
-0.00210178
-0.00100428
0.00025571
0.00167171
0.00323691
0.0049442
0.00678604
0.00875431
0.0108403
0.0130346
0.0153277
0.0177094
0.0201694
0.0226965
0.0252794
0.0279064
0.0305654
0.033244
0.0359294
0.0386088
0.0412687
0.0438957
0.0464764
0.0489975
0.0514455
0.0538072
0.0560693
0.058219
0.0602435
0.062131
0.0638701
0.0654498
0.0668598
0.0680906
0.0691336
0.0699809
0.070626
0.0710631
0.0712875
0.0712954
0.0710843
0.0706528
0.0700007
0.0691288
0.0680388
0.0667331
0.065215
0.0634883
0.0615573
0.0594268
0.0571021
0.0545865
0.0518833
0.0490166
0.0460067
0.0425744
0.0384842
0.0278219
0.0233235
0.0195992
0.0163854
0.0133662
0.0105583
0.00798208
0.00563412
0.00351105
0.00161115
-6.73815e-05
-0.00152649
-0.00276819
-0.00379465
-0.00460841
-0.00521224
-0.0056091
-0.00580213
-0.00579487
-0.00559135
-0.00519592
-0.00461321
-0.00384817
-0.0029062
-0.0017932
-0.000515512
0.000920222
0.0025071
0.00423784
0.00610472
0.00809946
0.0102132
0.0124368
0.0147606
0.0171746
0.0196682
0.0222303
0.0248496
0.0275145
0.0302129
0.0329325
0.0356603
0.0383834
0.0410882
0.0437613
0.0463892
0.0489584
0.0514552
0.053866
0.0561773
0.0583758
0.0604487
0.0623836
0.0641686
0.065792
0.0672432
0.0685118
0.0695887
0.0704655
0.0711348
0.0715901
0.0718257
0.0718372
0.071621
0.0711752
0.0704986
0.0695912
0.0684539
0.0670883
0.0654968
0.0636828
0.0616498
0.0594025
0.0569453
0.0542813
0.0514137
0.0483678
0.0451656
0.0415097
0.0371498
0.0285108
0.0237502
0.0198116
0.0164165
0.0132306
0.0102713
0.00755996
0.00509264
0.00286501
0.000874492
-0.000881484
-0.00240571
-0.00370113
-0.004771
-0.00561874
-0.00624792
-0.00666223
-0.00686565
-0.00686258
-0.00665773
-0.00625595
-0.00566232
-0.00488231
-0.00392186
-0.00278729
-0.00148516
-2.22773e-05
0.00159424
0.00335686
0.00525763
0.00728816
0.00943963
0.0117028
0.0140682
0.0165254
0.0190639
0.0216727
0.0243405
0.0270556
0.029806
0.0325792
0.0353621
0.0381417
0.0409043
0.0436366
0.0463247
0.0489549
0.0515133
0.0539857
0.0563585
0.0586181
0.0607512
0.0627449
0.0645867
0.0662643
0.0677664
0.0690821
0.0702017
0.071116
0.0718168
0.0722966
0.072549
0.0725688
0.0723517
0.0718947
0.071196
0.0702547
0.0690709
0.0676454
0.0659801
0.0640777
0.0619416
0.0595756
0.0569841
0.0541699
0.0511359
0.0479092
0.0445133
0.0406328
0.0360026
0.0289429
0.0239215
0.0197694
0.0161934
0.012841
0.00973042
0.00688392
0.00429693
0.00196443
-0.000116803
-0.00195013
-0.00353924
-0.00488799
-0.00600049
-0.00688094
-0.00753369
-0.00796326
-0.00817451
-0.00817255
-0.00796263
-0.00755012
-0.00694068
-0.00614036
-0.00515558
-0.00399293
-0.0026592
-0.00116149
0.000492768
0.00229579
0.00423946
0.00631532
0.00851452
0.0108278
0.0132453
0.0157569
0.0183518
0.0210191
0.0237474
0.026525
0.0293399
0.0321794
0.0350302
0.0378793
0.040713
0.0435175
0.0462791
0.0489833
0.0516161
0.0541631
0.0566102
0.0589434
0.061149
0.0632133
0.0651233
0.0668661
0.0684297
0.0698026
0.0709742
0.0719347
0.0726749
0.0731865
0.0734622
0.073496
0.0732829
0.0728189
0.0721015
0.0711288
0.0699001
0.0684158
0.0666771
0.0646862
0.0624461
0.0599603
0.057233
0.0542668
0.0510647
0.0476554
0.044064
0.0399571
0.0350548
0.0291027
0.0238211
0.0194559
0.0156993
0.0121805
0.00891874
0.00593712
0.00323058
0.000793479
-0.00137804
-0.00328815
-0.00494135
-0.00634235
-0.00749596
-0.00840715
-0.00908111
-0.00952325
-0.00973915
-0.00973453
-0.00951518
-0.00908709
-0.00845659
-0.00763023
-0.00661475
-0.00541707
-0.00404428
-0.00250386
-0.000803558
0.00104862
0.00304444
0.00517537
0.00743244
0.00980622
0.0122868
0.0148639
0.0175267
0.0202643
0.0230653
0.0259179
0.0288098
0.0317283
0.03466
0.0375917
0.0405097
0.0433999
0.0462481
0.0490398
0.0517603
0.0543951
0.0569296
0.0593493
0.06164
0.0637874
0.0657776
0.0675972
0.0692335
0.0706744
0.0719083
0.0729244
0.0737128
0.0742643
0.0745708
0.0746253
0.074422
0.0739562
0.0732242
0.0722235
0.0709526
0.0694113
0.0676003
0.0655215
0.0631772
0.060571
0.0577068
0.054587
0.0512149
0.0476209
0.0438319
0.039496
0.0343184
0.0289747
0.0234328
0.0188544
0.0149172
0.0112321
0.0078192
0.00470272
0.00187709
-0.00066395
-0.00292496
-0.00491082
-0.00662679
-0.00807825
-0.00927077
-0.0102102
-0.0109025
-0.0113539
-0.0115706
-0.0115589
-0.0113252
-0.0108763
-0.0102191
-0.00936037
-0.00830737
-0.00706732
-0.00564774
-0.00405649
-0.00230159
-0.000391213
0.00166628
0.00386219
0.00618739
0.00863227
0.0111868
0.0138407
0.0165831
0.019403
0.0222889
0.0252289
0.0282105
0.0312208
0.0342466
0.0372743
0.0402899
0.0432793
0.0462277
0.0491204
0.0519423
0.0546785
0.057314
0.0598337
0.0622226
0.0644659
0.066549
0.0684579
0.0701789
0.0716992
0.0730062
0.0740884
0.0749347
0.0755351
0.0758807
0.0759636
0.0757771
0.0753153
0.074574
0.0735496
0.07224
0.0706444
0.0687631
0.0665974
0.0641494
0.0614225
0.0584203
0.0551455
0.0516014
0.0478204
0.043831
0.0392627
0.0338054
0.0285437
0.0227405
0.0179484
0.0138302
0.00997853
0.00641466
0.00316376
0.000219725
-0.00242437
-0.00477373
-0.00683383
-0.00861061
-0.0101102
-0.011339
-0.0123035
-0.0130107
-0.0134674
-0.0136804
-0.0136566
-0.0134034
-0.0129279
-0.0122376
-0.0113398
-0.010242
-0.00895193
-0.00747755
-0.00582704
-0.00400864
-0.0020307
9.82247e-05
0.00236921
0.00477291
0.00729963
0.00993926
0.0126814
0.0155152
0.0184295
0.0214126
0.0244525
0.0275366
0.0306519
0.033785
0.0369221
0.0400491
0.0431513
0.0462138
0.0492214
0.0521587
0.0550104
0.0577608
0.0603943
0.0628952
0.0652479
0.0674373
0.0694484
0.0712669
0.0728788
0.0742709
0.0754303
0.0763452
0.0770046
0.0773986
0.0775185
0.0773564
0.0769057
0.0761611
0.0751182
0.0737744
0.0721281
0.0701791
0.0679283
0.0653775
0.0625298
0.0593891
0.0559579
0.0522398
0.048269
0.0440759
0.039271
0.0335284
0.0277941
0.0217276
0.0167207
0.0124209
0.00840254
0.0046878
0.00130293
-0.00175873
-0.00450475
-0.00694089
-0.00907322
-0.0109084
-0.0124533
-0.0137151
-0.0147013
-0.0154193
-0.0158765
-0.0160807
-0.0160396
-0.0157609
-0.0152526
-0.0145224
-0.0135781
-0.0124278
-0.0110798
-0.00954221
-0.0078236
-0.00593243
-0.00387729
-0.00166698
0.000689337
0.00318215
0.00580165
0.0085377
0.0113798
0.0143169
0.0173378
0.0204306
0.0235831
0.0267827
0.0300162
0.0332701
0.0365303
0.0397824
0.0430114
0.0462021
0.0493389
0.052406
0.0553876
0.0582673
0.061029
0.0636561
0.0661325
0.0684422
0.0705694
0.0724988
0.0742155
0.0757052
0.076954
0.0779491
0.0786786
0.0791315
0.0792979
0.0791691
0.0787375
0.0779966
0.0769415
0.0755687
0.073876
0.0718627
0.0695292
0.066877
0.0639091
0.0606292
0.0570402
0.0531459
0.0489824
0.0445818
0.0395351
0.0335006
0.0267097
0.0203775
0.015154
0.0106718
0.00648637
0.00262082
-0.000897597
-0.00407597
-0.00692247
-0.00944342
-0.0116456
-0.0135363
-0.0151233
-0.0164145
-0.017418
-0.018142
-0.0185947
-0.0187845
-0.01872
-0.0184095
-0.0178613
-0.0170838
-0.0160854
-0.0148747
-0.0134602
-0.0118506
-0.0100547
-0.00808116
-0.00593892
-0.00363703
-0.00118488
0.0014079
0.0041314
0.00697538
0.00992921
0.0129818
0.0161215
0.0193366
0.0226146
0.0259429
0.0293081
0.0326964
0.0360936
0.0394849
0.042855
0.0461883
0.049469
0.0526808
0.0558071
0.058831
0.0617357
0.064504
0.067119
0.0695637
0.0718216
0.0738763
0.0757118
0.0773126
0.0786641
0.0797521
0.0805638
0.0810869
0.0813106
0.0812249
0.0808213
0.0800923
0.0790322
0.0776366
0.0759027
0.0738292
0.071416
0.0686643
0.0655769
0.0621577
0.0584096
0.0543366
0.049977
0.0453646
0.0400702
0.0337359
0.0252738
0.0186727
0.0132307
0.00856484
0.00421171
0.000195262
-0.00345615
-0.00675012
-0.00969538
-0.0122989
-0.0145681
-0.0165112
-0.0181365
-0.0194528
-0.0204687
-0.0211934
-0.0216358
-0.0218052
-0.0217107
-0.0213612
-0.0207657
-0.0199331
-0.0188724
-0.0175927
-0.0161029
-0.0144121
-0.0125292
-0.0104634
-0.00822386
-0.00581995
-0.00326117
-0.000557306
0.00228163
0.00524527
0.00832279
0.011503
0.0147741
0.0181242
0.0215409
0.0250113
0.0285219
0.0320585
0.0356067
0.0391515
0.0426772
0.0461681
0.0496078
0.0529793
0.0562657
0.0594493
0.0625126
0.0654376
0.0682067
0.070802
0.0732059
0.075401
0.0773702
0.079097
0.0805653
0.0817601
0.082667
0.083273
0.0835657
0.0835341
0.0831685
0.0824606
0.0814037
0.0799925
0.0782235
0.0760946
0.0736053
0.0707565
0.0675508
0.0639923
0.0600838
0.0558298
0.0512703
0.0464413
0.0408926
0.0342494
0.0234691
0.0165953
0.0109322
0.00608127
0.00155957
-0.0026079
-0.00639168
-0.00979989
-0.012842
-0.0155256
-0.0178588
-0.0198505
-0.0215098
-0.0228461
-0.0238691
-0.0245886
-0.0250145
-0.0251567
-0.0250249
-0.0246287
-0.0239778
-0.0230818
-0.0219502
-0.0205925
-0.019018
-0.0172361
-0.0152563
-0.013088
-0.0107407
-0.00822399
-0.00554749
-0.00272114
0.000244878
0.00334004
0.00655339
0.00987355
0.0132888
0.016787
0.0203557
0.0239818
0.0276514
0.0313505
0.035064
0.0387769
0.0424733
0.046137
0.049751
0.053298
0.0567602
0.0601195
0.0633574
0.0664555
0.069395
0.0721573
0.0747235
0.0770751
0.0791939
0.0810622
0.0826627
0.0839791
0.0849959
0.0856983
0.086073
0.0861077
0.0857915
0.085115
0.0840705
0.0826518
0.0808546
0.078676
0.0761149
0.073172
0.0698497
0.066152
0.062082
0.0576442
0.052881
0.04783
0.0420197
0.0350576
0.0212771
0.0141265
0.00823937
0.00320147
-0.00148974
-0.00580832
-0.00972377
-0.0132448
-0.0163816
-0.0191424
-0.021536
-0.0235721
-0.0252604
-0.0266114
-0.0276355
-0.0283434
-0.0287458
-0.0288532
-0.0286761
-0.028225
-0.0275102
-0.0265418
-0.0253301
-0.0238847
-0.0222156
-0.0203326
-0.0182455
-0.0159641
-0.0134982
-0.0108575
-0.00805192
-0.00509145
-0.00198651
0.00125224
0.00461371
0.00808648
0.0116587
0.0153182
0.0190524
0.0228478
0.0266906
0.0305663
0.0344599
0.0383559
0.0422382
0.0460902
0.0498944
0.0536328
0.0572873
0.0608388
0.0642683
0.0675564
0.0706835
0.0736298
0.0763754
0.0789006
0.081186
0.0832126
0.0849619
0.0864161
0.0875581
0.088372
0.0888429
0.0889573
0.088703
0.0880694
0.0870478
0.0856308
0.0838132
0.0815914
0.0789637
0.0759303
0.0724935
0.0686572
0.0644246
0.0598004
0.0548291
0.0495503
0.0434704
0.0361784
0.0186789
0.0112463
0.0051319
-9.49046e-05
-0.00495668
-0.00942653
-0.0134729
-0.0171053
-0.0203344
-0.0231691
-0.0256191
-0.0276946
-0.0294067
-0.0307663
-0.0317849
-0.032474
-0.0328451
-0.0329095
-0.0326786
-0.0321637
-0.0313757
-0.0303255
-0.0290236
-0.0274804
-0.0257063
-0.0237116
-0.0215064
-0.019101
-0.0165052
-0.013729
-0.0107826
-0.00767616
-0.00442025
-0.00102567
0.00249644
0.00613461
0.00987693
0.0137111
0.0176242
0.0216029
0.025633
0.0296999
0.0337885
0.0378829
0.0419667
0.0460228
0.0500334
0.05398
0.0578435
0.0616045
0.0652431
0.068739
0.0720715
0.0752198
0.0781629
0.0808799
0.08335
0.0855529
0.0874686
0.0890779
0.0903621
0.0913037
0.0918865
0.0920954
0.0919168
0.091339
0.0903519
0.0889469
0.0871179
0.0848604
0.0821719
0.0790523
0.0755036
0.0715296
0.0671335
0.0623202
0.0571363
0.0516237
0.0452652
0.0376313
0.0156543
0.00793425
0.00158874
-0.00382917
-0.00886273
-0.0134841
-0.0176608
-0.0214026
-0.0247212
-0.0276262
-0.030128
-0.0322378
-0.0339675
-0.0353291
-0.0363348
-0.0369972
-0.0373285
-0.037341
-0.037047
-0.0364586
-0.0355875
-0.0344451
-0.0330425
-0.0313908
-0.0295008
-0.0273832
-0.0250488
-0.0225077
-0.0197703
-0.0168469
-0.0137477
-0.0104832
-0.00706401
-0.00350111
0.000194379
0.00401091
0.00793652
0.0119588
0.0160647
0.0202406
0.0244724
0.0287453
0.0330439
0.0373522
0.0416534
0.04593
0.0501636
0.0543353
0.0584254
0.0624137
0.0662796
0.0700017
0.0735584
0.0769277
0.0800874
0.0830153
0.0856894
0.0880877
0.0901889
0.091972
0.0934166
0.0945038
0.0952155
0.0955351
0.0954477
0.0949398
0.0940001
0.0926188
0.0907884
0.0885036
0.0857612
0.0825605
0.078903
0.0747927
0.0702323
0.0652271
0.059826
0.054073
0.0474266
0.0394376
0.0121821
0.00416847
-0.00241225
-0.00802383
-0.0132306
-0.0180038
-0.0223098
-0.026159
-0.029564
-0.0325351
-0.0350837
-0.0372219
-0.0389626
-0.0403187
-0.0413034
-0.0419302
-0.0422124
-0.0421634
-0.0417964
-0.0411241
-0.040159
-0.0389133
-0.0373988
-0.0356271
-0.0336097
-0.0313577
-0.028882
-0.0261934
-0.0233024
-0.0202194
-0.0169552
-0.0135202
-0.00992525
-0.00618128
-0.00229949
0.00170853
0.00583073
0.0100546
0.0143671
0.0187545
0.0232025
0.0276963
0.0322204
0.0367583
0.041293
0.0458066
0.0502803
0.0546946
0.0590293
0.0632635
0.0673754
0.0713431
0.0751436
0.0787537
0.0821502
0.0853095
0.088208
0.0908223
0.0931293
0.0951062
0.0967311
0.097983
0.0988422
0.0992904
0.0993109
0.0988887
0.0980108
0.096666
0.0948456
0.0925432
0.0897547
0.0864787
0.0827164
0.0784714
0.0737464
0.0685467
0.0629236
0.0569232
0.0499788
0.0416208
0.00824003
-7.40161e-05
-0.00689457
-0.0127027
-0.0180842
-0.0230095
-0.0274436
-0.031398
-0.0348858
-0.0379185
-0.0405083
-0.0426684
-0.0444125
-0.0457548
-0.0467095
-0.0472911
-0.0475142
-0.0473931
-0.046942
-0.0461744
-0.0451037
-0.0437429
-0.0421045
-0.0402009
-0.0380438
-0.035645
-0.0330157
-0.0301669
-0.0271097
-0.0238547
-0.0204128
-0.0167947
-0.0130111
-0.0090731
-0.0049919
-0.000779152
0.00355306
0.00799221
0.0125252
0.0171384
0.0218174
0.0265472
0.0313122
0.0360956
0.0408803
0.0456478
0.050379
0.0550539
0.0596517
0.0641507
0.0685284
0.0727615
0.0768263
0.0806983
0.0843529
0.0877651
0.0909098
0.0937619
0.0962964
0.0984888
0.100315
0.101753
0.10278
0.103376
0.103523
0.103204
0.102404
0.10111
0.0993121
0.097003
0.0941774
0.090833
0.0869705
0.0825931
0.0777033
0.0723066
0.0664565
0.0602016
0.0529485
0.0442062
0.00380439
-0.00481761
-0.0118831
-0.0178908
-0.0234487
-0.0285262
-0.0330873
-0.0371441
-0.040711
-0.0438002
-0.0464249
-0.0485995
-0.0503387
-0.0516579
-0.0525726
-0.0530986
-0.0532516
-0.0530468
-0.0524995
-0.0516243
-0.0504355
-0.0489469
-0.0471718
-0.0451233
-0.0428136
-0.0402548
-0.0374588
-0.034437
-0.0312006
-0.0277606
-0.024128
-0.0203137
-0.0163284
-0.0121831
-0.00788924
-0.0034584
0.00109736
0.00576555
0.0105332
0.0153865
0.0203113
0.0252923
0.0303137
0.0353588
0.0404099
0.0454485
0.050455
0.055409
0.0602889
0.0650724
0.069736
0.0742555
0.078606
0.0827618
0.0866969
0.0903848
0.0937987
0.0969119
0.0996973
0.102128
0.104179
0.105825
0.107042
0.107808
0.108102
0.107904
0.1072
0.105973
0.104212
0.101909
0.099056
0.0956512
0.0916939
0.0871871
0.0821329
0.0765367
0.0704548
0.0639378
0.0563645
0.0472218
-0.00114992
-0.0100881
-0.0174041
-0.0236147
-0.0293507
-0.0345806
-0.0392673
-0.0434238
-0.0470653
-0.0502051
-0.0528577
-0.0550384
-0.0567634
-0.0580494
-0.0589133
-0.0593721
-0.0594426
-0.0591414
-0.0584848
-0.0574885
-0.056168
-0.054538
-0.0526125
-0.0504052
-0.0479291
-0.0451966
-0.0422203
-0.0390118
-0.0355827
-0.0319444
-0.0281077
-0.0240836
-0.0198832
-0.0155173
-0.0109974
-0.00633497
-0.00154201
0.00336911
0.00838549
0.0134935
0.0186788
0.0239262
0.0292198
0.0345427
0.0398771
0.0452041
0.050504
0.0557558
0.0609373
0.0660254
0.0709958
0.0758233
0.0804818
0.0849444
0.0891836
0.0931714
0.0968791
0.100278
0.103339
0.106034
0.108334
0.110213
0.111644
0.112602
0.113065
0.113011
0.112421
0.111279
0.109571
0.107288
0.10442
0.100963
0.0969178
0.0922852
0.0870674
0.0812697
0.0749509
0.068164
0.0602585
0.0506981
-0.00664947
-0.0159129
-0.0234855
-0.0299026
-0.0358187
-0.0412012
-0.0460118
-0.0502646
-0.0539757
-0.0571596
-0.059832
-0.0620096
-0.0637102
-0.0649517
-0.0657526
-0.0661312
-0.0661057
-0.065694
-0.0649138
-0.063782
-0.0623152
-0.0605289
-0.0584382
-0.0560573
-0.0534
-0.0504794
-0.0473083
-0.043899
-0.0402632
-0.0364125
-0.0323578
-0.0281104
-0.0236811
-0.0190812
-0.0143216
-0.00941396
-0.00437003
0.000797982
0.00607731
0.0114545
0.0169151
0.0224441
0.0280256
0.0336425
0.0392771
0.0449102
0.0505218
0.0560904
0.0615934
0.0670068
0.0723055
0.0774634
0.0824532
0.0872466
0.0918147
0.0961276
0.100155
0.103866
0.10723
0.110215
0.112792
0.11493
0.116601
0.117777
0.118433
0.118545
0.118092
0.117055
0.115418
0.113169
0.110299
0.106802
0.102676
0.0979222
0.0925422
0.0865411
0.0799803
0.0729153
0.0646649
0.0546686
-0.0127224
-0.0223211
-0.0301571
-0.0367848
-0.0428831
-0.0484181
-0.0533508
-0.0576958
-0.0614708
-0.0646914
-0.0673746
-0.0695389
-0.0712035
-0.0723879
-0.0731122
-0.0733962
-0.0732597
-0.0727222
-0.0718027
-0.0705196
-0.0688904
-0.0669319
-0.0646599
-0.0620896
-0.0592355
-0.0561114
-0.0527305
-0.0491054
-0.0452483
-0.0411706
-0.0368837
-0.0323989
-0.027727
-0.0228791
-0.0178662
-0.0126996
-0.00739084
-0.00195195
0.0036045
0.00926516
0.0150159
0.0208417
0.0267267
0.032654
0.0386058
0.0445627
0.0505045
0.0564093
0.0622538
0.0680137
0.0736628
0.0791742
0.0845193
0.0896687
0.0945915
0.0992563
0.103631
0.107682
0.111376
0.114681
0.117563
0.119989
0.121928
0.12335
0.124226
0.12453
0.124238
0.123328
0.121782
0.119586
0.116729
0.113203
0.109005
0.104135
0.0985954
0.0923896
0.0855819
0.0782303
0.0696216
0.0591697
-0.0193987
-0.0293438
-0.0374507
-0.0442934
-0.050576
-0.0562637
-0.061316
-0.0657487
-0.069581
-0.0728298
-0.0755139
-0.0776532
-0.0792688
-0.0803819
-0.0810143
-0.0811878
-0.0809238
-0.0802436
-0.0791677
-0.0777158
-0.0759068
-0.0737585
-0.071288
-0.0685114
-0.0654439
-0.0620999
-0.0584932
-0.0546367
-0.0505428
-0.0462233
-0.0416896
-0.0369529
-0.0320243
-0.0269145
-0.0216344
-0.016195
-0.0106076
-0.00488388
0.000963751
0.00692224
0.0129777
0.0191154
0.0253196
0.0315736
0.0378595
0.044158
0.0504485
0.0567089
0.0629156
0.0690434
0.0750657
0.0809544
0.0866798
0.092211
0.0975157
0.10256
0.107311
0.111732
0.115788
0.119442
0.12266
0.125405
0.127644
0.129341
0.130467
0.130991
0.130885
0.130127
0.128695
0.126572
0.123745
0.120204
0.115944
0.110966
0.105269
0.0988572
0.0917978
0.084151
0.0751696
0.0642414
-0.0267105
-0.0370143
-0.0454004
-0.0524629
-0.0589322
-0.0647721
-0.0699413
-0.0744567
-0.0783388
-0.0816064
-0.0842798
-0.0863809
-0.0879326
-0.0889584
-0.0894821
-0.0895272
-0.0891175
-0.0882758
-0.0870244
-0.0853845
-0.0833766
-0.0810197
-0.0783322
-0.075331
-0.0720323
-0.0684511
-0.0646017
-0.0604973
-0.0561506
-0.0515737
-0.0467782
-0.041775
-0.0365753
-0.0311894
-0.0256281
-0.0199021
-0.0140222
-0.00799987
-0.00184713
0.00442333
0.010798
0.0172625
0.0238015
0.0303984
0.0370353
0.043693
0.0503509
0.0569865
0.063576
0.0700937
0.0765123
0.0828027
0.0889341
0.0948741
0.100589
0.106043
0.1112
0.116022
0.120472
0.124509
0.128096
0.131194
0.133765
0.135771
0.137179
0.137953
0.138065
0.137486
0.136193
0.134165
0.131387
0.127846
0.123537
0.118458
0.112608
0.10599
0.0986741
0.0907231
0.0813542
0.0699274
-0.0346922
-0.0453684
-0.0540428
-0.0613304
-0.0679888
-0.0739807
-0.0792634
-0.0838555
-0.0877789
-0.0910543
-0.0937038
-0.0957516
-0.0972229
-0.0981433
-0.0985391
-0.0984362
-0.0978602
-0.0968362
-0.0953882
-0.0935393
-0.0913115
-0.0887256
-0.0858009
-0.0825555
-0.0790065
-0.0751695
-0.0710594
-0.0666898
-0.0620738
-0.0572235
-0.0521505
-0.046866
-0.0413804
-0.0357042
-0.0298477
-0.0238212
-0.0176351
-0.0113006
-0.00482905
0.00176733
0.00847552
0.0152816
0.0221706
0.0291262
0.0361308
0.0431653
0.0502091
0.0572396
0.0642328
0.0711626
0.078001
0.084718
0.0912818
0.0976585
0.103812
0.109707
0.115302
0.120559
0.125436
0.129893
0.133885
0.137372
0.140311
0.142662
0.144386
0.145445
0.145806
0.145437
0.144311
0.142404
0.139696
0.136175
0.13183
0.12666
0.120662
0.113838
0.106261
0.0979968
0.0882245
0.0762756
-0.0433805
-0.0544445
-0.0634174
-0.070936
-0.0777861
-0.0839293
-0.0893218
-0.0939835
-0.0979382
-0.101209
-0.103819
-0.105797
-0.107169
-0.107963
-0.10821
-0.107937
-0.107172
-0.105942
-0.104274
-0.102193
-0.0997225
-0.096885
-0.0937013
-0.0901905
-0.0863706
-0.082258
-0.0778682
-0.0732153
-0.0683125
-0.0631722
-0.0578059
-0.0522244
-0.0464383
-0.0404574
-0.0342916
-0.0279509
-0.0214453
-0.0147852
-0.00798134
-0.0010454
0.00601026
0.0131723
0.0204262
0.0277561
0.0351448
0.0425734
0.0500214
0.0574665
0.0648843
0.0722485
0.0795306
0.0866997
0.0937228
0.100565
0.107188
0.113555
0.119622
0.125349
0.130691
0.135603
0.140039
0.143953
0.147301
0.150035
0.152115
0.153497
0.154143
0.154018
0.15309
0.151331
0.14872
0.145238
0.140875
0.135625
0.129485
0.122457
0.114615
0.106027
0.0958348
0.0833383
-0.0528149
-0.0642841
-0.0735671
-0.0813231
-0.0883678
-0.0946614
-0.100159
-0.104882
-0.108856
-0.112107
-0.114662
-0.116549
-0.1178
-0.118447
-0.11852
-0.118051
-0.117071
-0.11561
-0.113696
-0.111357
-0.108619
-0.105505
-0.102039
-0.0982397
-0.0941268
-0.0897175
-0.0850278
-0.0800725
-0.0748648
-0.0694172
-0.0637411
-0.057847
-0.0517452
-0.0454451
-0.0389563
-0.032288
-0.0254495
-0.0184507
-0.0113015
-0.00401278
0.00340384
0.0109357
0.0185689
0.0262882
0.0340769
0.0419166
0.049787
0.0576661
0.0655294
0.0733504
0.0811
0.0887469
0.096257
0.103594
0.110719
0.11759
0.124165
0.130399
0.136244
0.141652
0.146573
0.150957
0.154754
0.157916
0.160393
0.162139
0.163111
0.163268
0.162573
0.160995
0.158507
0.155089
0.150726
0.145411
0.139137
0.131906
0.123795
0.114875
0.104244
0.0911733
-0.0630385
-0.0749325
-0.0845385
-0.0925392
-0.0997814
-0.106224
-0.111821
-0.116595
-0.120576
-0.12379
-0.126269
-0.128044
-0.12915
-0.129621
-0.129493
-0.128801
-0.127577
-0.125855
-0.123667
-0.121043
-0.118009
-0.114593
-0.110817
-0.106705
-0.102275
-0.0975465
-0.0925357
-0.0872577
-0.0817262
-0.0759533
-0.0699503
-0.0637277
-0.057295
-0.0506614
-0.0438357
-0.0368265
-0.0296424
-0.0222921
-0.014785
-0.00713078
0.000659684
0.0085746
0.0166009
0.0247242
0.0329283
0.0411955
0.049506
0.057838
0.0661674
0.0744675
0.0827088
0.0908594
0.0988845
0.106746
0.114405
0.121816
0.128936
0.135715
0.142104
0.14805
0.1535
0.158399
0.162693
0.166328
0.169249
0.171404
0.172746
0.173227
0.172805
0.171444
0.169112
0.165785
0.161444
0.156079
0.149682
0.142251
0.133868
0.124605
0.113519
0.0998436
-0.0740978
-0.086439
-0.0963827
-0.104636
-0.112079
-0.118668
-0.124358
-0.129172
-0.133143
-0.136302
-0.138681
-0.140318
-0.141251
-0.141517
-0.141157
-0.140209
-0.138709
-0.136695
-0.1342
-0.131258
-0.127899
-0.12415
-0.120037
-0.115585
-0.110813
-0.105741
-0.100386
-0.0947644
-0.088889
-0.0827722
-0.076425
-0.0698574
-0.0630787
-0.0560973
-0.0489213
-0.0415582
-0.0340159
-0.026302
-0.0184248
-0.0103932
-0.00221672
0.00609373
0.0145262
0.0230671
0.0317013
0.0404118
0.0491795
0.0579831
0.0667987
0.0755998
0.0843567
0.0930372
0.101606
0.110023
0.118248
0.126236
0.133938
0.141303
0.148279
0.154809
0.160835
0.166298
0.171139
0.175297
0.178712
0.181328
0.183088
0.18394
0.183836
0.182733
0.180594
0.177389
0.173096
0.1677
0.161191
0.153566
0.144908
0.135293
0.123729
0.109419
-0.0860438
-0.0988576
-0.109156
-0.11767
-0.125317
-0.132051
-0.137824
-0.142665
-0.146608
-0.149688
-0.151942
-0.153411
-0.154138
-0.154165
-0.153538
-0.152297
-0.150485
-0.148142
-0.145305
-0.142011
-0.138292
-0.134178
-0.129698
-0.124876
-0.119734
-0.114293
-0.108571
-0.102583
-0.0963424
-0.0898624
-0.0831531
-0.0762243
-0.0690843
-0.0617409
-0.0542011
-0.0464717
-0.0385592
-0.0304701
-0.0222117
-0.0137913
-0.00521764
0.00349993
0.0123506
0.021322
0.0304001
0.0395688
0.04881
0.058103
0.0674244
0.0767479
0.0860442
0.0952805
0.104421
0.113425
0.122251
0.130851
0.139176
0.14717
0.154778
0.161939
0.168592
0.174672
0.180113
0.18485
0.188816
0.191947
0.19418
0.195456
0.195719
0.19492
0.193014
0.189968
0.185752
0.180349
0.173743
0.16593
0.156994
0.147017
0.134955
0.119975
-0.098932
-0.112248
-0.122919
-0.131705
-0.139558
-0.146433
-0.152281
-0.157132
-0.161025
-0.163999
-0.166096
-0.167363
-0.167847
-0.167597
-0.166661
-0.165087
-0.162922
-0.160209
-0.156991
-0.153306
-0.14919
-0.144676
-0.139794
-0.134571
-0.12903
-0.123192
-0.117077
-0.110699
-0.104072
-0.0972088
-0.0901194
-0.0828126
-0.0752961
-0.0675767
-0.0596602
-0.0515524
-0.0432583
-0.0347834
-0.0261333
-0.0173141
-0.00833288
0.000802329
0.0100822
0.0194959
0.0290305
0.0386714
0.0484013
0.0582005
0.0680464
0.0779132
0.087772
0.0975899
0.107331
0.116954
0.126415
0.135666
0.144653
0.153321
0.161609
0.169453
0.176786
0.183538
0.189638
0.195014
0.199592
0.203299
0.206066
0.207824
0.20851
0.208067
0.206443
0.203596
0.199492
0.194108
0.187423
0.17943
0.170217
0.159867
0.147285
0.131597
-0.112824
-0.126675
-0.137741
-0.146809
-0.154873
-0.161884
-0.167793
-0.172635
-0.176452
-0.179289
-0.181194
-0.182218
-0.182416
-0.181843
-0.180554
-0.1786
-0.176035
-0.172908
-0.169263
-0.165144
-0.16059
-0.155637
-0.150318
-0.144659
-0.138687
-0.132424
-0.125887
-0.119095
-0.112059
-0.104792
-0.0973044
-0.089603
-0.0816949
-0.0735857
-0.0652802
-0.0567824
-0.0480963
-0.0392257
-0.0301746
-0.0209474
-0.0115496
-0.00198744
0.00773145
0.0175978
0.0276004
0.0377258
0.0479584
0.0582795
0.0686676
0.0790977
0.0895414
0.0999663
0.110336
0.120609
0.130741
0.14068
0.150374
0.159761
0.168779
0.177359
0.18543
0.192915
0.199738
0.205818
0.211074
0.215426
0.218793
0.221099
0.222272
0.222244
0.220955
0.218355
0.214403
0.209068
0.202326
0.194165
0.184675
0.173941
0.160814
0.144378
-0.127788
-0.142213
-0.153698
-0.163062
-0.171338
-0.178479
-0.184435
-0.189244
-0.192955
-0.195618
-0.197287
-0.198023
-0.197886
-0.196939
-0.195242
-0.192856
-0.189839
-0.186245
-0.182124
-0.177524
-0.172487
-0.167053
-0.161255
-0.155125
-0.148688
-0.141967
-0.134982
-0.127748
-0.120281
-0.11259
-0.104685
-0.0965718
-0.0882572
-0.079745
-0.0710385
-0.0621403
-0.0530527
-0.0437776
-0.0343173
-0.0246743
-0.0148522
-0.00485516
0.00531103
0.015639
0.0261193
0.0367404
0.047488
0.0583453
0.0692919
0.0803042
0.0913544
0.102411
0.113437
0.124392
0.135229
0.145897
0.156339
0.166494
0.176295
0.185668
0.194537
0.202821
0.210435
0.21729
0.223298
0.228368
0.23241
0.235338
0.237068
0.237522
0.236631
0.234333
0.230579
0.225331
0.218557
0.210242
0.200477
0.189349
0.17565
0.158422
-0.143901
-0.158945
-0.170877
-0.180549
-0.189041
-0.196304
-0.202288
-0.207036
-0.210603
-0.213048
-0.214433
-0.214826
-0.214296
-0.212915
-0.210752
-0.207873
-0.204344
-0.200226
-0.195574
-0.190439
-0.18487
-0.178908
-0.17259
-0.165947
-0.159008
-0.151797
-0.144333
-0.136633
-0.128709
-0.120573
-0.112231
-0.103691
-0.0949551
-0.0860274
-0.076909
-0.0676008
-0.0581032
-0.0484162
-0.0385398
-0.0284747
-0.018222
-0.00778388
0.00283617
0.0136329
0.024599
0.0357249
0.0469984
0.0584044
0.0699244
0.0815361
0.093213
0.104924
0.116634
0.128301
0.139879
0.151315
0.162552
0.173524
0.184162
0.194388
0.20412
0.213272
0.22175
0.229458
0.236298
0.242168
0.246969
0.250601
0.252968
0.253982
0.253559
0.251627
0.248125
0.243007
0.236233
0.227781
0.217745
0.206214
0.191913
0.173842
-0.161248
-0.176963
-0.189375
-0.199369
-0.208079
-0.215453
-0.221442
-0.226095
-0.229475
-0.23165
-0.232692
-0.232679
-0.23169
-0.229807
-0.227107
-0.223667
-0.21956
-0.214852
-0.209607
-0.203881
-0.197724
-0.191183
-0.184297
-0.1771
-0.169621
-0.161884
-0.15391
-0.145714
-0.13731
-0.128707
-0.119911
-0.110926
-0.101756
-0.0924011
-0.082861
-0.0731346
-0.0632199
-0.0531149
-0.0428173
-0.0323253
-0.0216376
-0.0107539
0.000324636
0.0115953
0.0230532
0.0346911
0.0464993
0.0584648
0.070571
0.0827977
0.09512
0.107508
0.119927
0.132337
0.144691
0.156935
0.169011
0.180851
0.192383
0.203525
0.214189
0.224283
0.233705
0.24235
0.25011
0.256872
0.262524
0.266953
0.270049
0.271708
0.271834
0.270341
0.267156
0.262219
0.255483
0.246917
0.236616
0.22467
0.209738
0.190767
-0.179927
-0.196373
-0.209301
-0.219635
-0.228563
-0.236034
-0.241999
-0.246515
-0.249656
-0.2515
-0.252129
-0.251636
-0.25011
-0.247645
-0.24433
-0.240251
-0.23549
-0.230121
-0.224214
-0.217831
-0.211027
-0.203852
-0.196347
-0.18855
-0.180489
-0.17219
-0.163674
-0.154955
-0.146045
-0.136954
-0.127684
-0.118241
-0.108623
-0.0988301
-0.0888597
-0.078708
-0.0683709
-0.0578435
-0.0471213
-0.0361995
-0.0250744
-0.0137429
-0.0022034
0.00954413
0.0214976
0.0336525
0.0460019
0.0585352
0.0712385
0.0840937
0.0970779
0.110163
0.123317
0.136498
0.149662
0.162754
0.175715
0.188476
0.20096
0.213083
0.224752
0.235867
0.246319
0.255993
0.26477
0.272525
0.279131
0.28446
0.288387
0.290793
0.291562
0.290593
0.287798
0.283104
0.276451
0.267799
0.257242
0.244872
0.229272
0.20934
-0.200047
-0.217295
-0.230782
-0.241474
-0.250619
-0.258169
-0.264074
-0.268403
-0.271241
-0.272679
-0.272815
-0.271754
-0.269601
-0.266464
-0.262442
-0.257636
-0.252134
-0.246023
-0.239377
-0.232266
-0.22475
-0.21688
-0.208703
-0.200256
-0.191571
-0.182672
-0.17358
-0.164308
-0.154869
-0.145267
-0.135508
-0.12559
-0.115513
-0.105273
-0.0948655
-0.0842834
-0.0735202
-0.0625682
-0.0514199
-0.0400678
-0.0285051
-0.0167259
-0.00472541
0.00749948
0.0199498
0.0326242
0.0455185
0.0586256
0.0719341
0.0854288
0.0990895
0.11289
0.1268
0.140781
0.154788
0.168767
0.182659
0.196393
0.209891
0.223064
0.235814
0.248035
0.259609
0.270412
0.280312
0.28917
0.296845
0.303193
0.308069
0.311334
0.312855
0.31251
0.310193
0.305814
0.299299
0.290596
0.279795
0.266993
0.250687
0.229722
-0.221737
-0.239868
-0.253963
-0.265031
-0.274392
-0.281994
-0.287795
-0.291875
-0.294333
-0.295277
-0.294822
-0.293092
-0.290207
-0.286291
-0.28146
-0.275825
-0.269487
-0.262542
-0.255073
-0.247156
-0.238855
-0.230227
-0.22132
-0.212172
-0.202817
-0.193278
-0.183575
-0.173722
-0.163728
-0.153597
-0.14333
-0.132925
-0.122379
-0.111685
-0.100835
-0.0898189
-0.0786281
-0.0672513
-0.055678
-0.0438976
-0.0318998
-0.0196756
-0.00721669
0.00548333
0.018429
0.0316224
0.0450629
0.0587466
0.0726657
0.0868081
0.101157
0.115689
0.130376
0.145182
0.160063
0.174968
0.189837
0.204598
0.219171
0.233465
0.247377
0.260792
0.273588
0.285627
0.296767
0.306853
0.315726
0.323224
0.329181
0.333437
0.335835
0.33623
0.334495
0.330519
0.324207
0.315496
0.304471
0.291227
0.274173
0.252095
-0.245142
-0.264253
-0.279013
-0.290478
-0.300046
-0.307669
-0.31331
-0.317063
-0.319048
-0.319392
-0.318232
-0.315711
-0.311972
-0.307155
-0.301395
-0.294816
-0.287534
-0.279654
-0.271269
-0.26246
-0.253297
-0.243842
-0.234143
-0.224241
-0.214168
-0.203949
-0.193601
-0.183138
-0.172565
-0.161884
-0.151095
-0.140192
-0.129169
-0.118014
-0.106719
-0.0952686
-0.0836511
-0.0718522
-0.0598576
-0.0476534
-0.0352259
-0.0225623
-0.00965056
0.00351935
0.0169557
0.0306645
0.044649
0.0589091
0.0734409
0.0882361
0.103281
0.118557
0.134039
0.149693
0.165479
0.181347
0.197237
0.213079
0.228791
0.244278
0.259435
0.274142
0.288265
0.301658
0.314164
0.325614
0.33583
0.344627
0.351818
0.357215
0.360635
0.361908
0.360876
0.357407
0.351381
0.342715
0.33149
0.317797
0.299948
0.276663
-0.270433
-0.290639
-0.306126
-0.318009
-0.327773
-0.335374
-0.340783
-0.344115
-0.345513
-0.345129
-0.343127
-0.339674
-0.334937
-0.329079
-0.322252
-0.314601
-0.306253
-0.297325
-0.28792
-0.278126
-0.268019
-0.257662
-0.247107
-0.236394
-0.225556
-0.214616
-0.20359
-0.192487
-0.181313
-0.170066
-0.158741
-0.147331
-0.135824
-0.124207
-0.112465
-0.100583
-0.0885425
-0.0763268
-0.0639179
-0.0512977
-0.0384488
-0.0253544
-0.0119987
0.00163244
0.0155515
0.0297687
0.0442915
0.0591241
0.074267
0.0897164
0.105463
0.121493
0.137783
0.154306
0.171023
0.187888
0.204843
0.221819
0.238733
0.25549
0.27198
0.288078
0.303642
0.318516
0.332528
0.345493
0.357212
0.367477
0.376074
0.382786
0.3874
0.38971
0.389529
0.386691
0.38105
0.372497
0.361105
0.346959
0.328261
0.303663
-0.297811
-0.319244
-0.335534
-0.347855
-0.357795
-0.365318
-0.370405
-0.373198
-0.37387
-0.372604
-0.369595
-0.365042
-0.35914
-0.352077
-0.344029
-0.335158
-0.325608
-0.315508
-0.304971
-0.294092
-0.282951
-0.271615
-0.260136
-0.248555
-0.236903
-0.225201
-0.213464
-0.201697
-0.189901
-0.178072
-0.166201
-0.154276
-0.142282
-0.130202
-0.118018
-0.105708
-0.0932525
-0.080629
-0.0678156
-0.0547905
-0.041532
-0.0280192
-0.014232
-0.00015172
0.0142384
0.028953
0.0440044
0.0594017
0.0751503
0.0912512
0.107701
0.124489
0.141599
0.159007
0.176679
0.194573
0.212634
0.230795
0.248976
0.267079
0.284992
0.302586
0.319712
0.336204
0.351874
0.366521
0.379924
0.391848
0.402049
0.410278
0.416282
0.419821
0.420665
0.41861
0.413476
0.405122
0.393606
0.379005
0.359399
0.333365
-0.327512
-0.35033
-0.367507
-0.380285
-0.390373
-0.397741
-0.402391
-0.404499
-0.404274
-0.401939
-0.397728
-0.391877
-0.384615
-0.376159
-0.366711
-0.356454
-0.345551
-0.334143
-0.322351
-0.310279
-0.298011
-0.285614
-0.273142
-0.260635
-0.248121
-0.235619
-0.223139
-0.210683
-0.198248
-0.185824
-0.1734
-0.160958
-0.148478
-0.135939
-0.123318
-0.11059
-0.0977293
-0.0847102
-0.0715062
-0.0580909
-0.0444383
-0.0305231
-0.0163205
-0.00180737
0.0130379
0.0282351
0.0438013
0.0597511
0.0760953
0.0928407
0.109989
0.127536
0.145472
0.163778
0.182425
0.201376
0.220582
0.239978
0.259487
0.279013
0.298443
0.317643
0.336459
0.354715
0.372209
0.388722
0.404009
0.417808
0.429841
0.439819
0.447449
0.452441
0.454519
0.453434
0.448957
0.440909
0.429327
0.414277
0.393695
0.366079
-0.359818
-0.384209
-0.402369
-0.41562
-0.425809
-0.432924
-0.436991
-0.438228
-0.436896
-0.433265
-0.427618
-0.420235
-0.411384
-0.401319
-0.390269
-0.378442
-0.366017
-0.35315
-0.339973
-0.326594
-0.313099
-0.299559
-0.286024
-0.272533
-0.259111
-0.245772
-0.232521
-0.219356
-0.206267
-0.193242
-0.180261
-0.167302
-0.154341
-0.141351
-0.128303
-0.11517
-0.101919
-0.0885208
-0.0749438
-0.0611571
-0.0471301
-0.0328325
-0.018235
-0.00330937
0.011971
0.0276312
0.0436939
0.0601794
0.0771045
0.0944822
0.112321
0.130623
0.149385
0.168595
0.188232
0.208265
0.228649
0.249327
0.270224
0.29125
0.31229
0.33321
0.353851
0.374028
0.393527
0.412108
0.429505
0.445423
0.459548
0.471546
0.481074
0.487788
0.491356
0.491465
0.487833
0.480229
0.468659
0.45317
0.43154
0.402171
-0.395066
-0.421253
-0.440507
-0.45424
-0.464464
-0.471192
-0.474487
-0.474623
-0.471923
-0.466721
-0.459356
-0.450164
-0.43946
-0.427536
-0.414656
-0.40105
-0.38692
-0.372433
-0.357729
-0.342922
-0.3281
-0.313331
-0.298666
-0.284136
-0.269762
-0.255554
-0.241508
-0.227618
-0.213868
-0.200236
-0.1867
-0.17323
-0.159797
-0.146369
-0.132911
-0.119389
-0.105768
-0.0920109
-0.078083
-0.063948
-0.0495703
-0.0349148
-0.0199472
-0.00463404
0.0110567
0.0271557
0.0436917
0.0606909
0.0781768
0.0961693
0.114684
0.133731
0.153314
0.173429
0.194064
0.215196
0.236788
0.258789
0.281133
0.303733
0.326478
0.349234
0.371841
0.394105
0.415803
0.436675
0.456431
0.474745
0.491259
0.505592
0.517342
0.5261
0.531463
0.533047
0.530494
0.52351
0.512058
0.496154
0.47339
0.442066
-0.433664
-0.461915
-0.482388
-0.496601
-0.506764
-0.512928
-0.515205
-0.513948
-0.509559
-0.502448
-0.493029
-0.481701
-0.468835
-0.454768
-0.439799
-0.424186
-0.408148
-0.391867
-0.375488
-0.359129
-0.342878
-0.326798
-0.310935
-0.295316
-0.279953
-0.264847
-0.24999
-0.235365
-0.220949
-0.206716
-0.192632
-0.178664
-0.164774
-0.150925
-0.137077
-0.123189
-0.109221
-0.0951313
-0.0808792
-0.0664235
-0.0517237
-0.0367395
-0.0214312
-0.00576017
0.0103114
0.02682
0.0438006
0.0612861
0.0793071
0.0978907
0.11706
0.136835
0.157227
0.178242
0.199877
0.222119
0.24494
0.268302
0.292144
0.316388
0.34093
0.36564
0.390357
0.414885
0.43899
0.462397
0.48479
0.50581
0.525055
0.542089
0.556443
0.567631
0.575164
0.578567
0.57739
0.571253
0.560059
0.543781
0.519791
0.486271
-0.476113
-0.506748
-0.528581
-0.543253
-0.553215
-0.558575
-0.559519
-0.556498
-0.550018
-0.540589
-0.528712
-0.514863
-0.499477
-0.482942
-0.465596
-0.447723
-0.429561
-0.411301
-0.393095
-0.375059
-0.357276
-0.339807
-0.322686
-0.305932
-0.289548
-0.273526
-0.257847
-0.242486
-0.22741
-0.212584
-0.197968
-0.183519
-0.169195
-0.15495
-0.140737
-0.126512
-0.112226
-0.0978347
-0.0832902
-0.0685465
-0.0535579
-0.0382789
-0.0226644
-0.00667007
0.00974764
0.0266314
0.0440226
0.0619612
0.0804851
0.0996297
0.119427
0.139905
0.161086
0.182986
0.205615
0.228969
0.253035
0.277783
0.303168
0.329122
0.35555
0.38233
0.409305
0.436279
0.463013
0.489218
0.514555
0.538631
0.560999
0.581159
0.598569
0.61265
0.62281
0.628463
0.629039
0.624044
0.6133
0.596715
0.571397
0.535391
-0.523028
-0.556436
-0.579784
-0.594863
-0.604424
-0.608658
-0.607854
-0.602598
-0.593528
-0.581279
-0.56646
-0.549637
-0.53132
-0.51195
-0.491906
-0.471499
-0.450981
-0.430552
-0.410364
-0.390526
-0.371117
-0.352185
-0.333754
-0.31583
-0.298404
-0.281456
-0.264955
-0.248865
-0.233143
-0.217743
-0.202618
-0.187716
-0.172986
-0.158375
-0.143831
-0.129302
-0.114735
-0.100077
-0.0852773
-0.0702835
-0.0550446
-0.0395098
-0.0236285
-0.00735067
0.00937314
0.0265919
0.0443539
0.0627061
0.0816943
0.101362
0.121752
0.142901
0.164842
0.187605
0.21121
0.235669
0.260983
0.287137
0.3141
0.341818
0.370214
0.399176
0.428556
0.458164
0.487759
0.517045
0.545664
0.573188
0.599123
0.622905
0.643904
0.661438
0.674789
0.683229
0.68604
0.682576
0.672544
0.655756
0.628999
0.590155
-0.575174
-0.611829
-0.63686
-0.652247
-0.661119
-0.663789
-0.660695
-0.6526
-0.640319
-0.624637
-0.606297
-0.585972
-0.56425
-0.541634
-0.518541
-0.495305
-0.472191
-0.449398
-0.427074
-0.40532
-0.384197
-0.363741
-0.343959
-0.324842
-0.306366
-0.288494
-0.271183
-0.254383
-0.238039
-0.222096
-0.206493
-0.191173
-0.176073
-0.161136
-0.146301
-0.131509
-0.116701
-0.10182
-0.0868069
-0.0716062
-0.0561607
-0.0404143
-0.0243109
-0.0077947
0.00918973
0.0266977
0.0447844
0.0635042
0.082911
0.103058
0.123996
0.145774
0.168438
0.192029
0.216583
0.242128
0.26868
0.296244
0.324807
0.354336
0.38477
0.416016
0.447944
0.480374
0.513072
0.54574
0.578004
0.609412
0.639421
0.667398
0.692619
0.714279
0.731514
0.743419
0.749085
0.747666
0.738707
0.72188
0.693568
0.65146
-0.63352
-0.673999
-0.700891
-0.716411
-0.724175
-0.724685
-0.718586
-0.706881
-0.690609
-0.670749
-0.648199
-0.623755
-0.598092
-0.571774
-0.545252
-0.518879
-0.492922
-0.467576
-0.442973
-0.419195
-0.396288
-0.374262
-0.353106
-0.33279
-0.31327
-0.294493
-0.276397
-0.258919
-0.241991
-0.225544
-0.209507
-0.193812
-0.17839
-0.163173
-0.148093
-0.133086
-0.118085
-0.103028
-0.0878516
-0.0724927
-0.0568898
-0.0409812
-0.0247057
-0.00800169
0.00919217
0.0269376
0.0452965
0.064331
0.0841033
0.104676
0.12611
0.148466
0.171803
0.196178
0.22164
0.248236
0.276003
0.304966
0.335136
0.366502
0.39903
0.432651
0.467258
0.502694
0.538738
0.5751
0.611403
0.647173
0.681825
0.714658
0.744847
0.77145
0.793423
0.809653
0.818977
0.820291
0.812906
0.79629
0.766311
0.720412
-0.699298
-0.744314
-0.77324
-0.788597
-0.794651
-0.792182
-0.782131
-0.765826
-0.744592
-0.719645
-0.69207
-0.662795
-0.63259
-0.602072
-0.57172
-0.541894
-0.512853
-0.484773
-0.457763
-0.431879
-0.407135
-0.383517
-0.360985
-0.339483
-0.318946
-0.299299
-0.280462
-0.262354
-0.244892
-0.227994
-0.211578
-0.195564
-0.179874
-0.164432
-0.149163
-0.133995
-0.118856
-0.103678
-0.0883916
-0.0729288
-0.0572229
-0.0412071
-0.0248148
-0.00797911
0.00936725
0.0272922
0.0458644
0.0651537
0.0852307
0.106167
0.128035
0.150908
0.174858
0.199956
0.226271
0.25387
0.28281
0.313142
0.344903
0.378113
0.412768
0.448834
0.486236
0.524846
0.564474
0.604849
0.645603
0.686254
0.726185
0.764632
0.800665
0.833193
0.860966
0.882607
0.896641
0.901611
0.896505
0.880487
0.848745
0.798404
-0.774108
-0.824545
-0.855647
-0.870359
-0.873825
-0.867246
-0.851987
-0.829808
-0.8024
-0.771269
-0.73771
-0.702795
-0.667382
-0.632132
-0.597538
-0.563948
-0.531596
-0.500627
-0.471109
-0.443062
-0.416461
-0.391255
-0.367371
-0.344725
-0.323221
-0.302761
-0.283244
-0.264571
-0.246641
-0.229359
-0.212629
-0.196362
-0.18047
-0.164867
-0.149472
-0.134206
-0.118991
-0.103752
-0.0884157
-0.0729089
-0.05716
-0.0410973
-0.024649
-0.00774319
0.00969296
0.0277334
0.0464535
0.0659304
0.0862432
0.107473
0.129703
0.153019
0.177508
0.203256
0.230353
0.258885
0.288935
0.320583
0.353896
0.38893
0.425719
0.464271
0.504554
0.546486
0.589919
0.634619
0.680247
0.726331
0.77224
0.817158
0.86006
0.899692
0.934573
0.963011
0.983133
0.993015
0.991189
0.976363
0.94281
0.887217
-0.860058
-0.917017
-0.950361
-0.963641
-0.963234
-0.950977
-0.928837
-0.899147
-0.864063
-0.82543
-0.784775
-0.743312
-0.701974
-0.661442
-0.622197
-0.584552
-0.548696
-0.514718
-0.482633
-0.452406
-0.423965
-0.397212
-0.372035
-0.348312
-0.325918
-0.304726
-0.284613
-0.265458
-0.247144
-0.229559
-0.212596
-0.196153
-0.180134
-0.164444
-0.148994
-0.133699
-0.118476
-0.103243
-0.087923
-0.0724377
-0.056711
-0.0406667
-0.0242284
-0.00731954
0.010138
0.0282239
0.0470198
0.0666099
0.0870816
0.108525
0.131035
0.154709
0.179648
0.205958
0.233745
0.263121
0.294196
0.327078
0.361874
0.398678
0.437571
0.478612
0.521825
0.567188
0.614614
0.66393
0.714848
0.766935
0.819573
0.871922
0.922874
0.971018
1.01462
1.05162
1.07965
1.09616
1.09905
1.08634
1.05102
0.989165
-0.959983
-1.02484
-1.06032
-1.07089
-1.06472
-1.0446
-1.01335
-0.97405
-0.929436
-0.881738
-0.832718
-0.783716
-0.735702
-0.689343
-0.645069
-0.603126
-0.563623
-0.526571
-0.491913
-0.459543
-0.429326
-0.401111
-0.374738
-0.350043
-0.326866
-0.305052
-0.284449
-0.264916
-0.246317
-0.228527
-0.211424
-0.194895
-0.178834
-0.163139
-0.147714
-0.132467
-0.117309
-0.102156
-0.0869232
-0.07153
-0.0558958
-0.0399403
-0.0235832
-0.00674343
0.0106618
0.0287172
0.0475103
0.067132
0.0876773
0.109246
0.131942
0.155876
0.181163
0.207927
0.236296
0.266403
0.298388
0.332395
0.368566
0.407046
0.447967
0.49145
0.537589
0.586438
0.637994
0.692171
0.748765
0.807419
0.867571
0.928395
0.988739
1.04706
1.10136
1.14917
1.1875
1.21302
1.2227
1.21355
1.17672
1.10733
-1.07779
-1.15225
-1.18939
-1.1952
-1.18046
-1.14941
-1.10607
-1.0545
-0.998104
-0.939518
-0.880724
-0.823134
-0.767698
-0.71501
-0.665394
-0.618983
-0.57577
-0.535659
-0.498494
-0.464082
-0.432214
-0.402673
-0.375246
-0.349722
-0.325904
-0.303602
-0.282641
-0.262855
-0.244092
-0.226208
-0.209072
-0.192558
-0.176551
-0.160942
-0.145629
-0.130513
-0.115502
-0.100506
-0.0854377
-0.070212
-0.0547451
-0.0389535
-0.0227533
-0.00605965
0.0112142
0.0291576
0.0478632
0.0674279
0.0879536
0.109548
0.132326
0.156409
0.181928
0.209022
0.237839
0.26854
0.301292
0.336276
0.373677
0.41369
0.456508
0.502324
0.551314
0.603629
0.659374
0.71858
0.781171
0.846914
0.915358
0.98576
1.05699
1.12741
1.19481
1.25627
1.30808
1.34589
1.3654
1.3621
1.32442
1.24591
-1.21903
-1.30514
-1.34277
-1.34044
-1.31293
-1.26668
-1.20732
-1.14012
-1.06924
-0.997696
-0.927619
-0.860391
-0.796849
-0.737425
-0.682268
-0.631334
-0.58446
-0.541404
-0.501889
-0.465616
-0.43229
-0.40162
-0.373331
-0.347165
-0.322882
-0.300261
-0.279098
-0.259207
-0.240416
-0.222567
-0.205516
-0.189129
-0.173282
-0.157859
-0.142751
-0.127857
-0.113078
-0.0983225
-0.0834994
-0.0685209
-0.0533005
-0.0377518
-0.0217883
-0.00532209
0.0117368
0.0294815
0.048009
0.0674213
0.0878263
0.109339
0.132084
0.156193
0.18181
0.20909
0.238203
0.269332
0.302676
0.338451
0.376889
0.418236
0.462756
0.510718
0.562397
0.618059
0.677941
0.742231
0.811027
0.884282
0.961738
1.04282
1.12652
1.21124
1.29459
1.37326
1.44274
1.49739
1.53123
1.53745
1.50035
1.41084
-1.39186
-1.49192
-1.52742
-1.51142
-1.46487
-1.39744
-1.31689
-1.2299
-1.14139
-1.05465
-0.971766
-0.893945
-0.821761
-0.755366
-0.694638
-0.639292
-0.588949
-0.543194
-0.501596
-0.463739
-0.429225
-0.397687
-0.368783
-0.342206
-0.317673
-0.294931
-0.27375
-0.253921
-0.235256
-0.217585
-0.200752
-0.184614
-0.16904
-0.153908
-0.139107
-0.124528
-0.110073
-0.0956454
-0.0811526
-0.0665046
-0.0516131
-0.0363899
-0.0207464
-0.00459272
0.0121636
0.0296183
0.0478719
0.0670303
0.0872065
0.108522
0.131108
0.155106
0.180673
0.207979
0.237211
0.268576
0.302302
0.33864
0.377869
0.420292
0.46624
0.516073
0.570171
0.628933
0.692757
0.762023
0.837058
0.918078
1.00511
1.09789
1.19567
1.29705
1.39968
1.49994
1.59255
1.67038
1.7252
1.74687
1.71332
1.61076
-1.60884
-1.72482
-1.75272
-1.71391
-1.63895
-1.54206
-1.43365
-1.3219
-1.21226
-1.10803
-1.01096
-0.921825
-0.840732
-0.767396
-0.701316
-0.641882
-0.588453
-0.540397
-0.497114
-0.458053
-0.422711
-0.390635
-0.361421
-0.334709
-0.310178
-0.287543
-0.26655
-0.246971
-0.228604
-0.211266
-0.194793
-0.179034
-0.163854
-0.149127
-0.134736
-0.120574
-0.106536
-0.092527
-0.0784522
-0.0642207
-0.0497432
-0.0349305
-0.0196932
-0.00394003
0.0124226
0.0294924
0.0473717
0.0661695
0.0860024
0.106996
0.129288
0.153029
0.178383
0.205535
0.234687
0.266067
0.299931
0.336564
0.376285
0.419456
0.466479
0.517802
0.573922
0.635382
0.702766
0.776685
0.857747
0.946513
1.04342
1.14865
1.26198
1.38244
1.50803
1.63515
1.75791
1.86763
1.95333
2.00013
1.97614
1.85889
-1.89022
-2.02203
-2.0312
-1.95452
-1.83719
-1.69958
-1.55496
-1.41273
-1.27836
-1.15457
-1.04233
-0.941594
-0.85175
-0.771891
-0.701006
-0.638085
-0.582173
-0.532397
-0.48797
-0.448201
-0.412477
-0.380267
-0.351102
-0.324577
-0.300334
-0.278061
-0.257483
-0.238359
-0.220474
-0.203635
-0.187673
-0.172432
-0.157772
-0.143566
-0.129696
-0.11605
-0.102528
-0.0890296
-0.0754625
-0.0617352
-0.0477583
-0.0334429
-0.0186995
-0.00343698
0.0124387
0.0290256
0.0464272
0.0647535
0.0841232
0.104665
0.126521
0.149846
0.174812
0.201614
0.230467
0.261617
0.295341
0.331954
0.371816
0.415339
0.462992
0.515312
0.572914
0.636493
0.706832
0.784801
0.871342
0.967446
1.07408
1.1921
1.32203
1.46377
1.61612
1.7761
1.93778
2.09122
2.22243
2.31021
2.30769
2.17649
-2.27075
-2.41109
-2.37906
-2.23972
-2.05965
-1.86643
-1.67569
-1.49696
-1.33462
-1.18988
-1.06223
-0.95034
-0.852531
-0.767081
-0.692357
-0.626879
-0.569345
-0.518625
-0.473748
-0.433881
-0.398313
-0.366437
-0.337734
-0.311755
-0.288116
-0.266484
-0.246568
-0.228117
-0.210907
-0.194742
-0.179448
-0.164866
-0.150857
-0.137292
-0.124052
-0.111028
-0.0981174
-0.0852242
-0.072255
-0.05912
-0.045731
-0.0320003
-0.0178395
-0.00315853
0.0121356
0.0281402
0.0449581
0.0626992
0.0814825
0.101438
0.122708
0.145451
0.169844
0.196087
0.224404
0.255054
0.28833
0.324572
0.36417
0.40758
0.455331
0.508041
0.566432
0.631349
0.703778
0.784861
0.875912
0.978418
1.09401
1.2244
1.37121
1.53571
1.71825
1.91741
2.12841
2.34114
2.53916
2.69378
2.7365
2.59988
-2.81334
-2.93377
-2.81526
-2.57312
-2.30152
-2.03418
-1.78666
-1.56614
-1.37391
-1.20825
-1.06625
-0.944699
-0.840562
-0.751115
-0.674015
-0.607283
-0.549265
-0.498586
-0.454101
-0.414859
-0.380066
-0.349057
-0.32127
-0.296231
-0.273537
-0.252842
-0.233848
-0.216297
-0.199965
-0.184653
-0.170186
-0.156409
-0.143182
-0.130377
-0.117879
-0.105581
-0.0933811
-0.0811861
-0.0689051
-0.0564505
-0.0437365
-0.0306777
-0.0171881
-0.00317997
0.0114375
0.0267595
0.0428868
0.0599273
0.0779983
0.0972282
0.117759
0.139748
0.163374
0.188838
0.216369
0.24623
0.278725
0.314207
0.353091
0.395861
0.443093
0.495468
0.553802
0.619068
0.692437
0.775317
0.869396
0.976691
1.09958
1.24083
1.40349
1.59079
1.80557
2.04948
2.32094
2.61229
2.90711
3.1703
3.30554
3.19445
-3.63233
-3.65053
-3.35787
-2.95052
-2.5491
-2.18689
-1.87325
-1.60826
-1.38695
-1.20279
-1.04937
-0.921121
-0.813352
-0.722263
-0.644795
-0.578495
-0.521401
-0.471934
-0.42882
-0.39102
-0.357686
-0.328118
-0.301736
-0.278054
-0.25666
-0.237209
-0.219402
-0.202984
-0.187732
-0.173453
-0.159975
-0.147147
-0.134833
-0.122908
-0.111263
-0.0997916
-0.088399
-0.0769941
-0.0654898
-0.0538021
-0.0418488
-0.0295479
-0.016817
-0.00357178
0.010275
0.0248149
0.040145
0.0563697
0.0736024
0.0919679
0.111604
0.132666
0.155326
0.179785
0.206268
0.235039
0.266401
0.300713
0.338396
0.379951
0.425976
0.477195
0.534484
0.598911
0.671793
0.754757
0.849825
0.959515
1.08697
1.23608
1.41162
1.6193
1.86558
2.15708
2.49875
2.89033
3.32176
3.75802
4.07641
4.07797
-4.93418
-4.64087
-4.01668
-3.35587
-2.77823
-2.3011
-1.9165
-1.6094
-1.3641
-1.16707
-1.00751
-0.87707
-0.769416
-0.679728
-0.604339
-0.540438
-0.485849
-0.438871
-0.398162
-0.36265
-0.331471
-0.303923
-0.279427
-0.257504
-0.237754
-0.219838
-0.203469
-0.188401
-0.174419
-0.161339
-0.148997
-0.137249
-0.125965
-0.115029
-0.104334
-0.0937827
-0.0832833
-0.0727503
-0.0621016
-0.0512579
-0.0401415
-0.0286752
-0.0167811
-0.00437955
0.00861189
0.0222798
0.0367162
0.0520199
0.0682988
0.0856713
0.104269
0.124239
0.145748
0.168987
0.194175
0.221564
0.251451
0.284187
0.320184
0.35994
0.404055
0.453257
0.508445
0.570732
0.641512
0.722549
0.8161
0.925073
1.05326
1.20562
1.38868
1.61101
1.88367
2.22048
2.63748
3.15014
3.76627
4.46641
5.12916
5.46039
-7.17838
-6.00446
-4.7536
-3.73077
-2.93604
-2.33589
-1.88803
-1.55126
-1.29409
-1.09444
-0.936877
-0.810557
-0.707827
-0.623206
-0.552704
-0.493364
-0.442961
-0.399794
-0.362539
-0.330154
-0.301811
-0.276836
-0.254684
-0.234902
-0.217114
-0.201004
-0.186303
-0.172782
-0.160241
-0.14851
-0.137436
-0.126884
-0.116736
-0.106883
-0.0972252
-0.0876733
-0.0781423
-0.0685528
-0.0588285
-0.048896
-0.0386833
-0.0281188
-0.01713
-0.00564331
0.0064179
0.0191341
0.0325905
0.0468791
0.0620999
0.078363
0.0957905
0.11452
0.134706
0.156526
0.180185
0.205919
0.234007
0.264777
0.298621
0.336009
0.377513
0.423834
0.475841
0.534622
0.601562
0.678439
0.767575
0.872048
0.996005
1.14513
1.32733
1.55379
1.84038
2.20981
2.69434
3.33653
4.1798
5.25606
6.5653
7.80698
-11.5604
-7.80292
-5.29332
-3.82025
-2.84205
-2.17258
-1.71167
-1.38477
-1.14456
-0.962722
-0.821568
-0.709627
-0.619237
-0.545136
-0.483603
-0.43194
-0.388144
-0.350695
-0.318423
-0.290408
-0.265921
-0.244371
-0.225278
-0.208246
-0.192943
-0.179091
-0.166454
-0.154828
-0.144039
-0.133934
-0.124378
-0.115252
-0.106449
-0.0978733
-0.0894357
-0.0810551
-0.0726562
-0.0641674
-0.0555204
-0.0466493
-0.0374891
-0.0279756
-0.0180436
-0.00762671
0.00334378
0.0149401
0.027239
0.0403227
0.0542806
0.0692114
0.0852239
0.10244
0.120999
0.141057
0.162797
0.186427
0.212196
0.240392
0.271363
0.305526
0.343385
0.385564
0.432832
0.486161
0.546787
0.616313
0.696852
0.791242
0.903385
1.03878
1.2054
1.41513
1.68627
2.04796
2.54874
3.26569
4.30331
5.84973
8.44954
12.3179
-18.9701
-9.55651
-5.06839
-3.24764
-2.28465
-1.70052
-1.32966
-1.07844
-0.897045
-0.759998
-0.653108
-0.567727
-0.498262
-0.44092
-0.39302
-0.352606
-0.318209
-0.288707
-0.263225
-0.241067
-0.221676
-0.204597
-0.189457
-0.175943
-0.163794
-0.152788
-0.142734
-0.133468
-0.124847
-0.116746
-0.109053
-0.10167
-0.0945064
-0.087482
-0.0805223
-0.0735585
-0.0665263
-0.059365
-0.0520162
-0.0444234
-0.0365311
-0.0282841
-0.0196266
-0.0105019
-0.000851002
0.00938764
0.0202792
0.0318936
0.0443063
0.0576002
0.0718667
0.0872076
0.103738
0.121587
0.140903
0.16186
0.184655
0.209524
0.236744
0.266647
0.299631
0.336184
0.376906
0.422545
0.474046
0.532625
0.599868
0.677889
0.76958
0.879009
1.01214
1.17809
1.39172
1.67929
2.09165
2.72565
3.75658
5.67331
10.2791
19.816
)
;

boundaryField
{
    movingWall
    {
        type            zeroGradient;
    }
    fixedWalls
    {
        type            zeroGradient;
    }
    frontAndBack
    {
        type            empty;
    }
}


// ************************************************************************* //
