0.05 	0.0003125 	0.005 	0.00406618
0.05 	0.0009375 	0.005 	0.00407518
0.05 	0.0015625 	0.005 	0.00408208
0.05 	0.0021875 	0.005 	0.00408745
0.05 	0.0028125 	0.005 	0.00409195
0.05 	0.0034375 	0.005 	0.00409553
0.05 	0.0040625 	0.005 	0.00409809
0.05 	0.0046875 	0.005 	0.00409957
0.05 	0.0053125 	0.005 	0.00409992
0.05 	0.0059375 	0.005 	0.00409905
0.05 	0.0065625 	0.005 	0.00409686
0.05 	0.0071875 	0.005 	0.00409324
0.05 	0.0078125 	0.005 	0.0040881
0.05 	0.0084375 	0.005 	0.00408129
0.05 	0.0090625 	0.005 	0.00407268
0.05 	0.0096875 	0.005 	0.00406214
0.05 	0.0103125 	0.005 	0.00404951
0.05 	0.0109375 	0.005 	0.00403462
0.05 	0.0115625 	0.005 	0.00401731
0.05 	0.0121875 	0.005 	0.00399739
0.05 	0.0128125 	0.005 	0.00397469
0.05 	0.0134375 	0.005 	0.00394899
0.05 	0.0140625 	0.005 	0.00392009
0.05 	0.0146875 	0.005 	0.00388778
0.05 	0.0153125 	0.005 	0.0038518
0.05 	0.0159375 	0.005 	0.00381192
0.05 	0.0165625 	0.005 	0.00376786
0.05 	0.0171875 	0.005 	0.00371936
0.05 	0.0178125 	0.005 	0.00366611
0.05 	0.0184375 	0.005 	0.00360782
0.05 	0.0190625 	0.005 	0.00354416
0.05 	0.0196875 	0.005 	0.00347479
0.05 	0.0203125 	0.005 	0.00339936
0.05 	0.0209375 	0.005 	0.00331749
0.05 	0.0215625 	0.005 	0.00322878
0.05 	0.0221875 	0.005 	0.00313281
0.05 	0.0228125 	0.005 	0.00302914
0.05 	0.0234375 	0.005 	0.00291731
0.05 	0.0240625 	0.005 	0.00279685
0.05 	0.0246875 	0.005 	0.00266723
0.05 	0.0253125 	0.005 	0.00252793
0.05 	0.0259375 	0.005 	0.00237837
0.05 	0.0265625 	0.005 	0.00221797
0.05 	0.0271875 	0.005 	0.00204612
0.05 	0.0278125 	0.005 	0.00186216
0.05 	0.0284375 	0.005 	0.00166544
0.05 	0.0290625 	0.005 	0.00145526
0.05 	0.0296875 	0.005 	0.0012309
0.05 	0.0303125 	0.005 	0.000991631
0.05 	0.0309375 	0.005 	0.00073668
0.05 	0.0315625 	0.005 	0.000465256
0.05 	0.0321875 	0.005 	0.000176546
0.05 	0.0328125 	0.005 	-0.000130287
0.05 	0.0334375 	0.005 	-0.000456095
0.05 	0.0340625 	0.005 	-0.00080175
0.05 	0.0346875 	0.005 	-0.00116814
0.05 	0.0353125 	0.005 	-0.00155615
0.05 	0.0359375 	0.005 	-0.00196669
0.05 	0.0365625 	0.005 	-0.00240067
0.05 	0.0371875 	0.005 	-0.00285901
0.05 	0.0378125 	0.005 	-0.00334261
0.05 	0.0384375 	0.005 	-0.00385237
0.05 	0.0390625 	0.005 	-0.00438917
0.05 	0.0396875 	0.005 	-0.00495386
0.05 	0.0403125 	0.005 	-0.00554727
0.05 	0.0409375 	0.005 	-0.00617021
0.05 	0.0415625 	0.005 	-0.00682342
0.05 	0.0421875 	0.005 	-0.00750764
0.05 	0.0428125 	0.005 	-0.00822352
0.05 	0.0434375 	0.005 	-0.00897166
0.05 	0.0440625 	0.005 	-0.00975261
0.05 	0.0446875 	0.005 	-0.0105668
0.05 	0.0453125 	0.005 	-0.0114146
0.05 	0.0459375 	0.005 	-0.0122962
0.05 	0.0465625 	0.005 	-0.0132119
0.05 	0.0471875 	0.005 	-0.0141616
0.05 	0.0478125 	0.005 	-0.0151453
0.05 	0.0484375 	0.005 	-0.0161628
0.05 	0.0490625 	0.005 	-0.0172138
0.05 	0.0496875 	0.005 	-0.0182977
0.05 	0.0503125 	0.005 	-0.019414
0.05 	0.0509375 	0.005 	-0.0205619
0.05 	0.0515625 	0.005 	-0.0217403
0.05 	0.0521875 	0.005 	-0.0229483
0.05 	0.0528125 	0.005 	-0.0241846
0.05 	0.0534375 	0.005 	-0.0254476
0.05 	0.0540625 	0.005 	-0.0267359
0.05 	0.0546875 	0.005 	-0.0280476
0.05 	0.0553125 	0.005 	-0.0293809
0.05 	0.0559375 	0.005 	-0.0307335
0.05 	0.0565625 	0.005 	-0.0321033
0.05 	0.0571875 	0.005 	-0.0334878
0.05 	0.0578125 	0.005 	-0.0348845
0.05 	0.0584375 	0.005 	-0.0362908
0.05 	0.0590625 	0.005 	-0.0377037
0.05 	0.0596875 	0.005 	-0.0391204
0.05 	0.0603125 	0.005 	-0.0405379
0.05 	0.0609375 	0.005 	-0.041953
0.05 	0.0615625 	0.005 	-0.0433627
0.05 	0.0621875 	0.005 	-0.0447635
0.05 	0.0628125 	0.005 	-0.0461523
0.05 	0.0634375 	0.005 	-0.0475257
0.05 	0.0640625 	0.005 	-0.0488805
0.05 	0.0646875 	0.005 	-0.0502133
0.05 	0.0653125 	0.005 	-0.0515209
0.05 	0.0659375 	0.005 	-0.0528
0.05 	0.0665625 	0.005 	-0.0540475
0.05 	0.0671875 	0.005 	-0.0552604
0.05 	0.0678125 	0.005 	-0.0564356
0.05 	0.0684375 	0.005 	-0.0575703
0.05 	0.0690625 	0.005 	-0.0586617
0.05 	0.0696875 	0.005 	-0.0597073
0.05 	0.0703125 	0.005 	-0.0607046
0.05 	0.0709375 	0.005 	-0.0616513
0.05 	0.0715625 	0.005 	-0.0625454
0.05 	0.0721875 	0.005 	-0.063385
0.05 	0.0728125 	0.005 	-0.0641682
0.05 	0.0734375 	0.005 	-0.0648937
0.05 	0.0740625 	0.005 	-0.0655601
0.05 	0.0746875 	0.005 	-0.0661662
0.05 	0.0753125 	0.005 	-0.0667113
0.05 	0.0759375 	0.005 	-0.0671945
0.05 	0.0765625 	0.005 	-0.0676154
0.05 	0.0771875 	0.005 	-0.0679738
0.05 	0.0778125 	0.005 	-0.0682695
0.05 	0.0784375 	0.005 	-0.0685025
0.05 	0.0790625 	0.005 	-0.0686733
0.05 	0.0796875 	0.005 	-0.0687822
0.05 	0.0803125 	0.005 	-0.06883
0.05 	0.0809375 	0.005 	-0.0688174
0.05 	0.0815625 	0.005 	-0.0687454
0.05 	0.0821875 	0.005 	-0.0686151
0.05 	0.0828125 	0.005 	-0.0684279
0.05 	0.0834375 	0.005 	-0.0681851
0.05 	0.0840625 	0.005 	-0.0678884
0.05 	0.0846875 	0.005 	-0.0675393
0.05 	0.0853125 	0.005 	-0.0671399
0.05 	0.0859375 	0.005 	-0.066692
0.05 	0.0865625 	0.005 	-0.0661977
0.05 	0.0871875 	0.005 	-0.0656593
0.05 	0.0878125 	0.005 	-0.0650793
0.05 	0.0884375 	0.005 	-0.06446
0.05 	0.0890625 	0.005 	-0.0638044
0.05 	0.0896875 	0.005 	-0.0631151
0.05 	0.0903125 	0.005 	-0.0623952
0.05 	0.0909375 	0.005 	-0.061648
0.05 	0.0915625 	0.005 	-0.0608767
0.05 	0.0921875 	0.005 	-0.0600849
0.05 	0.0928125 	0.005 	-0.0592762
0.05 	0.0934375 	0.005 	-0.0584546
0.05 	0.0940625 	0.005 	-0.0576237
0.05 	0.0946875 	0.005 	-0.0567878
0.05 	0.0953125 	0.005 	-0.0559507
0.05 	0.0959375 	0.005 	-0.0551165
0.05 	0.0965625 	0.005 	-0.0542887
0.05 	0.0971875 	0.005 	-0.0534706
0.05 	0.0978125 	0.005 	-0.0526696
0.05 	0.0984375 	0.005 	-0.0518926
0.05 	0.0990625 	0.005 	-0.0510849
0.05 	0.0996875 	0.005 	-0.0501932
