/*--------------------------------*- C++ -*----------------------------------*\
  =========                 |
  \\      /  F ield         | OpenFOAM: The Open Source CFD Toolbox
   \\    /   O peration     | Website:  https://openfoam.org
    \\  /    A nd           | Version:  7
     \\/     M anipulation  |
\*---------------------------------------------------------------------------*/
FoamFile
{
    version     2.0;
    format      ascii;
    class       volScalarField;
    location    "0.4";
    object      p;
}
// * * * * * * * * * * * * * * * * * * * * * * * * * * * * * * * * * * * * * //

dimensions      [0 2 -2 0 0 0 0];

internalField   nonuniform List<scalar> 
6400
(
1.24427e-05
3.37948e-05
-0.000471196
-0.00150389
-0.00294627
-0.00468805
-0.0066289
-0.00867927
-0.0107619
-0.0128114
-0.0147727
-0.0165995
-0.0182535
-0.0197028
-0.0209218
-0.0218896
-0.02259
-0.0230111
-0.0231441
-0.0229837
-0.0225275
-0.0217754
-0.0207301
-0.0193959
-0.0177794
-0.0158889
-0.013734
-0.0113263
-0.00867815
-0.0058036
-0.00271761
0.000563785
0.00402358
0.0076439
0.0114061
0.0152907
0.0192779
0.0233468
0.0274766
0.0316456
0.0358321
0.0400139
0.0441689
0.0482748
0.0523093
0.0562503
0.0600761
0.0637652
0.0672967
0.0706503
0.0738067
0.0767473
0.0794548
0.0819131
0.0841075
0.0860251
0.0876546
0.0889868
0.0900147
0.0907338
0.0911421
0.0912406
0.0910331
0.0905273
0.089734
0.0886684
0.0873498
0.0858023
0.0840553
0.082144
0.0801103
0.0780033
0.0758804
0.0738088
0.0718658
0.0701401
0.0687286
0.0677356
0.0672677
0.0673053
9.61345e-06
2.41054e-05
-0.000429202
-0.00131244
-0.00252627
-0.0039915
-0.00563225
-0.00737612
-0.00915787
-0.0109202
-0.0126135
-0.0141952
-0.0156292
-0.0168853
-0.0179383
-0.0187678
-0.0193576
-0.0196952
-0.0197715
-0.0195805
-0.0191189
-0.0183859
-0.0173828
-0.0161134
-0.0145829
-0.0127986
-0.010769
-0.00850446
-0.00601631
-0.00331727
-0.000421165
0.00265719
0.00590202
0.0092967
0.0128238
0.0164653
0.0202024
0.0240158
0.0278858
0.0317922
0.0357147
0.0396325
0.0435248
0.0473709
0.0511499
0.0548412
0.0584246
0.06188
0.0651882
0.0683303
0.0712885
0.0740458
0.0765863
0.0788953
0.0809597
0.0827677
0.0843095
0.0855771
0.0865647
0.0872687
0.0876882
0.0878248
0.0876832
0.0872713
0.0866003
0.0856853
0.0845452
0.0832034
0.0816881
0.0800324
0.0782753
0.0764616
0.074643
0.0728778
0.0712314
0.0697751
0.0685822
0.0677274
0.0673042
0.0673428
0.000517635
0.000479609
2.57848e-05
-0.000790075
-0.00188076
-0.00318298
-0.00463558
-0.00617846
-0.007756
-0.00931815
-0.0108206
-0.0122247
-0.0134971
-0.0146094
-0.0155378
-0.0162627
-0.0167682
-0.017042
-0.0170748
-0.0168604
-0.016395
-0.0156772
-0.0147079
-0.01349
-0.012028
-0.0103283
-0.00839871
-0.00624851
-0.00388825
-0.00132968
0.00141436
0.00433002
0.00740252
0.0106163
0.0139549
0.0174013
0.0209379
0.0245464
0.0282082
0.0319043
0.0356154
0.0393219
0.0430043
0.0466427
0.0502178
0.0537099
0.0571001
0.0603697
0.0635003
0.0664745
0.0692756
0.0718877
0.0742961
0.0764873
0.078449
0.0801707
0.0816434
0.0828601
0.0838158
0.0845075
0.084935
0.0851003
0.0850085
0.0846675
0.0840885
0.0832861
0.0822787
0.0810885
0.0797421
0.0782705
0.0767093
0.0750996
0.0734871
0.0719229
0.0704629
0.0691664
0.0680926
0.0673018
0.0668793
0.0668767
0.00155077
0.00136572
0.000842023
2.28264e-05
-0.00102525
-0.00224865
-0.00359564
-0.00501549
-0.00646058
-0.00788733
-0.00925655
-0.0105335
-0.0116879
-0.0126935
-0.0135283
-0.0141737
-0.0146148
-0.0148396
-0.0148391
-0.0146072
-0.0141398
-0.0134354
-0.0124944
-0.0113193
-0.00991406
-0.00828444
-0.00643765
-0.00438223
-0.00212801
0.000314034
0.00293184
0.00571239
0.00864174
0.0117051
0.0148871
0.0181715
0.0215415
0.0249799
0.0284689
0.0319906
0.0355264
0.039058
0.0425665
0.0460334
0.0494399
0.0527679
0.0559989
0.0591155
0.0621002
0.0649367
0.067609
0.0701023
0.0724027
0.0744976
0.0763756
0.0780269
0.0794432
0.0806181
0.0815472
0.082228
0.0826605
0.082847
0.0827927
0.0825052
0.0819954
0.0812774
0.0803684
0.0792895
0.0780652
0.0767241
0.075299
0.0738264
0.0723473
0.0709062
0.0695512
0.0683328
0.0673014
0.0665086
0.0660225
0.0658869
0.00299973
0.00258819
0.00193663
0.00106449
8.9622e-06
-0.00118515
-0.00247395
-0.00381516
-0.00516851
-0.00649652
-0.00776497
-0.00894317
-0.010004
-0.0109237
-0.0116822
-0.0122624
-0.0126502
-0.0128346
-0.012807
-0.0125613
-0.0120937
-0.0114025
-0.0104881
-0.0093523
-0.00799894
-0.00643321
-0.00466177
-0.00269258
-0.000534812
0.00180122
0.00430419
0.0069618
0.0097609
0.0126875
0.015727
0.018864
0.0220825
0.0253663
0.0286983
0.0320615
0.0354384
0.0388112
0.0421623
0.0454738
0.048728
0.0519075
0.054995
0.0579736
0.0608269
0.0635394
0.066096
0.0684826
0.0706861
0.0726947
0.0744976
0.0760856
0.0774511
0.0785882
0.0794926
0.0801625
0.0805978
0.080801
0.0807769
0.0805331
0.0800799
0.0794303
0.0786006
0.0776102
0.0764817
0.0752412
0.073918
0.0725449
0.0711577
0.0697951
0.0684982
0.0673094
0.0662719
0.0654294
0.0648231
0.0644754
0.00476241
0.00407403
0.00325146
0.00228612
0.00118175
-2.45802e-05
-0.00129563
-0.00259671
-0.00389424
-0.00515641
-0.00635374
-0.00745947
-0.00844968
-0.0093033
-0.0100022
-0.0105308
-0.0108765
-0.0110289
-0.0109802
-0.0107248
-0.0102589
-0.00958111
-0.00869144
-0.00759178
-0.00628555
-0.0047776
-0.00307415
-0.00118266
0.000888233
0.00312883
0.00552842
0.0080754
0.0107573
0.0135608
0.0164721
0.0194765
0.0225589
0.0257037
0.0288948
0.0321158
0.0353501
0.0385808
0.0417909
0.0449634
0.0480816
0.0511286
0.054088
0.0569438
0.0596803
0.0622826
0.0647364
0.0670284
0.0691461
0.0710782
0.0728146
0.0743465
0.0756667
0.0767696
0.0776514
0.0783102
0.0787461
0.0789614
0.0789607
0.078751
0.0783419
0.0777455
0.0769769
0.0760538
0.0749966
0.0738289
0.0725767
0.0712691
0.0699372
0.0686143
0.067335
0.0661347
0.0650504
0.0641188
0.0633495
0.0627387
0.0067481
0.00575466
0.0047313
0.00364114
0.00245403
0.00120049
-8.76715e-05
-0.00138244
-0.00265627
-0.00388246
-0.00503594
-0.00609372
-0.007035
-0.00784133
-0.00849662
-0.00898715
-0.00930148
-0.00943039
-0.00936676
-0.00910549
-0.00864335
-0.0079789
-0.00711236
-0.00604551
-0.00478158
-0.00332519
-0.0016822
0.000140315
0.00213419
0.00429022
0.00659826
0.00904728
0.0116254
0.0143201
0.0171179
0.0200052
0.0229673
0.0259894
0.0290561
0.0321517
0.0352603
0.0383658
0.041452
0.0445026
0.0475013
0.0504323
0.0532797
0.0560282
0.0586627
0.0611691
0.0635335
0.0657433
0.0677864
0.0696521
0.0713306
0.0728136
0.0740942
0.0751669
0.0760281
0.0766759
0.0771103
0.0773333
0.0773492
0.0771643
0.0767875
0.0762298
0.0755049
0.0746288
0.0736199
0.0724991
0.0712896
0.0700165
0.068707
0.0673894
0.0660927
0.064846
0.0636811
0.0626288
0.0616666
0.0607633
0.00887755
0.00756559
0.00632234
0.00508421
0.00378829
0.00245985
0.0011263
-0.000190139
-0.00146723
-0.00268287
-0.00381606
-0.00484729
-0.00575876
-0.00653456
-0.0071607
-0.00762519
-0.00791802
-0.00803108
-0.00795814
-0.00769473
-0.0072381
-0.00658711
-0.00574213
-0.00470499
-0.00347885
-0.00206815
-0.000478525
0.00128327
0.00320945
0.00529123
0.00751894
0.00988204
0.0123692
0.0149685
0.017667
0.0204517
0.0233086
0.0262234
0.0291815
0.0321677
0.0351669
0.0381635
0.041142
0.0440866
0.0469819
0.0498125
0.0525631
0.0552191
0.0577658
0.0601897
0.0624774
0.0646167
0.066596
0.0684048
0.0700338
0.0714748
0.0727211
0.0737675
0.0746101
0.0752471
0.0756782
0.0759052
0.0759316
0.0757633
0.0754082
0.0748762
0.0741795
0.0733325
0.0723516
0.0712552
0.0700637
0.0687988
0.0674839
0.066143
0.0648001
0.0634788
0.0622071
0.0610107
0.0598358
0.0586256
0.0110837
0.00944931
0.0079751
0.00657281
0.00514866
0.00372382
0.00232235
0.000961466
-0.000341227
-0.00156772
-0.00270065
-0.00372375
-0.00462203
-0.00538199
-0.0059917
-0.00644091
-0.00672102
-0.00682511
-0.00674787
-0.00648558
-0.00603603
-0.00539846
-0.0045735
-0.00356309
-0.00237041
-0.000999821
0.0005432
0.00225214
0.00411949
0.00613684
0.00829489
0.0105835
0.012992
0.0155086
0.0181214
0.0208174
0.0235834
0.0264058
0.0292703
0.0321624
0.0350676
0.0379707
0.0408569
0.043711
0.0465181
0.0492631
0.0519316
0.054509
0.0569815
0.0593357
0.0615589
0.0636389
0.0655646
0.0673257
0.0689132
0.070319
0.0715364
0.0725602
0.0733865
0.0740131
0.0744397
0.0746673
0.0746992
0.0745402
0.0741974
0.0736796
0.0729977
0.0721642
0.0711937
0.0701024
0.0689078
0.0676288
0.0662853
0.0648975
0.0634851
0.0620671
0.0606685
0.0593113
0.0579119
0.0563898
0.0133107
0.0113557
0.0096451
0.00806784
0.00650128
0.00496364
0.00347645
0.0020527
0.000706012
-0.0005492
-0.00169884
-0.00272955
-0.00362896
-0.00438584
-0.00499023
-0.00543357
-0.00570869
-0.00580984
-0.00573269
-0.0054743
-0.00503307
-0.00440868
-0.00360208
-0.00261542
-0.00145195
-0.000116049
0.00138692
0.00305058
0.00486767
0.00683004
0.00892874
0.011154
0.0134955
0.0159419
0.0184817
0.0211026
0.0237916
0.0265357
0.0293211
0.0321339
0.0349598
0.0377845
0.0405933
0.0433717
0.0461051
0.048779
0.0513792
0.0538918
0.0563031
0.0586002
0.0607704
0.0628021
0.0646842
0.0664066
0.0679604
0.0693376
0.0705315
0.0715366
0.072349
0.0729662
0.0733873
0.0736131
0.0736461
0.0734903
0.0731519
0.0726385
0.0719595
0.0711261
0.0701508
0.0690479
0.0678323
0.0665204
0.065129
0.063675
0.0621745
0.0606427
0.0591022
0.0575726
0.0559424
0.0541093
0.0155118
0.0132414
0.0112927
0.00953366
0.00781467
0.00615191
0.00456514
0.00306383
0.00165818
0.000359488
-0.000821023
-0.00187264
-0.00278537
-0.0035501
-0.00415873
-0.00460432
-0.00488108
-0.00498445
-0.00491107
-0.00465882
-0.00422674
-0.00361502
-0.00282497
-0.00185899
-0.000720505
0.000586077
0.0020554
0.00368119
0.00545634
0.00737292
0.00942223
0.0115949
0.0138807
0.0162689
0.0187483
0.021307
0.0239325
0.026612
0.0293323
0.03208
0.0348411
0.0376017
0.0403476
0.0430646
0.0457385
0.0483552
0.0509009
0.0533617
0.0557246
0.0579765
0.0601053
0.0620992
0.0639475
0.0656402
0.0671681
0.0685234
0.0696991
0.0706897
0.071491
0.0721001
0.0725156
0.0727378
0.0727684
0.0726108
0.07227
0.0717525
0.0710665
0.0702217
0.0692288
0.0681001
0.0668486
0.0654881
0.0640328
0.062497
0.0608936
0.0592346
0.0575414
0.0558316
0.0539681
0.0518282
0.0176474
0.0150687
0.0128827
0.010938
0.00905971
0.00726278
0.00556581
0.00397537
0.00249873
0.00114452
-7.85578e-05
-0.00116215
-0.00209842
-0.0028802
-0.00350113
-0.0039558
-0.00423976
-0.00434961
-0.00428297
-0.00403852
-0.00361597
-0.00301606
-0.00224051
-0.00129202
-0.000174211
0.00110839
0.0025504
0.0041456
0.00588696
0.00776672
0.00977637
0.0119067
0.014148
0.0164897
0.0189209
0.0214299
0.0240048
0.0266332
0.0293021
0.0319984
0.0347086
0.0374191
0.0401161
0.0427856
0.0454139
0.047987
0.0504913
0.0529133
0.05524
0.0574587
0.0595573
0.061524
0.0633483
0.0650199
0.0665299
0.06787
0.0690333
0.0700138
0.0708071
0.0714099
0.0718203
0.0720378
0.0720636
0.0719001
0.0715514
0.071023
0.0703217
0.0694558
0.0684345
0.0672683
0.0659683
0.0645463
0.0630142
0.0613839
0.0596659
0.0578697
0.0560158
0.0541209
0.052024
0.0495832
0.0196843
0.0168047
0.0143839
0.0122516
0.0102095
0.00827192
0.00645676
0.00476819
0.00321104
0.00179164
0.00051649
-0.000608153
-0.00157638
-0.0023828
-0.00302269
-0.00349206
-0.00378774
-0.00390744
-0.00384974
-0.00361414
-0.00320104
-0.00261171
-0.00184833
-0.000913932
0.000187621
0.00145165
0.00287267
0.00444447
0.00616007
0.00801181
0.00999133
0.0120897
0.0142972
0.0166037
0.0189984
0.0214702
0.0240073
0.0265974
0.0292281
0.0318865
0.0345595
0.0372336
0.0398953
0.042531
0.045127
0.0476697
0.0501457
0.0525415
0.0548443
0.0570415
0.0591209
0.0610709
0.0628807
0.0645402
0.0660401
0.0673721
0.0685288
0.0695042
0.0702932
0.070892
0.0712983
0.071511
0.0715303
0.0713581
0.0709973
0.0704524
0.0697291
0.0688342
0.0677756
0.0665622
0.0652034
0.0637092
0.0620897
0.0603549
0.0585132
0.0565721
0.054552
0.0524691
0.0501398
0.0474048
0.0215937
0.0184209
0.0157681
0.0134478
0.0112393
0.0091565
0.00721722
0.00542367
0.00377858
0.00228633
0.000951504
-0.000221484
-0.00122847
-0.00206568
-0.00272986
-0.00321839
-0.0035293
-0.00366135
-0.00361407
-0.00338775
-0.00298347
-0.00240308
-0.00164922
-0.000725279
0.000364598
0.00161553
0.00302194
0.00457753
0.00627534
0.00810776
0.0100665
0.0121428
0.0143272
0.0166097
0.0189797
0.0214262
0.0239377
0.0265024
0.0291079
0.0317416
0.0343906
0.0370417
0.0396815
0.0422967
0.0448738
0.0473991
0.0498595
0.0522416
0.0545326
0.0567198
0.0587911
0.0607348
0.06254
0.0641963
0.0656943
0.0670254
0.0681819
0.0691572
0.069946
0.0705439
0.070948
0.0711564
0.0711687
0.0709859
0.0706099
0.0700443
0.0692936
0.0683634
0.0672603
0.0659919
0.064566
0.0629911
0.0612758
0.0594285
0.057456
0.0553643
0.0531738
0.0509012
0.0483415
0.0453184
0.0233506
0.0198917
0.0170104
0.0145025
0.012126
0.00989498
0.00782734
0.00592366
0.00418494
0.00261391
0.00121346
-1.36088e-05
-0.00106469
-0.00193749
-0.00263011
-0.00314117
-0.00346984
-0.0036159
-0.00357977
-0.00336253
-0.00296594
-0.00239241
-0.00164507
-0.000727682
0.000355304
0.00159879
0.00299702
0.00454362
0.0062316
0.00805335
0.0100007
0.0120649
0.0142365
0.0165059
0.0188625
0.0212957
0.0237939
0.0263457
0.0289387
0.0315606
0.0341987
0.0368399
0.0394711
0.0420789
0.04465
0.0471709
0.0496284
0.0520092
0.0543003
0.0564891
0.0585634
0.0605113
0.0623217
0.0639841
0.0654885
0.0668263
0.0679892
0.0689702
0.0697635
0.0703642
0.0707685
0.0709741
0.0709797
0.0707854
0.0703924
0.0698031
0.069021
0.0680507
0.0668976
0.0655678
0.0640682
0.0624058
0.060588
0.0586219
0.056513
0.0542663
0.0519028
0.0494395
0.0466514
0.0433459
0.0249329
0.0211942
0.0180879
0.0153933
0.0128482
0.010467
0.00826805
0.0062505
0.00441392
0.00275961
0.00128902
3.50031e-06
-0.00109573
-0.0020077
-0.00273177
-0.00326772
-0.00361578
-0.0037767
-0.00375174
-0.00354277
-0.00315219
-0.002583
-0.0018388
-0.000923751
0.000157366
0.0013992
0.00279583
0.00434075
0.00602689
0.00784662
0.00979177
0.0118536
0.014023
0.0162901
0.0186447
0.0210761
0.0235731
0.0261241
0.0287173
0.0313402
0.0339803
0.0366247
0.0392602
0.0418737
0.0444518
0.0469811
0.0494482
0.05184
0.0541433
0.0563454
0.0584338
0.0603966
0.0622223
0.0639
0.0654197
0.066772
0.0679485
0.0689414
0.0697445
0.0703522
0.0707601
0.0709652
0.0709653
0.0707598
0.0703489
0.0697341
0.068918
0.067904
0.0666966
0.0653007
0.0637222
0.061967
0.0600414
0.0579516
0.0557021
0.053297
0.0507583
0.0481039
0.0450891
0.0415058
0.0263208
0.0223079
0.0189796
0.0160995
0.0133858
0.0108533
0.00852101
0.00638696
0.00444947
0.00270861
0.00116457
-0.000182561
-0.00133283
-0.00228648
-0.003044
-0.00360626
-0.00397448
-0.00415032
-0.00413587
-0.00393373
-0.00354695
-0.0029791
-0.00223427
-0.00131703
-0.000232491
0.00101372
0.00241548
0.00396612
0.00565847
0.00748485
0.00943708
0.0115064
0.0136838
0.0159594
0.0183231
0.0207643
0.023272
0.0258346
0.0284403
0.0310768
0.0337317
0.0363922
0.039045
0.0416771
0.0442751
0.0468255
0.0493149
0.05173
0.0540576
0.0562847
0.0583986
0.0603871
0.0622384
0.0639414
0.0654854
0.0668606
0.0680582
0.0690699
0.0698886
0.0705083
0.070924
0.0711316
0.0711284
0.0709128
0.0704842
0.0698433
0.0689916
0.0679317
0.066667
0.0652016
0.0635403
0.0616881
0.0596507
0.0574333
0.0550398
0.0524738
0.0497582
0.0469121
0.043672
0.0398146
0.0274959
0.0232135
0.019666
0.0166017
0.0137196
0.0110354
0.00856845
0.00631616
0.00427568
0.00244603
0.000826294
-0.000584582
-0.00178777
-0.00278461
-0.00357666
-0.00416577
-0.00455411
-0.00474419
-0.00473891
-0.00454156
-0.00415584
-0.00358588
-0.00283625
-0.00191193
-0.000818391
0.000438462
0.00185226
0.00341618
0.00512291
0.00696469
0.00893327
0.0110199
0.0132155
0.0155104
0.0178944
0.0203569
0.022887
0.0254733
0.0281039
0.0307667
0.0334492
0.0361385
0.0388215
0.0414852
0.0441159
0.0467003
0.0492246
0.0516756
0.0540397
0.0563037
0.0584546
0.06048
0.0623676
0.0641057
0.0656835
0.0670906
0.0683174
0.0693552
0.0701962
0.0708337
0.0712618
0.071476
0.0714725
0.071249
0.0708041
0.0701374
0.0692497
0.0681427
0.0668189
0.0652816
0.0635347
0.0615827
0.0594303
0.0570823
0.0545422
0.051813
0.0489191
0.0458808
0.0424161
0.0382868
0.0284415
0.0238932
0.0201288
0.0168814
0.0138315
0.0109952
0.00839305
0.00602147
0.00387673
0.00195691
0.00026012
-0.00121571
-0.00247279
-0.00351345
-0.00434024
-0.00495594
-0.0053636
-0.00556656
-0.00556846
-0.00537329
-0.00498536
-0.00440935
-0.00365032
-0.00271368
-0.00160525
-0.000331244
0.00110174
0.00268666
0.00441607
0.00628208
0.00827639
0.0103902
0.0126144
0.0149392
0.0173546
0.0198499
0.0224143
0.0250364
0.0277042
0.0304058
0.0331284
0.0358595
0.0385857
0.0412938
0.0439702
0.0466014
0.0491735
0.0516729
0.0540859
0.0563989
0.0585988
0.0606724
0.0626073
0.0643913
0.0660128
0.067461
0.0687258
0.0697977
0.0706683
0.07133
0.0717764
0.0720019
0.0720021
0.0717738
0.0713147
0.0706237
0.0697006
0.0685464
0.0671627
0.0655522
0.063718
0.0616639
0.0593943
0.0569135
0.0542244
0.0513302
0.0482566
0.0450253
0.0413361
0.0369359
0.0291413
0.0243299
0.0203503
0.016921
0.0137036
0.0107154
0.0079778
0.00548644
0.00323681
0.00122617
-0.000548252
-0.00208946
-0.00340058
-0.00448489
-0.00534587
-0.00598715
-0.00641262
-0.00662641
-0.00663288
-0.00643668
-0.00604275
-0.0054563
-0.00468286
-0.00372828
-0.00259875
-0.00130078
0.000158756
0.00177261
0.00353316
0.0054324
0.00746189
0.00961281
0.0118759
0.0142414
0.0166993
0.019239
0.0218495
0.0245194
0.0272368
0.0299896
0.0327653
0.0355509
0.0383332
0.0410988
0.043834
0.046525
0.0491578
0.0517184
0.054193
0.0565675
0.0588283
0.0609621
0.0629556
0.0647964
0.0664722
0.0679716
0.0692837
0.0703984
0.0713065
0.0719998
0.0724709
0.0727134
0.0727222
0.0724931
0.0720231
0.0713101
0.0703533
0.0691527
0.0677094
0.0660252
0.0641028
0.0619453
0.0595568
0.0569413
0.0541016
0.0510406
0.0477857
0.0443603
0.0404458
0.0357745
0.0295797
0.024507
0.0203136
0.016703
0.0133187
0.0101789
0.00730587
0.00469468
0.00234007
0.000238572
-0.00161339
-0.00321968
-0.00458429
-0.00571137
-0.00660524
-0.00727039
-0.00771149
-0.00793342
-0.00794125
-0.00774027
-0.00733602
-0.00673424
-0.00594096
-0.00496244
-0.00380524
-0.00247621
-0.000982484
0.000668458
0.0024688
0.00441039
0.00648466
0.00868269
0.0109951
0.0134123
0.0159239
0.0185194
0.0211878
0.0239176
0.026697
0.0295137
0.0323551
0.0352082
0.0380597
0.0408959
0.0437031
0.0464671
0.0491737
0.0518086
0.0543576
0.0568064
0.0591407
0.0613468
0.063411
0.0653201
0.0670612
0.0686223
0.0699917
0.0711587
0.0721131
0.072846
0.0733491
0.0736153
0.0736384
0.0734136
0.0729368
0.0722052
0.0712172
0.0699721
0.0684702
0.0667128
0.0647019
0.0624404
0.0599319
0.0571805
0.0541885
0.0509591
0.0475213
0.0439
0.0397587
0.0348146
0.0297416
0.0244086
0.020002
0.0162107
0.0126599
0.00936875
0.00636051
0.00362977
0.00117053
-0.00102134
-0.00295018
-0.00462063
-0.00603751
-0.0072058
-0.00813062
-0.00881727
-0.00927118
-0.00949794
-0.00950333
-0.00929326
-0.00887386
-0.00825141
-0.0074324
-0.00642354
-0.00523177
-0.00386424
-0.00232841
-0.000631983
0.00121702
0.00321027
0.00533907
0.00759437
0.00996674
0.0124464
0.015023
0.0176859
0.0204242
0.0232261
0.0260799
0.0289732
0.0318932
0.0348268
0.0377606
0.0406808
0.0435732
0.0464236
0.0492174
0.05194
0.0545767
0.0571128
0.0595336
0.0618247
0.063972
0.0659614
0.0677796
0.0694136
0.0708511
0.0720805
0.0730908
0.0738722
0.0744156
0.0747129
0.0747571
0.0745424
0.0740639
0.0733181
0.0723024
0.0710154
0.0694569
0.0676275
0.0655288
0.0631632
0.0605342
0.0576457
0.0545
0.0511005
0.0474778
0.0436586
0.039288
0.0340684
0.0296117
0.0240184
0.0193988
0.015427
0.01171
0.00826786
0.00512488
0.00227514
-0.000287991
-0.00256931
-0.00457383
-0.00630696
-0.0077743
-0.00898162
-0.00993483
-0.01064
-0.0111032
-0.011331
-0.0113295
-0.0111055
-0.0106656
-0.0100167
-0.0091656
-0.0081196
-0.00688595
-0.00547219
-0.00388603
-0.00213545
-0.000228682
0.00182574
0.00401899
0.00634188
0.00878486
0.011338
0.013991
0.0167331
0.0195531
0.0224395
0.0253803
0.0283628
0.0313745
0.0344018
0.0374313
0.0404488
0.0434401
0.0463905
0.0492852
0.0521091
0.0548471
0.057484
0.0600047
0.0623941
0.0646373
0.0667198
0.0686273
0.0703462
0.0718633
0.0731661
0.0742428
0.0750825
0.0756753
0.0760121
0.0760851
0.0758874
0.0754133
0.0746584
0.0736195
0.0722943
0.0706819
0.0687825
0.0665971
0.064128
0.0613783
0.0583519
0.0550513
0.0514798
0.04767
0.0436504
0.0390473
0.033548
0.0291746
0.0233204
0.0184874
0.014335
0.0104519
0.00685914
0.00358197
0.000614009
-0.00205198
-0.0044214
-0.00649996
-0.00829377
-0.00980921
-0.0110528
-0.0120312
-0.0127513
-0.0132199
-0.013444
-0.0134309
-0.0131875
-0.0127212
-0.0120394
-0.0111496
-0.0100592
-0.008776
-0.00730788
-0.00566287
-0.00384918
-0.00187531
0.000250044
0.00251786
0.00491882
0.00744325
0.0100811
0.012822
0.015655
0.018569
0.0215522
0.0245925
0.0276773
0.0307936
0.033928
0.0370667
0.0401952
0.0432992
0.0463635
0.049373
0.0523123
0.0551656
0.0579174
0.0605518
0.0630532
0.065406
0.0675949
0.0696049
0.0714214
0.0730304
0.0744184
0.0755727
0.0764815
0.0771337
0.0775195
0.0776298
0.077457
0.0769944
0.0762367
0.0751798
0.0738208
0.0721582
0.0701914
0.0679213
0.0653496
0.0624795
0.0593147
0.0558579
0.0521126
0.0481132
0.04389
0.0390504
0.0332661
0.0284147
0.0222982
0.017251
0.0129177
0.00886838
0.0051252
0.00171445
-0.00137076
-0.00413828
-0.00659411
-0.00874462
-0.0105966
-0.0121573
-0.0134338
-0.0144337
-0.0151645
-0.0156338
-0.0158494
-0.0158189
-0.0155503
-0.0150513
-0.0143298
-0.0133939
-0.0122514
-0.0109106
-0.00937969
-0.00766694
-0.00578091
-0.0037303
-0.00152403
0.000828696
0.00331841
0.0059353
0.00866921
0.0115096
0.0144456
0.0174657
0.0205582
0.0237109
0.026911
0.0301453
0.0334003
0.0366617
0.0399153
0.0431459
0.0463384
0.0494771
0.0525461
0.0555292
0.0584103
0.0611729
0.0638006
0.0662772
0.0685866
0.0707128
0.0726404
0.0743544
0.0758403
0.0770845
0.0780741
0.0787969
0.079242
0.0793994
0.0792604
0.0788173
0.0780639
0.0769954
0.0756079
0.0738994
0.0718687
0.0695163
0.0668436
0.0638536
0.0605502
0.056936
0.0530148
0.0488229
0.0443926
0.0393116
0.0332359
0.0273159
0.020935
0.0156723
0.0111573
0.00694162
0.00304826
-0.000495401
-0.00369673
-0.0065642
-0.00910441
-0.0113244
-0.0132317
-0.0148341
-0.0161397
-0.0171568
-0.0178935
-0.0183583
-0.0185596
-0.0185058
-0.0182054
-0.0176667
-0.0168983
-0.0159086
-0.014706
-0.0132991
-0.0116964
-0.00990671
-0.00793875
-0.00580148
-0.00350406
-0.00105584
0.00153351
0.00425407
0.00709554
0.0100473
0.0130982
0.0162369
0.0194514
0.0227294
0.026058
0.0294238
0.032813
0.0362113
0.0396039
0.0429756
0.0463108
0.0495933
0.0528068
0.0559347
0.05896
0.0618658
0.0646349
0.0672501
0.0696947
0.0719517
0.0740048
0.0758379
0.0774355
0.0787828
0.0798658
0.0806713
0.0811872
0.0814024
0.0813071
0.0808927
0.0801519
0.0790788
0.0776692
0.07592
0.0738296
0.071398
0.0686264
0.0655175
0.0620754
0.0583026
0.0542033
0.0498158
0.0451742
0.0398462
0.0334715
0.0258616
0.0192135
0.0137335
0.0090359
0.00465342
0.000610034
-0.00306581
-0.00638198
-0.00934759
-0.0119698
-0.0142564
-0.0162155
-0.0178558
-0.0191862
-0.0202155
-0.0209529
-0.0214074
-0.0215882
-0.0215044
-0.021165
-0.0205792
-0.0197559
-0.0187042
-0.0174328
-0.0159509
-0.0142672
-0.012391
-0.0103312
-0.00809704
-0.00569792
-0.0031434
-0.000443277
0.00239235
0.00535307
0.00842812
0.0116063
0.0148761
0.0182255
0.0216418
0.0251122
0.0286231
0.0321605
0.0357098
0.0392559
0.0427834
0.046276
0.0497175
0.0530908
0.0563788
0.0595639
0.0626285
0.0655545
0.0683241
0.0709194
0.0733227
0.0755165
0.0774837
0.0792076
0.0806723
0.0818625
0.0827639
0.0833632
0.0836481
0.0836076
0.083232
0.082513
0.0814438
0.0800191
0.0782353
0.0760902
0.0735831
0.0707151
0.0674888
0.063908
0.0599757
0.0556959
0.0511093
0.0462518
0.0406705
0.033988
0.0240346
0.0171158
0.0114163
0.00653481
0.00198495
-0.00220837
-0.00601563
-0.00944522
-0.0125069
-0.0152085
-0.0175583
-0.0195654
-0.0212393
-0.0225894
-0.0236255
-0.0243575
-0.0247953
-0.0249487
-0.0248276
-0.0244417
-0.0238007
-0.0229142
-0.0217916
-0.0204424
-0.018876
-0.0171017
-0.0151289
-0.012967
-0.0106254
-0.00811377
-0.00544184
-0.00261959
0.00034273
0.0034346
0.00664512
0.00996303
0.0133766
0.0168738
0.0204418
0.0240676
0.0277374
0.0314371
0.0351518
0.0388661
0.0425642
0.0462296
0.0498455
0.0533943
0.0568583
0.0602193
0.0634588
0.0665581
0.0694984
0.0722609
0.0748268
0.0771775
0.0792947
0.0811606
0.0827581
0.0840705
0.0850822
0.0857787
0.0861463
0.0861728
0.0858474
0.0851606
0.0841045
0.0826731
0.0808617
0.0786675
0.0760895
0.0731282
0.0697861
0.0660672
0.0619742
0.0575117
0.0527222
0.0476437
0.0418019
0.0348018
0.0218167
0.0146232
0.00870155
0.00363464
-0.00108335
-0.00542656
-0.00936442
-0.0129059
-0.0160613
-0.0188392
-0.0212486
-0.0232994
-0.0250018
-0.0263661
-0.027403
-0.0281231
-0.0285371
-0.0286557
-0.0284894
-0.0280486
-0.0273437
-0.0263849
-0.0251822
-0.0237455
-0.0220848
-0.0202096
-0.0181299
-0.0158551
-0.0133952
-0.0107599
-0.00795921
-0.00500322
-0.00190235
0.00133276
0.00469111
0.00816132
0.0117316
0.0153897
0.0191228
0.0229177
0.0267606
0.0306368
0.0345315
0.038429
0.0423131
0.0461668
0.0499729
0.0537134
0.0573698
0.0609233
0.0643547
0.0676444
0.0707726
0.0737194
0.0764651
0.0789899
0.0812742
0.083299
0.0850457
0.0864965
0.0876341
0.0884428
0.0889074
0.0890145
0.0887518
0.0881088
0.0870764
0.0856473
0.0838163
0.0815798
0.078936
0.0758852
0.0724296
0.0685731
0.0643186
0.0596708
0.0546744
0.0493694
0.0432592
0.0359308
0.019189
0.0117162
0.00556928
0.000315155
-0.00457188
-0.00906501
-0.0131326
-0.0167841
-0.0200307
-0.0228816
-0.0253465
-0.0274362
-0.0291615
-0.0305339
-0.0315649
-0.0322658
-0.0326483
-0.0327238
-0.0325036
-0.031999
-0.0312209
-0.0301802
-0.0288874
-0.0273531
-0.0255876
-0.0236009
-0.0214033
-0.0190047
-0.0164152
-0.0136448
-0.0107036
-0.007602
-0.00435048
-0.000959817
0.00255889
0.00619419
0.00993419
0.0137665
0.0176784
0.0216563
0.0256863
0.0297537
0.0338434
0.0379392
0.0420248
0.0460828
0.0500954
0.0540442
0.05791
0.0616733
0.065314
0.0688118
0.0721459
0.0752953
0.078239
0.0809561
0.0834257
0.0856274
0.0875411
0.0891475
0.0904281
0.0913652
0.0919426
0.0921451
0.0919591
0.0913727
0.0903755
0.0889594
0.0871178
0.0848465
0.082143
0.079007
0.0754406
0.0714476
0.0670308
0.0621951
0.0569875
0.0514501
0.0450629
0.0373943
0.0161317
0.00837428
0.00199856
-0.00344485
-0.008502
-0.0131451
-0.0173415
-0.0211012
-0.0244361
-0.0273561
-0.029872
-0.031995
-0.0337373
-0.035111
-0.0361286
-0.0368024
-0.0371449
-0.0371684
-0.036885
-0.0363068
-0.0354455
-0.0343125
-0.0329191
-0.0312764
-0.0293951
-0.0272857
-0.0249589
-0.022425
-0.0196941
-0.0167767
-0.0136831
-0.0104237
-0.00700924
-0.00345049
0.000241325
0.00405467
0.00797759
0.0119977
0.016102
0.020277
0.0245085
0.0287818
0.0330815
0.0373912
0.0416942
0.0459727
0.0502086
0.0543826
0.0584753
0.0624663
0.0663346
0.0700591
0.0736178
0.0769888
0.0801498
0.0830785
0.0857527
0.0881504
0.0902502
0.0920311
0.0934729
0.0945564
0.0952636
0.0955778
0.0954838
0.0949682
0.0940194
0.0926278
0.0907859
0.0884883
0.085732
0.082516
0.0788421
0.074714
0.0701343
0.0651082
0.059685
0.0539086
0.0472353
0.0392136
0.0126238
0.00457587
-0.00203261
-0.00766765
-0.0128961
-0.0176893
-0.0220134
-0.0258791
-0.0292992
-0.0322842
-0.0348458
-0.0369963
-0.0387488
-0.0401163
-0.0411122
-0.0417501
-0.0420433
-0.0420051
-0.0416484
-0.0409861
-0.0400308
-0.0387945
-0.0372892
-0.0355266
-0.0335178
-0.0312741
-0.0288062
-0.0261249
-0.0232407
-0.0201641
-0.0169057
-0.0134761
-0.00988602
-0.00614644
-0.0022686
0.00173592
0.00585512
0.0100765
0.0143872
0.0187735
0.0232211
0.0277152
0.0322402
0.0367795
0.041316
0.0458317
0.0503078
0.0547248
0.0590624
0.0632994
0.0674143
0.0713847
0.0751878
0.0788003
0.0821988
0.0853596
0.088259
0.0908734
0.0931797
0.0951552
0.096778
0.0980271
0.0988828
0.0993265
0.0993414
0.0989125
0.0980265
0.0966724
0.0948416
0.0925275
0.0897263
0.0864363
0.0826589
0.0783974
0.0736545
0.0684355
0.062792
0.05677
0.0498005
0.0414117
0.00864324
0.000298202
-0.00654744
-0.0123767
-0.0177779
-0.0227213
-0.0271719
-0.0311413
-0.0346429
-0.0376883
-0.0402899
-0.0424613
-0.0442163
-0.0455693
-0.0465347
-0.047127
-0.0473607
-0.0472501
-0.046809
-0.0460513
-0.0449903
-0.0436388
-0.0420096
-0.0401149
-0.0379665
-0.0355759
-0.0329546
-0.0301134
-0.0270632
-0.0238149
-0.020379
-0.0167664
-0.012988
-0.00905459
-0.0049776
-0.000768618
0.00356036
0.00799686
0.0125279
0.0171397
0.0218182
0.0265482
0.0313139
0.0360987
0.0408852
0.045655
0.0503888
0.0550667
0.0596676
0.0641698
0.0685508
0.0727872
0.0768552
0.0807303
0.0843877
0.0878022
0.0909485
0.0938014
0.0963361
0.0985279
0.100353
0.101789
0.102813
0.103406
0.103548
0.103224
0.102416
0.101114
0.0993075
0.096988
0.0941508
0.0907938
0.0869175
0.0825251
0.077619
0.0722047
0.0663359
0.0600612
0.0527849
0.0440141
0.00416662
-0.00448277
-0.0115705
-0.0175969
-0.0231723
-0.028266
-0.0328418
-0.0369121
-0.0404913
-0.0435918
-0.0462272
-0.0484119
-0.0501612
-0.0514904
-0.0524153
-0.0529515
-0.0531145
-0.0529198
-0.0523824
-0.0515169
-0.0503376
-0.0488583
-0.0470922
-0.0450525
-0.0427513
-0.040201
-0.037413
-0.034399
-0.0311698
-0.0277367
-0.0241104
-0.0203018
-0.0163218
-0.0121814
-0.00789202
-0.00346513
0.00108725
0.00575267
0.0105181
0.01537
0.020294
0.025275
0.0302972
0.0353436
0.0403967
0.0454377
0.0504471
0.0554043
0.0602876
0.0650746
0.0697419
0.0742653
0.0786196
0.0827793
0.0867179
0.0904089
0.0938253
0.0969401
0.0997265
0.102158
0.104209
0.105854
0.107069
0.107832
0.108122
0.107921
0.10721
0.105976
0.104208
0.101895
0.0990325
0.0956163
0.0916467
0.0871264
0.0820576
0.0764456
0.0703468
0.0638118
0.0562174
0.0470486
-0.000830765
-0.00979254
-0.0171277
-0.0233546
-0.0291059
-0.0343498
-0.0390494
-0.0432176
-0.0468698
-0.0500196
-0.0526816
-0.0548715
-0.0566057
-0.0579009
-0.0587742
-0.0592426
-0.0593227
-0.0590312
-0.0583842
-0.0573975
-0.0560864
-0.0544654
-0.0525487
-0.0503501
-0.0478825
-0.0451585
-0.0421904
-0.0389897
-0.0355681
-0.0319367
-0.0281065
-0.0240885
-0.0198936
-0.0155329
-0.0110176
-0.00635926
-0.00156978
0.00333849
0.0083526
0.013459
0.0186434
0.0238907
0.029185
0.0345093
0.0398458
0.0451755
0.0504785
0.0557337
0.0609189
0.0660109
0.0709855
0.0758174
0.0804804
0.0849475
0.089191
0.0931826
0.0968936
0.100295
0.103358
0.106055
0.108356
0.110235
0.111665
0.112622
0.113082
0.113024
0.11243
0.111283
0.109568
0.107277
0.1044
0.100934
0.0968776
0.0922332
0.0870025
0.0811908
0.0748569
0.0680539
0.0601294
0.0505455
-0.00637514
-0.0156582
-0.0232468
-0.0296776
-0.0356066
-0.0410009
-0.0458225
-0.0500851
-0.0538054
-0.0569978
-0.0596784
-0.0618641
-0.0635729
-0.0648228
-0.0656323
-0.0660198
-0.0660035
-0.0656012
-0.0648303
-0.0637078
-0.06225
-0.0604726
-0.0583905
-0.0560182
-0.0533694
-0.0504573
-0.0472945
-0.0438931
-0.0402649
-0.0364213
-0.0323734
-0.0281323
-0.0237089
-0.0191142
-0.0143594
-0.00945595
-0.00441557
0.000749488
0.00602644
0.0114018
0.0168615
0.0223904
0.0279726
0.0335911
0.0392279
0.0448639
0.0504789
0.0560512
0.0615582
0.0669759
0.0722794
0.0774422
0.0824371
0.0872356
0.0918087
0.0961263
0.100158
0.103872
0.107239
0.110227
0.112805
0.114945
0.116616
0.117792
0.118447
0.118556
0.1181
0.117059
0.115417
0.113162
0.110285
0.106779
0.102644
0.09788
0.0924889
0.0864757
0.0799018
0.0728226
0.0645553
0.054538
-0.0124944
-0.0221085
-0.0299572
-0.0365959
-0.0427045
-0.0482492
-0.0531907
-0.0575438
-0.0613263
-0.064554
-0.0672442
-0.0694154
-0.0710871
-0.0722789
-0.073011
-0.0733033
-0.0731755
-0.072647
-0.0717366
-0.0704624
-0.0688419
-0.0668919
-0.0646285
-0.0620667
-0.0592211
-0.0561054
-0.0527328
-0.0491157
-0.0452662
-0.0411959
-0.0369161
-0.0324378
-0.027772
-0.0229296
-0.0179216
-0.0127593
-0.00745417
-0.00201835
0.00353561
0.00919447
0.0149442
0.0207699
0.0266558
0.0325849
0.0385391
0.0444991
0.0504445
0.0563533
0.0622023
0.067967
0.0736214
0.0791383
0.0844891
0.0896441
0.0945726
0.0992428
0.103622
0.107678
0.111377
0.114685
0.117569
0.119998
0.121938
0.123361
0.124237
0.12454
0.124246
0.123333
0.121784
0.119584
0.116721
0.113188
0.108982
0.104104
0.0985549
0.0923388
0.0855199
0.0781561
0.0695327
0.0590626
-0.0192181
-0.0291743
-0.0372905
-0.0441413
-0.0504316
-0.0561265
-0.0611856
-0.0656247
-0.0694629
-0.0727174
-0.075407
-0.077552
-0.0791735
-0.080293
-0.0809325
-0.0811137
-0.0808579
-0.0801861
-0.0791187
-0.0776754
-0.0758748
-0.0737349
-0.0712728
-0.0685046
-0.0654454
-0.0621098
-0.0585113
-0.0546629
-0.0505769
-0.046265
-0.0417386
-0.0370088
-0.0320864
-0.0269822
-0.0217072
-0.0162722
-0.0106886
-0.00496807
0.000876997
0.00683368
0.0128882
0.019026
0.0252312
0.0314871
0.0377757
0.0440775
0.050372
0.0566369
0.0628485
0.0689817
0.0750097
0.0809044
0.086636
0.0921735
0.0974844
0.102535
0.107292
0.111718
0.115779
0.119438
0.12266
0.125408
0.127649
0.129349
0.130476
0.131
0.130895
0.130135
0.128701
0.126575
0.123743
0.120197
0.115932
0.110947
0.105242
0.0988222
0.0917535
0.0840964
0.0751027
0.0641591
-0.026578
-0.0368885
-0.0452803
-0.052348
-0.0588223
-0.0646672
-0.0698411
-0.0743609
-0.0782473
-0.0815189
-0.0841964
-0.0863019
-0.0878585
-0.0888899
-0.0894197
-0.0894719
-0.0890696
-0.0882358
-0.0869925
-0.0853608
-0.083361
-0.0810124
-0.078333
-0.07534
-0.0720494
-0.0684765
-0.0646352
-0.060539
-0.0562004
-0.0516313
-0.0468433
-0.0418472
-0.0366539
-0.0312739
-0.0257178
-0.0199964
-0.0141205
-0.0081015
-0.00195137
0.00431733
0.0106912
0.0171559
0.023696
0.030295
0.0369348
0.0435963
0.0502585
0.0568991
0.0634941
0.0700177
0.0764426
0.0827395
0.0888775
0.0948244
0.100546
0.106007
0.11117
0.115999
0.120455
0.124498
0.12809
0.131192
0.133767
0.135776
0.137186
0.137963
0.138075
0.137497
0.136203
0.134173
0.131392
0.127849
0.123536
0.118452
0.112596
0.105972
0.0986485
0.0906893
0.0813104
0.0698711
-0.034608
-0.0452865
-0.053963
-0.0612528
-0.0679136
-0.073908
-0.0791934
-0.0837879
-0.0877138
-0.0909916
-0.0936438
-0.0956948
-0.0971699
-0.098095
-0.0984961
-0.0983994
-0.0978302
-0.0968134
-0.095373
-0.093532
-0.0913121
-0.0887341
-0.0858172
-0.0825798
-0.0790387
-0.0752098
-0.0711078
-0.0667465
-0.0621387
-0.0572964
-0.0522311
-0.0469538
-0.0414749
-0.0358048
-0.0299538
-0.023932
-0.0177502
-0.0114191
-0.00495015
0.00164453
0.00835202
0.0151584
0.0220487
0.0290066
0.0360144
0.043053
0.0501016
0.0571377
0.0641369
0.0710732
0.0779184
0.0846424
0.0912134
0.0975974
0.103759
0.109661
0.115263
0.120528
0.125412
0.129874
0.133873
0.137365
0.140309
0.142665
0.144392
0.145455
0.145819
0.145451
0.144326
0.142418
0.13971
0.136187
0.131841
0.126668
0.120666
0.113837
0.106255
0.0979848
0.0882049
0.0762464
-0.0433446
-0.0544063
-0.0633778
-0.0708956
-0.0777454
-0.0838887
-0.0892815
-0.0939437
-0.0978991
-0.10117
-0.103782
-0.105762
-0.107136
-0.107935
-0.108186
-0.107918
-0.107159
-0.105936
-0.104275
-0.102201
-0.0997386
-0.0969087
-0.0937325
-0.0902294
-0.0864172
-0.0823126
-0.077931
-0.0732863
-0.0683918
-0.0632596
-0.0579011
-0.052327
-0.0465478
-0.0405732
-0.0344132
-0.0280776
-0.0215763
-0.0149196
-0.0081184
-0.00118412
0.0058709
0.0130333
0.0202887
0.0276211
0.0350133
0.0424464
0.0498998
0.0573509
0.0647754
0.0721466
0.079436
0.0866126
0.0936434
0.100493
0.107125
0.1135
0.119575
0.12531
0.13066
0.135579
0.140022
0.143943
0.147296
0.150037
0.152121
0.153508
0.154158
0.154036
0.15311
0.151353
0.148742
0.145261
0.140897
0.135647
0.129505
0.122474
0.114629
0.106038
0.0958404
0.0833374
-0.0528269
-0.0642892
-0.0735672
-0.0813195
-0.0883611
-0.0946523
-0.100148
-0.104869
-0.108843
-0.112093
-0.114647
-0.116536
-0.117788
-0.118437
-0.118514
-0.118049
-0.117075
-0.11562
-0.113713
-0.111381
-0.10865
-0.105544
-0.102084
-0.0982923
-0.094187
-0.0897856
-0.0851041
-0.0801569
-0.0749575
-0.069518
-0.0638498
-0.0579634
-0.0518687
-0.0455753
-0.0390925
-0.0324294
-0.0255954
-0.0186
-0.0114534
-0.00416635
0.00324966
0.010782
0.0184168
0.0261388
0.0339314
0.0417759
0.0496522
0.0575378
0.0654083
0.0732368
0.0809943
0.0886493
0.0961677
0.103513
0.110647
0.117527
0.124111
0.130353
0.136206
0.141622
0.146551
0.150943
0.154748
0.157916
0.160399
0.162151
0.163128
0.16329
0.162599
0.161024
0.158539
0.155123
0.150762
0.145447
0.139174
0.131942
0.12383
0.114909
0.104276
0.0912015
-0.0630975
-0.0749801
-0.0845775
-0.0925714
-0.0998078
-0.106245
-0.111838
-0.116609
-0.120587
-0.1238
-0.126277
-0.128051
-0.129158
-0.12963
-0.129505
-0.128816
-0.127597
-0.125881
-0.123699
-0.121081
-0.118054
-0.114644
-0.110875
-0.10677
-0.102348
-0.0976272
-0.0926244
-0.0873545
-0.0818311
-0.0760664
-0.0700715
-0.0638567
-0.0574315
-0.0508048
-0.0439853
-0.0369815
-0.0298018
-0.0224551
-0.0149506
-0.00729798
0.000491904
0.00840736
0.0164354
0.0245616
0.0327699
0.0410423
0.0493591
0.0576982
0.0660352
0.0743433
0.0825931
0.0907524
0.0987864
0.106657
0.114325
0.121746
0.128875
0.135663
0.142061
0.148016
0.153475
0.158383
0.162685
0.166328
0.169256
0.171419
0.172767
0.173254
0.172837
0.171481
0.169154
0.16583
0.161493
0.156131
0.149736
0.142307
0.133925
0.124663
0.113577
0.0999016
-0.0742025
-0.0865278
-0.0964593
-0.104703
-0.112137
-0.118719
-0.124402
-0.129212
-0.133178
-0.136333
-0.13871
-0.140345
-0.141277
-0.141544
-0.141186
-0.14024
-0.138744
-0.136735
-0.134245
-0.131309
-0.127956
-0.124213
-0.120108
-0.115662
-0.110897
-0.105833
-0.100486
-0.0948722
-0.0890049
-0.0828963
-0.0765574
-0.0699979
-0.0632269
-0.0562526
-0.0490829
-0.0417253
-0.0341876
-0.0264773
-0.0186027
-0.0105727
-0.00239673
0.00591438
0.0143487
0.0228928
0.0315314
0.0402475
0.0490218
0.0578328
0.0666565
0.0754661
0.084232
0.0929218
0.1015
0.109927
0.118162
0.12616
0.133871
0.141247
0.148232
0.154772
0.160807
0.16628
0.17113
0.175297
0.178722
0.181346
0.183113
0.183973
0.183875
0.182778
0.180645
0.177446
0.173158
0.167767
0.161263
0.153642
0.144987
0.135375
0.123815
0.109507
-0.0861925
-0.098986
-0.109268
-0.11777
-0.125406
-0.13213
-0.137895
-0.142729
-0.146666
-0.14974
-0.15199
-0.153456
-0.154181
-0.154208
-0.153581
-0.152342
-0.150534
-0.148194
-0.145363
-0.142074
-0.13836
-0.134253
-0.129779
-0.124963
-0.119828
-0.114395
-0.10868
-0.1027
-0.096468
-0.0899963
-0.0832955
-0.0763749
-0.0692428
-0.0619066
-0.0543733
-0.0466495
-0.0387417
-0.0306563
-0.0224005
-0.0139817
-0.00540841
0.00330999
0.0121627
0.0211375
0.0302202
0.0393948
0.0486428
0.0579435
0.0672733
0.0766059
0.0859117
0.0951579
0.104308
0.113323
0.12216
0.13077
0.139105
0.14711
0.154728
0.1619
0.168563
0.174654
0.180105
0.184852
0.188828
0.191968
0.19421
0.195494
0.195765
0.194974
0.193076
0.190037
0.185828
0.180432
0.173832
0.166025
0.157096
0.147124
0.135069
0.120094
-0.0991228
-0.112414
-0.123066
-0.131836
-0.139676
-0.146539
-0.152376
-0.157218
-0.161103
-0.164071
-0.166163
-0.167425
-0.167906
-0.167654
-0.166718
-0.165146
-0.162983
-0.160273
-0.157059
-0.153378
-0.149267
-0.144759
-0.139883
-0.134667
-0.129133
-0.123302
-0.117194
-0.110824
-0.104206
-0.0973512
-0.0902703
-0.0829719
-0.0754634
-0.0677514
-0.0598416
-0.0517395
-0.0434502
-0.0349791
-0.0263316
-0.0175138
-0.00853285
0.000603398
0.00988558
0.0193028
0.0288422
0.038489
0.0482259
0.0580331
0.0678878
0.0777641
0.0876329
0.0974613
0.107213
0.116847
0.126319
0.135581
0.144579
0.153258
0.161557
0.169413
0.176757
0.183521
0.189632
0.195019
0.199607
0.203325
0.206101
0.207869
0.208565
0.208131
0.206516
0.203678
0.199582
0.194207
0.18753
0.179546
0.170342
0.159999
0.147425
0.131747
-0.113055
-0.126877
-0.13792
-0.146971
-0.155018
-0.162015
-0.167911
-0.172742
-0.17655
-0.179379
-0.181277
-0.182296
-0.18249
-0.181914
-0.180623
-0.17867
-0.176106
-0.172981
-0.169339
-0.165224
-0.160675
-0.155728
-0.150414
-0.144761
-0.138796
-0.13254
-0.126011
-0.119227
-0.1122
-0.104942
-0.0974622
-0.0897693
-0.0818693
-0.0737678
-0.0654691
-0.0569773
-0.0482962
-0.0394293
-0.0303808
-0.0211549
-0.0117572
-0.00219376
0.0075276
0.0173976
0.0274051
0.0375367
0.0477764
0.0581057
0.0685029
0.0789429
0.0893971
0.0998328
0.110214
0.120498
0.130641
0.140593
0.150298
0.159697
0.168727
0.177319
0.185402
0.192899
0.199734
0.205826
0.211093
0.215456
0.218834
0.221151
0.222334
0.222316
0.221039
0.218449
0.214507
0.209183
0.202452
0.194301
0.184822
0.174098
0.160982
0.144559
-0.128056
-0.142448
-0.153907
-0.16325
-0.171508
-0.178632
-0.184574
-0.18937
-0.19307
-0.195723
-0.197385
-0.198114
-0.197972
-0.197021
-0.195322
-0.192935
-0.189918
-0.186325
-0.182207
-0.17761
-0.172578
-0.167148
-0.161356
-0.155232
-0.148801
-0.142087
-0.13511
-0.127885
-0.120426
-0.112744
-0.104847
-0.0967432
-0.088437
-0.0799327
-0.0712333
-0.0623414
-0.0532588
-0.0439875
-0.0345297
-0.024888
-0.0150657
-0.00506726
0.00510154
0.0154333
0.0259186
0.036546
0.047301
0.0581667
0.0691227
0.0801451
0.0912061
0.102274
0.113311
0.124278
0.135127
0.145808
0.156263
0.166431
0.176243
0.185629
0.194511
0.202808
0.210434
0.217302
0.223322
0.228403
0.232458
0.235397
0.237139
0.237605
0.236726
0.23444
0.230698
0.225462
0.218701
0.210399
0.200646
0.189532
0.175846
0.158633
-0.144202
-0.15921
-0.171114
-0.180762
-0.189233
-0.196477
-0.202445
-0.207179
-0.210734
-0.213168
-0.214544
-0.214929
-0.214393
-0.213007
-0.21084
-0.207959
-0.20443
-0.200312
-0.195661
-0.19053
-0.184964
-0.179006
-0.172693
-0.166056
-0.159124
-0.15192
-0.144464
-0.136772
-0.128857
-0.120729
-0.112397
-0.103865
-0.0951384
-0.0862188
-0.0771079
-0.0678062
-0.0583138
-0.0486307
-0.0387569
-0.0286929
-0.0184399
-0.00800022
0.00262258
0.0134232
0.0243945
0.0355268
0.046808
0.0582227
0.0697523
0.0813743
0.0930623
0.104785
0.116507
0.128186
0.139777
0.151226
0.162476
0.173461
0.184112
0.194352
0.204097
0.213262
0.221753
0.229475
0.236327
0.242211
0.247024
0.250669
0.253049
0.254075
0.253665
0.251746
0.248258
0.243154
0.236395
0.227958
0.217937
0.20642
0.192136
0.174083
-0.16158
-0.177255
-0.189635
-0.199604
-0.208291
-0.215644
-0.221615
-0.226252
-0.229619
-0.231782
-0.232813
-0.232791
-0.231795
-0.229905
-0.227201
-0.223758
-0.219649
-0.214941
-0.209697
-0.203972
-0.197819
-0.191282
-0.1844
-0.177209
-0.169736
-0.162007
-0.154041
-0.145854
-0.137459
-0.128864
-0.120077
-0.111102
-0.101941
-0.0925945
-0.0830621
-0.0733423
-0.0634331
-0.0533322
-0.0430372
-0.0325463
-0.0218583
-0.010973
0.0001084
0.0113831
0.0228464
0.034491
0.046307
0.0582813
0.0703974
0.0826347
0.0949682
0.107368
0.1198
0.132223
0.144589
0.156847
0.168937
0.180791
0.192336
0.203492
0.21417
0.224278
0.233713
0.242373
0.250146
0.256922
0.262587
0.267029
0.270139
0.271812
0.271952
0.270474
0.267304
0.262383
0.255663
0.247114
0.236829
0.224901
0.209987
0.191038
-0.180285
-0.196688
-0.209582
-0.219889
-0.228792
-0.236241
-0.242185
-0.246685
-0.24981
-0.25164
-0.252258
-0.251754
-0.25022
-0.247748
-0.244428
-0.240345
-0.235581
-0.230211
-0.224303
-0.217921
-0.21112
-0.203948
-0.196449
-0.188656
-0.180602
-0.172311
-0.163803
-0.155092
-0.146192
-0.137109
-0.12785
-0.118416
-0.108807
-0.0990233
-0.0890609
-0.0789162
-0.0685848
-0.0580617
-0.0473422
-0.0364217
-0.0252964
-0.0139633
-0.00242082
0.00933096
0.02129
0.0334518
0.0458091
0.0583515
0.0710648
0.0839308
0.0969266
0.110024
0.12319
0.136385
0.149563
0.162669
0.175644
0.188419
0.200918
0.213055
0.224739
0.235867
0.246334
0.256022
0.264813
0.272582
0.279202
0.284546
0.288488
0.290907
0.291692
0.290739
0.287961
0.283284
0.276649
0.268015
0.257477
0.245126
0.229547
0.209639
-0.200428
-0.217629
-0.231081
-0.241743
-0.250862
-0.258387
-0.264271
-0.268581
-0.271402
-0.272825
-0.272949
-0.271876
-0.269714
-0.266568
-0.262541
-0.257729
-0.252224
-0.24611
-0.239464
-0.232353
-0.224839
-0.216973
-0.2088
-0.200359
-0.19168
-0.182788
-0.173704
-0.164442
-0.155011
-0.14542
-0.13567
-0.125762
-0.115695
-0.105464
-0.0950648
-0.08449
-0.0737328
-0.0627854
-0.0516401
-0.0402896
-0.0287269
-0.0169461
-0.00494254
0.00728674
0.0197428
0.0324242
0.0453268
0.0584431
0.0717618
0.0852676
0.0989401
0.112754
0.126677
0.140671
0.154692
0.168687
0.182593
0.196342
0.209855
0.223042
0.235807
0.248042
0.259631
0.270448
0.280363
0.289236
0.296926
0.303288
0.308179
0.31146
0.312997
0.312669
0.31037
0.30601
0.299514
0.290831
0.280051
0.267269
0.250986
0.230048
-0.222136
-0.240219
-0.254276
-0.265313
-0.274645
-0.282222
-0.288
-0.292059
-0.294499
-0.295427
-0.294959
-0.293215
-0.29032
-0.286395
-0.281556
-0.275915
-0.269573
-0.262624
-0.255154
-0.247237
-0.238937
-0.230313
-0.22141
-0.212268
-0.202919
-0.193388
-0.183693
-0.173849
-0.163865
-0.153743
-0.143487
-0.133093
-0.122556
-0.111872
-0.10103
-0.0900219
-0.0788375
-0.0674657
-0.0558959
-0.0441172
-0.0321196
-0.0198939
-0.00743199
0.00527248
0.018224
0.0314245
0.0448734
0.0585666
0.0724961
0.0866499
0.101011
0.115556
0.130257
0.145077
0.159973
0.174893
0.189777
0.204553
0.219142
0.233451
0.247377
0.260808
0.273618
0.285673
0.296827
0.306928
0.315817
0.32333
0.329303
0.333575
0.33599
0.336403
0.334687
0.33073
0.32444
0.31575
0.304747
0.291525
0.274496
0.252447
-0.245554
-0.264615
-0.279335
-0.290767
-0.300306
-0.307902
-0.313518
-0.31725
-0.319216
-0.319543
-0.318367
-0.315833
-0.312082
-0.307255
-0.301486
-0.2949
-0.287613
-0.279729
-0.271341
-0.262531
-0.25337
-0.243917
-0.234222
-0.224326
-0.21426
-0.204049
-0.19371
-0.183256
-0.172693
-0.162023
-0.151245
-0.140352
-0.129339
-0.118195
-0.106908
-0.095466
-0.0838554
-0.072062
-0.0600713
-0.0478692
-0.0354421
-0.0227771
-0.0098625
0.00331181
0.016754
0.0304701
0.0444631
0.0587329
0.0732754
0.0880823
0.10314
0.11843
0.133925
0.149594
0.165395
0.181279
0.197184
0.213042
0.228769
0.244272
0.259445
0.274167
0.288305
0.301714
0.314235
0.3257
0.335931
0.344744
0.351951
0.357364
0.360803
0.362094
0.361083
0.357634
0.35163
0.342987
0.331785
0.318116
0.300294
0.277041
-0.270854
-0.291008
-0.306454
-0.318303
-0.328036
-0.335609
-0.340993
-0.344302
-0.34568
-0.345278
-0.343259
-0.339791
-0.335041
-0.329171
-0.322335
-0.314676
-0.306321
-0.297389
-0.287981
-0.278186
-0.26808
-0.257725
-0.247174
-0.236467
-0.225636
-0.214704
-0.203687
-0.192595
-0.181432
-0.170195
-0.158882
-0.147482
-0.135985
-0.124379
-0.112647
-0.100773
-0.08874
-0.0765303
-0.0641255
-0.0515078
-0.0386597
-0.0255642
-0.0122059
0.0014296
0.0153545
0.029579
0.0441103
0.0589528
0.0741068
0.0895682
0.105328
0.121371
0.137676
0.154214
0.170947
0.187828
0.204799
0.22179
0.238721
0.255494
0.272
0.288113
0.303692
0.318582
0.332609
0.345589
0.357324
0.367605
0.376219
0.382948
0.38758
0.38991
0.389749
0.386933
0.381315
0.372786
0.361418
0.347298
0.328628
0.304065
-0.298236
-0.319616
-0.335863
-0.348149
-0.358058
-0.365551
-0.370612
-0.373381
-0.374032
-0.372747
-0.36972
-0.365151
-0.359235
-0.35216
-0.344101
-0.335221
-0.325664
-0.315559
-0.305018
-0.294138
-0.282997
-0.271663
-0.260188
-0.248613
-0.236969
-0.225276
-0.213548
-0.201791
-0.190007
-0.178189
-0.166329
-0.154416
-0.142434
-0.130365
-0.11819
-0.105889
-0.0934416
-0.0808243
-0.0680156
-0.0549934
-0.041736
-0.0282224
-0.0144328
-0.000348516
0.0140472
0.0287691
0.0438293
0.0592366
0.0749965
0.0911099
0.107573
0.124375
0.1415
0.158923
0.176612
0.194522
0.2126
0.230777
0.248974
0.267093
0.285022
0.302632
0.319774
0.336281
0.351967
0.366629
0.380047
0.391987
0.402206
0.410452
0.416476
0.420034
0.420899
0.418867
0.413756
0.405427
0.393937
0.379363
0.359787
0.333789
-0.327936
-0.3507
-0.367834
-0.380576
-0.390631
-0.39797
-0.402593
-0.404676
-0.404428
-0.402073
-0.397844
-0.391975
-0.384698
-0.376229
-0.36677
-0.356503
-0.345591
-0.334177
-0.322382
-0.310308
-0.29804
-0.285645
-0.273177
-0.260676
-0.24817
-0.235677
-0.223207
-0.210762
-0.198339
-0.185928
-0.173515
-0.161085
-0.148617
-0.13609
-0.123479
-0.11076
-0.0979082
-0.0848958
-0.0716969
-0.0582849
-0.0446339
-0.0307183
-0.0165137
-0.00199684
0.0128539
0.0280583
0.0436333
0.0595934
0.0759492
0.0927073
0.109869
0.127431
0.145382
0.163704
0.182367
0.201335
0.220558
0.239971
0.259496
0.279039
0.298485
0.317701
0.336533
0.354803
0.372314
0.388842
0.404145
0.41796
0.43001
0.440006
0.447655
0.452667
0.454768
0.453705
0.449252
0.44123
0.429675
0.414652
0.394103
0.366525
-0.360235
-0.384571
-0.402688
-0.415904
-0.426059
-0.433144
-0.437183
-0.438395
-0.437039
-0.433388
-0.427721
-0.420319
-0.411452
-0.401373
-0.390311
-0.378473
-0.366039
-0.353166
-0.339984
-0.326602
-0.313108
-0.299569
-0.286039
-0.272555
-0.259141
-0.245812
-0.232572
-0.219418
-0.206342
-0.193329
-0.180361
-0.167415
-0.154466
-0.141488
-0.128452
-0.115328
-0.102086
-0.0886953
-0.0751239
-0.061341
-0.0473159
-0.0330185
-0.0184193
-0.00349028
0.0117954
0.0274626
0.0435342
0.06003
0.0769669
0.0943577
0.11221
0.130528
0.149305
0.168531
0.188185
0.208234
0.228636
0.249331
0.270246
0.291288
0.312344
0.333281
0.353937
0.374129
0.393644
0.412241
0.429653
0.445588
0.459729
0.471745
0.481293
0.488028
0.491617
0.49175
0.488142
0.480564
0.469023
0.453563
0.431965
0.402636
-0.39547
-0.421603
-0.440814
-0.454512
-0.464703
-0.4714
-0.474666
-0.474777
-0.472053
-0.466828
-0.459443
-0.450231
-0.43951
-0.427571
-0.414678
-0.401061
-0.386921
-0.372427
-0.357718
-0.342908
-0.328086
-0.31332
-0.298659
-0.284136
-0.269771
-0.255573
-0.241539
-0.227661
-0.213924
-0.200306
-0.186783
-0.173328
-0.159908
-0.146492
-0.133046
-0.119534
-0.105922
-0.092173
-0.0782511
-0.0641204
-0.0497452
-0.0350904
-0.0201216
-0.0048053
0.0108905
0.0269965
0.0435412
0.0605508
0.0780486
0.0960543
0.114583
0.133645
0.153244
0.173376
0.194028
0.215177
0.236786
0.258806
0.281167
0.303783
0.326545
0.349317
0.37194
0.39422
0.415933
0.436821
0.456593
0.474922
0.491453
0.505804
0.517574
0.526352
0.531737
0.533344
0.530817
0.523859
0.512435
0.496562
0.473832
0.44255
-0.434052
-0.462249
-0.48268
-0.496858
-0.506987
-0.51312
-0.515369
-0.514085
-0.509671
-0.502537
-0.493097
-0.481749
-0.468864
-0.454781
-0.439798
-0.424173
-0.408125
-0.391836
-0.375453
-0.359091
-0.34284
-0.326763
-0.310905
-0.295292
-0.279938
-0.264843
-0.249999
-0.235387
-0.220986
-0.206766
-0.192697
-0.178743
-0.164868
-0.151032
-0.137196
-0.123319
-0.109361
-0.0952798
-0.0810344
-0.0665836
-0.0518868
-0.0369037
-0.0215947
-0.00592083
0.0101556
0.026671
0.0436602
0.0611561
0.0791889
0.0977857
0.11697
0.13676
0.157168
0.1782
0.199852
0.222111
0.244951
0.26833
0.29219
0.316451
0.34101
0.365737
0.39047
0.415013
0.439133
0.462556
0.484965
0.506001
0.525263
0.542314
0.556687
0.567895
0.575449
0.578876
0.577725
0.571614
0.56045
0.544203
0.520248
0.486771
-0.476479
-0.507062
-0.528853
-0.54349
-0.553419
-0.558749
-0.559663
-0.556616
-0.55011
-0.540657
-0.528758
-0.514888
-0.499483
-0.482931
-0.46557
-0.447684
-0.429512
-0.411245
-0.393034
-0.374995
-0.357213
-0.339745
-0.32263
-0.305883
-0.289509
-0.273498
-0.257833
-0.242485
-0.227425
-0.212614
-0.198013
-0.18358
-0.169271
-0.155039
-0.14084
-0.126626
-0.112352
-0.0979689
-0.0834316
-0.0686934
-0.0537084
-0.038431
-0.0228161
-0.00681933
0.00960286
0.0264931
0.0438928
0.0618416
0.0803772
0.0995349
0.119347
0.13984
0.161037
0.182955
0.205601
0.228973
0.253057
0.277824
0.303227
0.329197
0.355643
0.38244
0.409431
0.436421
0.46317
0.489391
0.514743
0.538835
0.56122
0.581397
0.598825
0.612926
0.623107
0.628783
0.629385
0.624417
0.613703
0.597149
0.571866
0.535904
-0.523366
-0.556725
-0.580031
-0.595077
-0.604606
-0.608809
-0.607976
-0.602693
-0.593597
-0.581323
-0.566481
-0.549637
-0.5313
-0.511913
-0.491853
-0.471432
-0.450904
-0.430467
-0.410274
-0.390434
-0.371026
-0.352096
-0.33367
-0.315755
-0.298339
-0.281403
-0.264916
-0.248841
-0.233135
-0.217752
-0.202642
-0.187757
-0.173042
-0.158446
-0.143917
-0.1294
-0.114844
-0.100196
-0.0854042
-0.0704165
-0.0551817
-0.039649
-0.0237678
-0.00748796
0.00923996
0.0264649
0.0442349
0.062597
0.0815968
0.101278
0.121682
0.142846
0.164804
0.187584
0.211207
0.235684
0.261016
0.287189
0.31417
0.341907
0.37032
0.399298
0.428695
0.458319
0.487931
0.517232
0.545866
0.573405
0.599357
0.623155
0.644172
0.661725
0.675096
0.683559
0.686395
0.682958
0.672956
0.6562
0.629479
0.59068
-0.575481
-0.612088
-0.63708
-0.652435
-0.661274
-0.663914
-0.660791
-0.65267
-0.640361
-0.624655
-0.606291
-0.585943
-0.564201
-0.541567
-0.518458
-0.495209
-0.472084
-0.449284
-0.426955
-0.405198
-0.384076
-0.363623
-0.343848
-0.32474
-0.306274
-0.288415
-0.271119
-0.254334
-0.238007
-0.222081
-0.206496
-0.191192
-0.17611
-0.161188
-0.146368
-0.131589
-0.116794
-0.101923
-0.0869187
-0.0717247
-0.0562839
-0.0405402
-0.0244373
-0.00791964
0.00906839
0.026582
0.0446763
0.0634056
0.0828238
0.102983
0.123936
0.145729
0.16841
0.192018
0.21659
0.242153
0.268724
0.296307
0.324889
0.354436
0.384887
0.416152
0.448096
0.480543
0.513257
0.54594
0.57822
0.609642
0.639667
0.667659
0.692897
0.714577
0.731831
0.743759
0.749449
0.748058
0.739128
0.722333
0.694057
0.651994
-0.633791
-0.674225
-0.70108
-0.716568
-0.724302
-0.724782
-0.718654
-0.706923
-0.690623
-0.670737
-0.648163
-0.623696
-0.598013
-0.571676
-0.545138
-0.518751
-0.492784
-0.46743
-0.442821
-0.419042
-0.396136
-0.374114
-0.352965
-0.332659
-0.31315
-0.294387
-0.276307
-0.258845
-0.241935
-0.225505
-0.209487
-0.19381
-0.178406
-0.163205
-0.148141
-0.133148
-0.118161
-0.103115
-0.0879476
-0.0725961
-0.0569986
-0.0410933
-0.024819
-0.00811416
0.00908266
0.0268331
0.0451991
0.0642427
0.084026
0.104611
0.126059
0.148431
0.171785
0.196176
0.221656
0.248271
0.276057
0.305039
0.335227
0.366612
0.399158
0.432798
0.467423
0.502875
0.538935
0.575313
0.611631
0.647415
0.682082
0.714931
0.745136
0.771757
0.79375
0.810001
0.819349
0.820689
0.813333
0.796749
0.766807
0.720952
-0.699529
-0.744504
-0.773395
-0.788722
-0.794747
-0.792248
-0.78217
-0.765837
-0.744576
-0.719603
-0.692003
-0.662705
-0.632479
-0.601941
-0.571573
-0.541733
-0.512682
-0.484594
-0.457579
-0.431694
-0.406952
-0.383338
-0.360814
-0.339323
-0.318798
-0.299166
-0.280345
-0.262254
-0.244811
-0.227931
-0.211534
-0.195539
-0.179868
-0.164443
-0.149191
-0.134039
-0.118914
-0.103748
-0.0884714
-0.0730168
-0.057317
-0.0413053
-0.024915
-0.00807923
0.00926935
0.0271986
0.0457773
0.0650751
0.0851626
0.106111
0.127993
0.150881
0.174847
0.199962
0.226296
0.253912
0.282871
0.313223
0.345003
0.378232
0.412907
0.448991
0.486411
0.525038
0.564683
0.605073
0.645843
0.686508
0.726454
0.764915
0.800965
0.833509
0.861301
0.882962
0.897019
0.902015
0.896938
0.88095
0.849245
0.798948
-0.774297
-0.824696
-0.855765
-0.870449
-0.873887
-0.86728
-0.851994
-0.829787
-0.802352
-0.771195
-0.73761
-0.702672
-0.667238
-0.631969
-0.597357
-0.563753
-0.531391
-0.500414
-0.470893
-0.442844
-0.416246
-0.391045
-0.36717
-0.344534
-0.323044
-0.302599
-0.2831
-0.264445
-0.246534
-0.229271
-0.212562
-0.196315
-0.180442
-0.164858
-0.149481
-0.13423
-0.11903
-0.103804
-0.088479
-0.0729814
-0.0572395
-0.0411817
-0.0247363
-0.00783126
0.00960626
0.0276503
0.0463761
0.0658609
0.0861836
0.107425
0.129669
0.152999
0.177503
0.203269
0.230383
0.258934
0.289003
0.32067
0.354003
0.389057
0.425866
0.464436
0.504738
0.546687
0.590137
0.634853
0.680497
0.726595
0.772518
0.817451
0.860368
0.900017
0.934915
0.963373
0.983517
0.993424
0.991625
0.976829
0.943311
0.887761
-0.860201
-0.917126
-0.950441
-0.963695
-0.963261
-0.950977
-0.92881
-0.899093
-0.863982
-0.825322
-0.784641
-0.743155
-0.701795
-0.661244
-0.621982
-0.584324
-0.548458
-0.514472
-0.482383
-0.452156
-0.423718
-0.396971
-0.371803
-0.348092
-0.325712
-0.304537
-0.284442
-0.265305
-0.247011
-0.229447
-0.212505
-0.196083
-0.180084
-0.164414
-0.148982
-0.133705
-0.118497
-0.103278
-0.0879697
-0.0724945
-0.0567758
-0.0407374
-0.0243031
-0.00739601
0.010062
0.0281505
0.0469513
0.0665485
0.0870292
0.108484
0.131006
0.154694
0.179649
0.205975
0.23378
0.263175
0.294268
0.327171
0.361986
0.39881
0.437723
0.478783
0.522015
0.567396
0.61484
0.664172
0.715106
0.767207
0.81986
0.872223
0.92319
0.97135
1.01497
1.05199
1.08004
1.09657
1.09949
1.08681
1.05152
0.989707
-0.960079
-1.02491
-1.06036
-1.07091
-1.06471
-1.04456
-1.01328
-0.973962
-0.929321
-0.881596
-0.832551
-0.783525
-0.735489
-0.689111
-0.64482
-0.602864
-0.563351
-0.526292
-0.491631
-0.459261
-0.429048
-0.40084
-0.374476
-0.349793
-0.326631
-0.304833
-0.284249
-0.264736
-0.246159
-0.22839
-0.211309
-0.194802
-0.178762
-0.163087
-0.147682
-0.132453
-0.117312
-0.102173
-0.0869535
-0.0715715
-0.0559463
-0.0399979
-0.0236459
-0.00680891
0.0105956
0.0286526
0.0474496
0.0670774
0.0876309
0.109209
0.131917
0.155865
0.181167
0.207947
0.236333
0.266458
0.298463
0.332489
0.368681
0.407181
0.448122
0.491625
0.537783
0.586651
0.638225
0.692418
0.749028
0.807698
0.867864
0.928702
0.989061
1.0474
1.10171
1.14954
1.18789
1.21343
1.22314
1.21401
1.17722
1.10787
-1.07784
-1.15227
-1.18939
-1.19518
-1.18041
-1.14934
-1.10598
-1.05438
-0.997955
-0.939343
-0.880523
-0.822909
-0.767451
-0.714743
-0.665112
-0.618687
-0.575465
-0.535348
-0.498179
-0.463768
-0.431904
-0.402371
-0.374953
-0.349443
-0.32564
-0.303356
-0.282414
-0.262649
-0.243908
-0.226047
-0.208933
-0.192442
-0.176457
-0.16087
-0.145576
-0.13048
-0.115486
-0.100506
-0.0854519
-0.0702385
-0.0547819
-0.0389986
-0.0228046
-0.00611497
0.0111571
0.0291008
0.0478091
0.0673787
0.0879115
0.109515
0.132304
0.1564
0.181933
0.209042
0.237877
0.268595
0.301367
0.33637
0.373791
0.413824
0.456663
0.502499
0.551509
0.603844
0.659607
0.71883
0.781437
0.847196
0.915656
0.986072
1.05731
1.12775
1.19517
1.25664
1.30847
1.3463
1.36584
1.36256
1.32491
1.24644
-1.21903
-1.30512
-1.34273
-1.34038
-1.31285
-1.26658
-1.20719
-1.13996
-1.06905
-0.997487
-0.927384
-0.860133
-0.796569
-0.737126
-0.681953
-0.631007
-0.584123
-0.541061
-0.501543
-0.465272
-0.431949
-0.401287
-0.373009
-0.346856
-0.322589
-0.299987
-0.278844
-0.258975
-0.240206
-0.222381
-0.205354
-0.18899
-0.173166
-0.157765
-0.142678
-0.127804
-0.113044
-0.0983058
-0.083498
-0.0685331
-0.0533242
-0.0377851
-0.0218291
-0.00536825
0.0116875
0.0294312
0.04796
0.0673758
0.0877867
0.109308
0.132062
0.156183
0.181813
0.209108
0.238238
0.269384
0.302747
0.338542
0.376999
0.418367
0.462907
0.51089
0.56259
0.618271
0.678172
0.742481
0.811294
0.884566
0.962037
1.04314
1.12685
1.21158
1.29495
1.37363
1.44313
1.4978
1.53166
1.5379
1.50083
1.41136
-1.39182
-1.49186
-1.52734
-1.51132
-1.46476
-1.3973
-1.31672
-1.22971
-1.14118
-1.05441
-0.971499
-0.893655
-0.82145
-0.755035
-0.694292
-0.638933
-0.588581
-0.54282
-0.50122
-0.463364
-0.428855
-0.397324
-0.368432
-0.341869
-0.317353
-0.294629
-0.273469
-0.253662
-0.235021
-0.217374
-0.200565
-0.184452
-0.168902
-0.153793
-0.139014
-0.124457
-0.110022
-0.0956125
-0.0811363
-0.0665032
-0.0516246
-0.0364123
-0.0207778
-0.00463094
0.0121207
0.029573
0.0478263
0.0669868
0.0871674
0.108489
0.131084
0.155093
0.180672
0.207992
0.23724
0.268622
0.302366
0.338724
0.377973
0.420416
0.466385
0.516238
0.570357
0.629139
0.692983
0.762269
0.837322
0.91836
1.00541
1.0982
1.196
1.29739
1.40003
1.50031
1.59294
1.67078
1.72563
1.74731
1.7138
1.61126
-1.60874
-1.72472
-1.7526
-1.71378
-1.6388
-1.54189
-1.43345
-1.32168
-1.21202
-1.10776
-1.01066
-0.921505
-0.84039
-0.767036
-0.70094
-0.641493
-0.588055
-0.539993
-0.496708
-0.457649
-0.422311
-0.390244
-0.361042
-0.334344
-0.30983
-0.287214
-0.266242
-0.246686
-0.228343
-0.21103
-0.194582
-0.178849
-0.163694
-0.148991
-0.134624
-0.120484
-0.106468
-0.0924785
-0.0784218
-0.0642066
-0.0497435
-0.0349433
-0.0197165
-0.00397176
0.0123846
0.0294502
0.0473277
0.066126
0.0859618
0.106961
0.12926
0.15301
0.178376
0.20554
0.234707
0.266104
0.299986
0.336637
0.376378
0.419569
0.466612
0.517956
0.574097
0.635579
0.702983
0.776922
0.858003
0.946788
1.04371
1.14896
1.2623
1.38278
1.50838
1.63551
1.75829
1.86803
1.95375
2.00057
1.9766
1.85938
-1.89008
-2.02189
-2.03105
-1.95435
-1.83701
-1.69937
-1.55474
-1.41248
-1.27809
-1.15427
-1.042
-0.941245
-0.85138
-0.771502
-0.700601
-0.637668
-0.581747
-0.531964
-0.487536
-0.447768
-0.41205
-0.379848
-0.350695
-0.324184
-0.299958
-0.277705
-0.257149
-0.238048
-0.220187
-0.203374
-0.187438
-0.172223
-0.15759
-0.14341
-0.129564
-0.115943
-0.102443
-0.0889662
-0.0754187
-0.0617094
-0.0477486
-0.0334474
-0.0187162
-0.00346386
0.0124038
0.0289848
0.0463827
0.0647079
0.0840789
0.104625
0.126486
0.149819
0.174795
0.201609
0.230476
0.261642
0.295382
0.332013
0.371895
0.415437
0.463111
0.515453
0.573076
0.636676
0.707037
0.785026
0.871588
0.967712
1.07437
1.19241
1.32235
1.4641
1.61647
1.77646
1.93816
2.09161
2.22284
2.31064
2.30814
2.17697
-2.27058
-2.41091
-2.37887
-2.23953
-2.05944
-1.8662
-1.67544
-1.49668
-1.33432
-1.18956
-1.06188
-0.949965
-0.852135
-0.766666
-0.691925
-0.626434
-0.568891
-0.518165
-0.473285
-0.43342
-0.397857
-0.36599
-0.337298
-0.311334
-0.287713
-0.2661
-0.246207
-0.22778
-0.210595
-0.194457
-0.179189
-0.164635
-0.150653
-0.137115
-0.123901
-0.110903
-0.0980169
-0.0851466
-0.0721989
-0.0590837
-0.0457127
-0.031998
-0.0178513
-0.0031824
0.0121018
0.0280987
0.0449112
0.0626494
0.0814322
0.101389
0.122664
0.145413
0.169815
0.196069
0.224399
0.255063
0.288355
0.324614
0.364231
0.40766
0.455432
0.508163
0.566576
0.631515
0.703966
0.785071
0.876144
0.97867
1.09428
1.22469
1.37152
1.53603
1.71859
1.91777
2.12878
2.34153
2.53956
2.6942
2.73693
2.60033
-2.81313
-2.93356
-2.81505
-2.5729
-2.30129
-2.03393
-1.78639
-1.56584
-1.37359
-1.2079
-1.06587
-0.9443
-0.840141
-0.750675
-0.673558
-0.606812
-0.548785
-0.498099
-0.453611
-0.41437
-0.379582
-0.348581
-0.320806
-0.295782
-0.273106
-0.252431
-0.233459
-0.215933
-0.199627
-0.184342
-0.169903
-0.156155
-0.142956
-0.13018
-0.11771
-0.105439
-0.0932654
-0.0810952
-0.0688376
-0.0564049
-0.0437109
-0.0306703
-0.0171968
-0.00320275
0.0114029
0.0267152
0.0428352
0.0598709
0.0779397
0.0971698
0.117703
0.139698
0.163331
0.188804
0.216346
0.24622
0.27873
0.314229
0.35313
0.39592
0.443172
0.495569
0.553924
0.619212
0.692605
0.775508
0.86961
0.976927
1.09984
1.2411
1.40379
1.5911
1.80591
2.04983
2.3213
2.61267
2.9075
3.1707
3.30596
3.19488
-3.63209
-3.6503
-3.35764
-2.95028
-2.54884
-2.18661
-1.87295
-1.60794
-1.38661
-1.20242
-1.04898
-0.9207
-0.812909
-0.721799
-0.644313
-0.577998
-0.520894
-0.47142
-0.428301
-0.390502
-0.357173
-0.327613
-0.301243
-0.277575
-0.2562
-0.236769
-0.218985
-0.202592
-0.187368
-0.173117
-0.159668
-0.14687
-0.134585
-0.122691
-0.111075
-0.0996329
-0.0882687
-0.0768908
-0.0654121
-0.0537486
-0.0418176
-0.0295371
-0.0168245
-0.00359551
0.0102373
0.0247656
0.0400865
0.0563045
0.0735332
0.0918969
0.111534
0.132599
0.155265
0.179731
0.206225
0.235007
0.266383
0.300711
0.338411
0.379985
0.426031
0.477271
0.534582
0.599032
0.671937
0.754925
0.850016
0.95973
1.08721
1.23634
1.4119
1.6196
1.8659
2.15742
2.4991
2.8907
3.32214
3.75841
4.07682
4.07839
-4.93393
-4.64063
-4.01644
-3.35561
-2.77796
-2.30081
-1.91619
-1.60907
-1.36374
-1.16668
-1.00709
-0.876629
-0.768951
-0.679241
-0.603833
-0.539916
-0.485314
-0.438328
-0.397614
-0.362102
-0.330927
-0.303387
-0.278902
-0.256995
-0.237263
-0.219368
-0.203023
-0.187981
-0.174027
-0.160976
-0.148665
-0.136948
-0.125696
-0.114792
-0.104128
-0.093608
-0.0831391
-0.0726356
-0.062015
-0.0511979
-0.0401063
-0.0286628
-0.0167893
-0.00440621
0.00856912
0.0222233
0.0366485
0.0519436
0.0682164
0.0855853
0.104182
0.124153
0.145667
0.168912
0.194108
0.221508
0.251408
0.284158
0.320173
0.359947
0.404082
0.453306
0.508516
0.570826
0.64163
0.722692
0.816267
0.925265
1.05347
1.20586
1.38895
1.6113
1.88398
2.2208
2.63782
3.1505
3.76664
4.46679
5.12955
5.46079
-7.17812
-6.00421
-4.75335
-3.73051
-2.93576
-2.33559
-1.88771
-1.55091
-1.29372
-1.09404
-0.936445
-0.810097
-0.707341
-0.622696
-0.552172
-0.492815
-0.442398
-0.399221
-0.36196
-0.329575
-0.301234
-0.276267
-0.254127
-0.23436
-0.216591
-0.200502
-0.185826
-0.172332
-0.159821
-0.14812
-0.137078
-0.126559
-0.116444
-0.106625
-0.0970014
-0.0874832
-0.0779853
-0.0684278
-0.0587343
-0.048831
-0.0386457
-0.0281065
-0.0171409
-0.00567493
0.00636794
0.0190682
0.0325113
0.0467892
0.0620019
0.0782594
0.095684
0.114413
0.134601
0.156426
0.180092
0.205836
0.233936
0.264721
0.298581
0.335987
0.377511
0.423853
0.475883
0.534688
0.601653
0.678554
0.767716
0.872214
0.996197
1.14535
1.32757
1.55405
1.84067
2.21012
2.69467
3.33687
4.18016
5.25643
6.56568
7.80737
-11.5602
-7.80267
-5.29307
-3.81999
-2.84177
-2.17228
-1.71135
-1.38441
-1.14418
-0.962304
-0.821118
-0.709146
-0.618727
-0.544599
-0.483043
-0.43136
-0.387547
-0.350086
-0.317807
-0.28979
-0.265306
-0.243763
-0.224682
-0.207665
-0.192382
-0.178552
-0.165941
-0.154344
-0.143586
-0.133513
-0.123991
-0.114901
-0.106134
-0.0975942
-0.0891933
-0.0808494
-0.0724865
-0.0640328
-0.0554197
-0.0465808
-0.037451
-0.0279657
-0.0180597
-0.00766638
0.00328312
0.0148611
0.0271441
0.0402147
0.0541624
0.0690855
0.0850932
0.102308
0.120867
0.140928
0.162674
0.186313
0.212093
0.240303
0.27129
0.305471
0.34335
0.38555
0.432841
0.486194
0.546845
0.616398
0.696963
0.791381
0.903551
1.03897
1.20562
1.41538
1.68654
2.04825
2.54906
3.26603
4.30366
5.85009
8.44991
12.3182
-18.9699
-9.55626
-5.06815
-3.24739
-2.28438
-1.70022
-1.32933
-1.07808
-0.896647
-0.759564
-0.652637
-0.56722
-0.497722
-0.44035
-0.392423
-0.351985
-0.317569
-0.288054
-0.262563
-0.240401
-0.221012
-0.20394
-0.188812
-0.175314
-0.163186
-0.152204
-0.142178
-0.132942
-0.124355
-0.116288
-0.108632
-0.101287
-0.0941631
-0.0871786
-0.0802592
-0.0733357
-0.0663433
-0.0592208
-0.0519096
-0.0443528
-0.0364945
-0.0282794
-0.0196513
-0.0105534
-0.000926713
0.00929046
0.0201634
0.0317619
0.0441618
0.0574458
0.0717052
0.0870421
0.103571
0.121422
0.140743
0.161707
0.184513
0.209396
0.236631
0.266552
0.299556
0.336131
0.376877
0.42254
0.474068
0.532674
0.599945
0.677995
0.769715
0.879173
1.01233
1.17831
1.39197
1.67957
2.09195
2.72597
3.75692
5.67367
10.2794
19.8164
)
;

boundaryField
{
    movingWall
    {
        type            zeroGradient;
    }
    fixedWalls
    {
        type            zeroGradient;
    }
    frontAndBack
    {
        type            empty;
    }
}


// ************************************************************************* //
