0.05 	0.0003125 	0.005 	-0.00183064 	-2.68762e-07 	0
0.05 	0.0009375 	0.005 	-0.00533715 	-2.24364e-06 	0
0.05 	0.0015625 	0.005 	-0.00869835 	-7.02866e-06 	0
0.05 	0.0021875 	0.005 	-0.0119228 	-1.45593e-05 	0
0.05 	0.0028125 	0.005 	-0.0150186 	-2.49148e-05 	0
0.05 	0.0034375 	0.005 	-0.0179936 	-3.82169e-05 	0
0.05 	0.0040625 	0.005 	-0.0208553 	-5.45345e-05 	0
0.05 	0.0046875 	0.005 	-0.023611 	-7.38847e-05 	0
0.05 	0.0053125 	0.005 	-0.026268 	-9.62347e-05 	0
0.05 	0.0059375 	0.005 	-0.0288331 	-0.000121497 	0
0.05 	0.0065625 	0.005 	-0.0313132 	-0.000149525 	0
0.05 	0.0071875 	0.005 	-0.0337148 	-0.000180107 	0
0.05 	0.0078125 	0.005 	-0.0360445 	-0.000212962 	0
0.05 	0.0084375 	0.005 	-0.0383086 	-0.000247734 	0
0.05 	0.0090625 	0.005 	-0.0405134 	-0.000283989 	0
0.05 	0.0096875 	0.005 	-0.042665 	-0.000321207 	0
0.05 	0.0103125 	0.005 	-0.0447694 	-0.000358779 	0
0.05 	0.0109375 	0.005 	-0.0468327 	-0.000395998 	0
0.05 	0.0115625 	0.005 	-0.0488608 	-0.000432055 	0
0.05 	0.0121875 	0.005 	-0.0508594 	-0.000466031 	0
0.05 	0.0128125 	0.005 	-0.0528345 	-0.000496892 	0
0.05 	0.0134375 	0.005 	-0.0547916 	-0.000523482 	0
0.05 	0.0140625 	0.005 	-0.0567364 	-0.000544514 	0
0.05 	0.0146875 	0.005 	-0.0586746 	-0.000558563 	0
0.05 	0.0153125 	0.005 	-0.0606116 	-0.000564062 	0
0.05 	0.0159375 	0.005 	-0.0625531 	-0.000559291 	0
0.05 	0.0165625 	0.005 	-0.0645043 	-0.000542372 	0
0.05 	0.0171875 	0.005 	-0.0664707 	-0.00051126 	0
0.05 	0.0178125 	0.005 	-0.0684575 	-0.000463737 	0
0.05 	0.0184375 	0.005 	-0.0704699 	-0.000397409 	0
0.05 	0.0190625 	0.005 	-0.0725129 	-0.000309693 	0
0.05 	0.0196875 	0.005 	-0.0745915 	-0.000197819 	0
0.05 	0.0203125 	0.005 	-0.0767105 	-5.88221e-05 	0
0.05 	0.0209375 	0.005 	-0.0788745 	0.000110459 	0
0.05 	0.0215625 	0.005 	-0.0810879 	0.000313384 	0
0.05 	0.0221875 	0.005 	-0.0833549 	0.000553514 	0
0.05 	0.0228125 	0.005 	-0.0856795 	0.000834604 	0
0.05 	0.0234375 	0.005 	-0.0880651 	0.0011606 	0
0.05 	0.0240625 	0.005 	-0.0905152 	0.00153566 	0
0.05 	0.0246875 	0.005 	-0.0930327 	0.00196408 	0
0.05 	0.0253125 	0.005 	-0.09562 	0.00245036 	0
0.05 	0.0259375 	0.005 	-0.098279 	0.00299914 	0
0.05 	0.0265625 	0.005 	-0.101011 	0.00361521 	0
0.05 	0.0271875 	0.005 	-0.103818 	0.00430348 	0
0.05 	0.0278125 	0.005 	-0.106699 	0.00506893 	0
0.05 	0.0284375 	0.005 	-0.109653 	0.00591665 	0
0.05 	0.0290625 	0.005 	-0.112681 	0.00685174 	0
0.05 	0.0296875 	0.005 	-0.115779 	0.0078793 	0
0.05 	0.0303125 	0.005 	-0.118945 	0.00900444 	0
0.05 	0.0309375 	0.005 	-0.122176 	0.0102321 	0
0.05 	0.0315625 	0.005 	-0.125465 	0.0115673 	0
0.05 	0.0321875 	0.005 	-0.128809 	0.0130146 	0
0.05 	0.0328125 	0.005 	-0.1322 	0.0145786 	0
0.05 	0.0334375 	0.005 	-0.135629 	0.0162636 	0
0.05 	0.0340625 	0.005 	-0.13909 	0.0180734 	0
0.05 	0.0346875 	0.005 	-0.142571 	0.0200115 	0
0.05 	0.0353125 	0.005 	-0.146061 	0.0220811 	0
0.05 	0.0359375 	0.005 	-0.14955 	0.0242848 	0
0.05 	0.0365625 	0.005 	-0.153022 	0.0266245 	0
0.05 	0.0371875 	0.005 	-0.156466 	0.0291019 	0
0.05 	0.0378125 	0.005 	-0.159864 	0.0317175 	0
0.05 	0.0384375 	0.005 	-0.163203 	0.0344716 	0
0.05 	0.0390625 	0.005 	-0.166464 	0.0373634 	0
0.05 	0.0396875 	0.005 	-0.169631 	0.0403915 	0
0.05 	0.0403125 	0.005 	-0.172686 	0.0435535 	0
0.05 	0.0409375 	0.005 	-0.17561 	0.0468462 	0
0.05 	0.0415625 	0.005 	-0.178385 	0.0502657 	0
0.05 	0.0421875 	0.005 	-0.180991 	0.053807 	0
0.05 	0.0428125 	0.005 	-0.183411 	0.0574643 	0
0.05 	0.0434375 	0.005 	-0.185624 	0.0612307 	0
0.05 	0.0440625 	0.005 	-0.187612 	0.0650988 	0
0.05 	0.0446875 	0.005 	-0.189358 	0.0690601 	0
0.05 	0.0453125 	0.005 	-0.190844 	0.0731053 	0
0.05 	0.0459375 	0.005 	-0.192054 	0.0772243 	0
0.05 	0.0465625 	0.005 	-0.192971 	0.0814065 	0
0.05 	0.0471875 	0.005 	-0.193581 	0.0856404 	0
0.05 	0.0478125 	0.005 	-0.193872 	0.089914 	0
0.05 	0.0484375 	0.005 	-0.193831 	0.0942148 	0
0.05 	0.0490625 	0.005 	-0.193448 	0.0985299 	0
0.05 	0.0496875 	0.005 	-0.192715 	0.102846 	0
0.05 	0.0503125 	0.005 	-0.191625 	0.10715 	0
0.05 	0.0509375 	0.005 	-0.190173 	0.111428 	0
0.05 	0.0515625 	0.005 	-0.188355 	0.115666 	0
0.05 	0.0521875 	0.005 	-0.18617 	0.119851 	0
0.05 	0.0528125 	0.005 	-0.18362 	0.123969 	0
0.05 	0.0534375 	0.005 	-0.180706 	0.128008 	0
0.05 	0.0540625 	0.005 	-0.177433 	0.131953 	0
0.05 	0.0546875 	0.005 	-0.173808 	0.135793 	0
0.05 	0.0553125 	0.005 	-0.169838 	0.139517 	0
0.05 	0.0559375 	0.005 	-0.165533 	0.143111 	0
0.05 	0.0565625 	0.005 	-0.160903 	0.146566 	0
0.05 	0.0571875 	0.005 	-0.155963 	0.149872 	0
0.05 	0.0578125 	0.005 	-0.150725 	0.153018 	0
0.05 	0.0584375 	0.005 	-0.145205 	0.155997 	0
0.05 	0.0590625 	0.005 	-0.13942 	0.1588 	0
0.05 	0.0596875 	0.005 	-0.133385 	0.161421 	0
0.05 	0.0603125 	0.005 	-0.12712 	0.163852 	0
0.05 	0.0609375 	0.005 	-0.120642 	0.166089 	0
0.05 	0.0615625 	0.005 	-0.113971 	0.168126 	0
0.05 	0.0621875 	0.005 	-0.107126 	0.16996 	0
0.05 	0.0628125 	0.005 	-0.100127 	0.171587 	0
0.05 	0.0634375 	0.005 	-0.0929937 	0.173005 	0
0.05 	0.0640625 	0.005 	-0.0857451 	0.174211 	0
0.05 	0.0646875 	0.005 	-0.0784012 	0.175205 	0
0.05 	0.0653125 	0.005 	-0.0709811 	0.175986 	0
0.05 	0.0659375 	0.005 	-0.0635038 	0.176553 	0
0.05 	0.0665625 	0.005 	-0.0559877 	0.176908 	0
0.05 	0.0671875 	0.005 	-0.0484505 	0.177051 	0
0.05 	0.0678125 	0.005 	-0.0409097 	0.176984 	0
0.05 	0.0684375 	0.005 	-0.0333817 	0.176709 	0
0.05 	0.0690625 	0.005 	-0.0258821 	0.176227 	0
0.05 	0.0696875 	0.005 	-0.018426 	0.175543 	0
0.05 	0.0703125 	0.005 	-0.0110271 	0.174657 	0
0.05 	0.0709375 	0.005 	-0.00369827 	0.173574 	0
0.05 	0.0715625 	0.005 	0.00354874 	0.172297 	0
0.05 	0.0721875 	0.005 	0.0107035 	0.17083 	0
0.05 	0.0728125 	0.005 	0.0177569 	0.169176 	0
0.05 	0.0734375 	0.005 	0.0247013 	0.16734 	0
0.05 	0.0740625 	0.005 	0.0315308 	0.165324 	0
0.05 	0.0746875 	0.005 	0.0382414 	0.163134 	0
0.05 	0.0753125 	0.005 	0.0448312 	0.160774 	0
0.05 	0.0759375 	0.005 	0.0513007 	0.158247 	0
0.05 	0.0765625 	0.005 	0.0576532 	0.155558 	0
0.05 	0.0771875 	0.005 	0.0638954 	0.15271 	0
0.05 	0.0778125 	0.005 	0.0700377 	0.149707 	0
0.05 	0.0784375 	0.005 	0.0760948 	0.146553 	0
0.05 	0.0790625 	0.005 	0.0820867 	0.143252 	0
0.05 	0.0796875 	0.005 	0.0880395 	0.139806 	0
0.05 	0.0803125 	0.005 	0.093986 	0.136219 	0
0.05 	0.0809375 	0.005 	0.0999675 	0.132494 	0
0.05 	0.0815625 	0.005 	0.106034 	0.128634 	0
0.05 	0.0821875 	0.005 	0.112248 	0.124639 	0
0.05 	0.0828125 	0.005 	0.118682 	0.120514 	0
0.05 	0.0834375 	0.005 	0.125423 	0.116259 	0
0.05 	0.0840625 	0.005 	0.132574 	0.111876 	0
0.05 	0.0846875 	0.005 	0.140254 	0.107369 	0
0.05 	0.0853125 	0.005 	0.148601 	0.102737 	0
0.05 	0.0859375 	0.005 	0.15777 	0.0979847 	0
0.05 	0.0865625 	0.005 	0.167939 	0.0931143 	0
0.05 	0.0871875 	0.005 	0.179304 	0.08813 	0
0.05 	0.0878125 	0.005 	0.192082 	0.0830371 	0
0.05 	0.0884375 	0.005 	0.20651 	0.0778428 	0
0.05 	0.0890625 	0.005 	0.22284 	0.0725565 	0
0.05 	0.0896875 	0.005 	0.241337 	0.0671905 	0
0.05 	0.0903125 	0.005 	0.262277 	0.0617606 	0
0.05 	0.0909375 	0.005 	0.285938 	0.0562868 	0
0.05 	0.0915625 	0.005 	0.312591 	0.0507939 	0
0.05 	0.0921875 	0.005 	0.342496 	0.0453124 	0
0.05 	0.0928125 	0.005 	0.375884 	0.0398787 	0
0.05 	0.0934375 	0.005 	0.412949 	0.034536 	0
0.05 	0.0940625 	0.005 	0.453831 	0.0293345 	0
0.05 	0.0946875 	0.005 	0.498601 	0.0243315 	0
0.05 	0.0953125 	0.005 	0.547241 	0.0195909 	0
0.05 	0.0959375 	0.005 	0.59963 	0.0151829 	0
0.05 	0.0965625 	0.005 	0.655524 	0.0111829 	0
0.05 	0.0971875 	0.005 	0.714536 	0.00766966 	0
0.05 	0.0978125 	0.005 	0.776126 	0.00472082 	0
0.05 	0.0984375 	0.005 	0.839589 	0.00240692 	0
0.05 	0.0990625 	0.005 	0.904045 	0.000822135 	0
0.05 	0.0996875 	0.005 	0.96844 	0.000113636 	0
