0.05 	0.0003125 	0.005 	-0.00219946 	3.4971e-07 	0
0.05 	0.0009375 	0.005 	-0.00646862 	2.38743e-06 	0
0.05 	0.0015625 	0.005 	-0.0106159 	6.85921e-06 	0
0.05 	0.0021875 	0.005 	-0.0146484 	1.33657e-05 	0
0.05 	0.0028125 	0.005 	-0.0185726 	2.16955e-05 	0
0.05 	0.0034375 	0.005 	-0.0223947 	3.17409e-05 	0
0.05 	0.0040625 	0.005 	-0.0261207 	4.33964e-05 	0
0.05 	0.0046875 	0.005 	-0.0297562 	5.65635e-05 	0
0.05 	0.0053125 	0.005 	-0.0333066 	7.11579e-05 	0
0.05 	0.0059375 	0.005 	-0.0367771 	8.71083e-05 	0
0.05 	0.0065625 	0.005 	-0.0401727 	0.000104356 	0
0.05 	0.0071875 	0.005 	-0.0434979 	0.000122853 	0
0.05 	0.0078125 	0.005 	-0.0467573 	0.000142563 	0
0.05 	0.0084375 	0.005 	-0.0499551 	0.000163462 	0
0.05 	0.0090625 	0.005 	-0.0530953 	0.000185535 	0
0.05 	0.0096875 	0.005 	-0.0561818 	0.000208778 	0
0.05 	0.0103125 	0.005 	-0.0592182 	0.000233197 	0
0.05 	0.0109375 	0.005 	-0.062208 	0.000258806 	0
0.05 	0.0115625 	0.005 	-0.0651544 	0.000285631 	0
0.05 	0.0121875 	0.005 	-0.0680606 	0.000313705 	0
0.05 	0.0128125 	0.005 	-0.0709296 	0.000343071 	0
0.05 	0.0134375 	0.005 	-0.0737641 	0.000373781 	0
0.05 	0.0140625 	0.005 	-0.0765668 	0.000405894 	0
0.05 	0.0146875 	0.005 	-0.0793402 	0.000439477 	0
0.05 	0.0153125 	0.005 	-0.0820866 	0.000474608 	0
0.05 	0.0159375 	0.005 	-0.0848082 	0.000511369 	0
0.05 	0.0165625 	0.005 	-0.0875071 	0.000549852 	0
0.05 	0.0171875 	0.005 	-0.0901852 	0.000590155 	0
0.05 	0.0178125 	0.005 	-0.0928443 	0.000632385 	0
0.05 	0.0184375 	0.005 	-0.0954862 	0.000676653 	0
0.05 	0.0190625 	0.005 	-0.0981122 	0.000723082 	0
0.05 	0.0196875 	0.005 	-0.100724 	0.000771795 	0
0.05 	0.0203125 	0.005 	-0.103323 	0.000822928 	0
0.05 	0.0209375 	0.005 	-0.105909 	0.000876619 	0
0.05 	0.0215625 	0.005 	-0.108485 	0.000933014 	0
0.05 	0.0221875 	0.005 	-0.111051 	0.000992263 	0
0.05 	0.0228125 	0.005 	-0.113608 	0.00105452 	0
0.05 	0.0234375 	0.005 	-0.116156 	0.00111996 	0
0.05 	0.0240625 	0.005 	-0.118697 	0.00118874 	0
0.05 	0.0246875 	0.005 	-0.12123 	0.00126103 	0
0.05 	0.0253125 	0.005 	-0.123755 	0.00133702 	0
0.05 	0.0259375 	0.005 	-0.126274 	0.00141687 	0
0.05 	0.0265625 	0.005 	-0.128786 	0.00150079 	0
0.05 	0.0271875 	0.005 	-0.131291 	0.00158895 	0
0.05 	0.0278125 	0.005 	-0.133789 	0.00168155 	0
0.05 	0.0284375 	0.005 	-0.13628 	0.00177878 	0
0.05 	0.0290625 	0.005 	-0.138762 	0.00188085 	0
0.05 	0.0296875 	0.005 	-0.141237 	0.00198794 	0
0.05 	0.0303125 	0.005 	-0.143702 	0.00210026 	0
0.05 	0.0309375 	0.005 	-0.146157 	0.00221801 	0
0.05 	0.0315625 	0.005 	-0.148601 	0.00234139 	0
0.05 	0.0321875 	0.005 	-0.151032 	0.0024706 	0
0.05 	0.0328125 	0.005 	-0.153451 	0.00260584 	0
0.05 	0.0334375 	0.005 	-0.155855 	0.0027473 	0
0.05 	0.0340625 	0.005 	-0.158242 	0.00289519 	0
0.05 	0.0346875 	0.005 	-0.160611 	0.00304968 	0
0.05 	0.0353125 	0.005 	-0.162961 	0.00321097 	0
0.05 	0.0359375 	0.005 	-0.165288 	0.00337923 	0
0.05 	0.0365625 	0.005 	-0.167591 	0.00355464 	0
0.05 	0.0371875 	0.005 	-0.169867 	0.00373736 	0
0.05 	0.0378125 	0.005 	-0.172115 	0.00392755 	0
0.05 	0.0384375 	0.005 	-0.17433 	0.00412536 	0
0.05 	0.0390625 	0.005 	-0.176511 	0.00433093 	0
0.05 	0.0396875 	0.005 	-0.178654 	0.00454437 	0
0.05 	0.0403125 	0.005 	-0.180756 	0.0047658 	0
0.05 	0.0409375 	0.005 	-0.182814 	0.00499531 	0
0.05 	0.0415625 	0.005 	-0.184823 	0.00523298 	0
0.05 	0.0421875 	0.005 	-0.18678 	0.00547888 	0
0.05 	0.0428125 	0.005 	-0.188681 	0.00573303 	0
0.05 	0.0434375 	0.005 	-0.190521 	0.00599546 	0
0.05 	0.0440625 	0.005 	-0.192297 	0.00626616 	0
0.05 	0.0446875 	0.005 	-0.194003 	0.00654511 	0
0.05 	0.0453125 	0.005 	-0.195634 	0.00683225 	0
0.05 	0.0459375 	0.005 	-0.197185 	0.0071275 	0
0.05 	0.0465625 	0.005 	-0.198651 	0.00743073 	0
0.05 	0.0471875 	0.005 	-0.200027 	0.00774182 	0
0.05 	0.0478125 	0.005 	-0.201305 	0.00806056 	0
0.05 	0.0484375 	0.005 	-0.202481 	0.00838676 	0
0.05 	0.0490625 	0.005 	-0.203547 	0.00872016 	0
0.05 	0.0496875 	0.005 	-0.204497 	0.00906046 	0
0.05 	0.0503125 	0.005 	-0.205325 	0.00940733 	0
0.05 	0.0509375 	0.005 	-0.206022 	0.0097604 	0
0.05 	0.0515625 	0.005 	-0.206582 	0.0101192 	0
0.05 	0.0521875 	0.005 	-0.206997 	0.0104834 	0
0.05 	0.0528125 	0.005 	-0.207259 	0.0108523 	0
0.05 	0.0534375 	0.005 	-0.207359 	0.0112254 	0
0.05 	0.0540625 	0.005 	-0.207289 	0.0116022 	0
0.05 	0.0546875 	0.005 	-0.207041 	0.0119819 	0
0.05 	0.0553125 	0.005 	-0.206604 	0.0123638 	0
0.05 	0.0559375 	0.005 	-0.205971 	0.0127471 	0
0.05 	0.0565625 	0.005 	-0.205131 	0.013131 	0
0.05 	0.0571875 	0.005 	-0.204073 	0.0135146 	0
0.05 	0.0578125 	0.005 	-0.202789 	0.013897 	0
0.05 	0.0584375 	0.005 	-0.201268 	0.0142772 	0
0.05 	0.0590625 	0.005 	-0.199498 	0.0146541 	0
0.05 	0.0596875 	0.005 	-0.197469 	0.0150266 	0
0.05 	0.0603125 	0.005 	-0.195169 	0.0153935 	0
0.05 	0.0609375 	0.005 	-0.192588 	0.0157537 	0
0.05 	0.0615625 	0.005 	-0.189712 	0.0161058 	0
0.05 	0.0621875 	0.005 	-0.18653 	0.0164485 	0
0.05 	0.0628125 	0.005 	-0.18303 	0.0167806 	0
0.05 	0.0634375 	0.005 	-0.1792 	0.0171006 	0
0.05 	0.0640625 	0.005 	-0.175025 	0.017407 	0
0.05 	0.0646875 	0.005 	-0.170494 	0.0176985 	0
0.05 	0.0653125 	0.005 	-0.165594 	0.0179734 	0
0.05 	0.0659375 	0.005 	-0.16031 	0.0182304 	0
0.05 	0.0665625 	0.005 	-0.15463 	0.0184678 	0
0.05 	0.0671875 	0.005 	-0.14854 	0.0186842 	0
0.05 	0.0678125 	0.005 	-0.142026 	0.018878 	0
0.05 	0.0684375 	0.005 	-0.135073 	0.0190477 	0
0.05 	0.0690625 	0.005 	-0.12767 	0.0191918 	0
0.05 	0.0696875 	0.005 	-0.1198 	0.0193088 	0
0.05 	0.0703125 	0.005 	-0.11145 	0.0193974 	0
0.05 	0.0709375 	0.005 	-0.102607 	0.019456 	0
0.05 	0.0715625 	0.005 	-0.0932555 	0.0194835 	0
0.05 	0.0721875 	0.005 	-0.0833823 	0.0194786 	0
0.05 	0.0728125 	0.005 	-0.0729734 	0.0194401 	0
0.05 	0.0734375 	0.005 	-0.0620151 	0.0193671 	0
0.05 	0.0740625 	0.005 	-0.0504939 	0.0192585 	0
0.05 	0.0746875 	0.005 	-0.0383964 	0.0191136 	0
0.05 	0.0753125 	0.005 	-0.0257098 	0.0189319 	0
0.05 	0.0759375 	0.005 	-0.0124211 	0.0187127 	0
0.05 	0.0765625 	0.005 	0.00148179 	0.0184559 	0
0.05 	0.0771875 	0.005 	0.0160109 	0.0181613 	0
0.05 	0.0778125 	0.005 	0.0311777 	0.017829 	0
0.05 	0.0784375 	0.005 	0.0469931 	0.0174594 	0
0.05 	0.0790625 	0.005 	0.0634674 	0.017053 	0
0.05 	0.0796875 	0.005 	0.0806103 	0.0166106 	0
0.05 	0.0803125 	0.005 	0.0984307 	0.0161334 	0
0.05 	0.0809375 	0.005 	0.116937 	0.0156225 	0
0.05 	0.0815625 	0.005 	0.136136 	0.0150797 	0
0.05 	0.0821875 	0.005 	0.156034 	0.0145067 	0
0.05 	0.0828125 	0.005 	0.176638 	0.0139058 	0
0.05 	0.0834375 	0.005 	0.197951 	0.0132793 	0
0.05 	0.0840625 	0.005 	0.219976 	0.01263 	0
0.05 	0.0846875 	0.005 	0.242715 	0.0119609 	0
0.05 	0.0853125 	0.005 	0.26617 	0.0112752 	0
0.05 	0.0859375 	0.005 	0.29034 	0.0105763 	0
0.05 	0.0865625 	0.005 	0.315223 	0.00986812 	0
0.05 	0.0871875 	0.005 	0.340815 	0.00915443 	0
0.05 	0.0878125 	0.005 	0.367112 	0.00843942 	0
0.05 	0.0884375 	0.005 	0.394106 	0.00772735 	0
0.05 	0.0890625 	0.005 	0.421791 	0.00702262 	0
0.05 	0.0896875 	0.005 	0.450156 	0.00632973 	0
0.05 	0.0903125 	0.005 	0.479189 	0.0056532 	0
0.05 	0.0909375 	0.005 	0.508877 	0.00499755 	0
0.05 	0.0915625 	0.005 	0.539206 	0.00436723 	0
0.05 	0.0921875 	0.005 	0.570158 	0.0037666 	0
0.05 	0.0928125 	0.005 	0.601715 	0.00319982 	0
0.05 	0.0934375 	0.005 	0.633855 	0.0026708 	0
0.05 	0.0940625 	0.005 	0.666558 	0.00218316 	0
0.05 	0.0946875 	0.005 	0.699798 	0.00174011 	0
0.05 	0.0953125 	0.005 	0.733549 	0.00134441 	0
0.05 	0.0959375 	0.005 	0.767785 	0.000998298 	0
0.05 	0.0965625 	0.005 	0.802477 	0.000703372 	0
0.05 	0.0971875 	0.005 	0.837592 	0.000460566 	0
0.05 	0.0978125 	0.005 	0.8731 	0.000269928 	0
0.05 	0.0984375 	0.005 	0.908967 	0.000130414 	0
0.05 	0.0990625 	0.005 	0.945158 	4.15241e-05 	0
0.05 	0.0996875 	0.005 	0.981637 	4.90528e-06 	0
