0.05 	0.0003125 	0.005 	0.00621765
0.05 	0.0009375 	0.005 	0.00623195
0.05 	0.0015625 	0.005 	0.0062428
0.05 	0.0021875 	0.005 	0.00625106
0.05 	0.0028125 	0.005 	0.00625779
0.05 	0.0034375 	0.005 	0.00626286
0.05 	0.0040625 	0.005 	0.00626612
0.05 	0.0046875 	0.005 	0.00626749
0.05 	0.0053125 	0.005 	0.00626683
0.05 	0.0059375 	0.005 	0.00626401
0.05 	0.0065625 	0.005 	0.00625885
0.05 	0.0071875 	0.005 	0.00625118
0.05 	0.0078125 	0.005 	0.0062408
0.05 	0.0084375 	0.005 	0.0062275
0.05 	0.0090625 	0.005 	0.00621103
0.05 	0.0096875 	0.005 	0.00619116
0.05 	0.0103125 	0.005 	0.00616762
0.05 	0.0109375 	0.005 	0.00614013
0.05 	0.0115625 	0.005 	0.00610839
0.05 	0.0121875 	0.005 	0.00607213
0.05 	0.0128125 	0.005 	0.00603101
0.05 	0.0134375 	0.005 	0.00598471
0.05 	0.0140625 	0.005 	0.00593288
0.05 	0.0146875 	0.005 	0.00587517
0.05 	0.0153125 	0.005 	0.0058112
0.05 	0.0159375 	0.005 	0.00574061
0.05 	0.0165625 	0.005 	0.00566297
0.05 	0.0171875 	0.005 	0.00557788
0.05 	0.0178125 	0.005 	0.00548489
0.05 	0.0184375 	0.005 	0.00538356
0.05 	0.0190625 	0.005 	0.00527343
0.05 	0.0196875 	0.005 	0.00515401
0.05 	0.0203125 	0.005 	0.0050248
0.05 	0.0209375 	0.005 	0.00488528
0.05 	0.0215625 	0.005 	0.00473492
0.05 	0.0221875 	0.005 	0.00457314
0.05 	0.0228125 	0.005 	0.00439941
0.05 	0.0234375 	0.005 	0.00421312
0.05 	0.0240625 	0.005 	0.00401367
0.05 	0.0246875 	0.005 	0.00380045
0.05 	0.0253125 	0.005 	0.00357281
0.05 	0.0259375 	0.005 	0.00333008
0.05 	0.0265625 	0.005 	0.00307158
0.05 	0.0271875 	0.005 	0.00279663
0.05 	0.0278125 	0.005 	0.00250453
0.05 	0.0284375 	0.005 	0.00219456
0.05 	0.0290625 	0.005 	0.00186599
0.05 	0.0296875 	0.005 	0.00151806
0.05 	0.0303125 	0.005 	0.00115001
0.05 	0.0309375 	0.005 	0.000761079
0.05 	0.0315625 	0.005 	0.000350483
0.05 	0.0321875 	0.005 	-8.25644e-05
0.05 	0.0328125 	0.005 	-0.000538859
0.05 	0.0334375 	0.005 	-0.0010192
0.05 	0.0340625 	0.005 	-0.00152439
0.05 	0.0346875 	0.005 	-0.00205522
0.05 	0.0353125 	0.005 	-0.00261248
0.05 	0.0359375 	0.005 	-0.00319696
0.05 	0.0365625 	0.005 	-0.00380943
0.05 	0.0371875 	0.005 	-0.00445066
0.05 	0.0378125 	0.005 	-0.00512142
0.05 	0.0384375 	0.005 	-0.00582243
0.05 	0.0390625 	0.005 	-0.0065544
0.05 	0.0396875 	0.005 	-0.00731801
0.05 	0.0403125 	0.005 	-0.00811389
0.05 	0.0409375 	0.005 	-0.00894265
0.05 	0.0415625 	0.005 	-0.00980486
0.05 	0.0421875 	0.005 	-0.0107011
0.05 	0.0428125 	0.005 	-0.0116317
0.05 	0.0434375 	0.005 	-0.0125972
0.05 	0.0440625 	0.005 	-0.013598
0.05 	0.0446875 	0.005 	-0.0146342
0.05 	0.0453125 	0.005 	-0.0157061
0.05 	0.0459375 	0.005 	-0.0168139
0.05 	0.0465625 	0.005 	-0.0179574
0.05 	0.0471875 	0.005 	-0.0191368
0.05 	0.0478125 	0.005 	-0.0203518
0.05 	0.0484375 	0.005 	-0.0216023
0.05 	0.0490625 	0.005 	-0.0228878
0.05 	0.0496875 	0.005 	-0.0242078
0.05 	0.0503125 	0.005 	-0.0255619
0.05 	0.0509375 	0.005 	-0.0269492
0.05 	0.0515625 	0.005 	-0.028369
0.05 	0.0521875 	0.005 	-0.0298202
0.05 	0.0528125 	0.005 	-0.0313017
0.05 	0.0534375 	0.005 	-0.0328122
0.05 	0.0540625 	0.005 	-0.0343505
0.05 	0.0546875 	0.005 	-0.0359148
0.05 	0.0553125 	0.005 	-0.0375035
0.05 	0.0559375 	0.005 	-0.0391148
0.05 	0.0565625 	0.005 	-0.0407467
0.05 	0.0571875 	0.005 	-0.0423969
0.05 	0.0578125 	0.005 	-0.0440634
0.05 	0.0584375 	0.005 	-0.0457434
0.05 	0.0590625 	0.005 	-0.0474346
0.05 	0.0596875 	0.005 	-0.0491341
0.05 	0.0603125 	0.005 	-0.0508391
0.05 	0.0609375 	0.005 	-0.0525466
0.05 	0.0615625 	0.005 	-0.0542533
0.05 	0.0621875 	0.005 	-0.0559562
0.05 	0.0628125 	0.005 	-0.0576517
0.05 	0.0634375 	0.005 	-0.0593365
0.05 	0.0640625 	0.005 	-0.0610069
0.05 	0.0646875 	0.005 	-0.0626594
0.05 	0.0653125 	0.005 	-0.0642901
0.05 	0.0659375 	0.005 	-0.0658954
0.05 	0.0665625 	0.005 	-0.0674715
0.05 	0.0671875 	0.005 	-0.0690144
0.05 	0.0678125 	0.005 	-0.0705203
0.05 	0.0684375 	0.005 	-0.0719853
0.05 	0.0690625 	0.005 	-0.0734057
0.05 	0.0696875 	0.005 	-0.0747776
0.05 	0.0703125 	0.005 	-0.0760972
0.05 	0.0709375 	0.005 	-0.0773609
0.05 	0.0715625 	0.005 	-0.078565
0.05 	0.0721875 	0.005 	-0.0797061
0.05 	0.0728125 	0.005 	-0.0807809
0.05 	0.0734375 	0.005 	-0.081786
0.05 	0.0740625 	0.005 	-0.0827184
0.05 	0.0746875 	0.005 	-0.0835753
0.05 	0.0753125 	0.005 	-0.0843541
0.05 	0.0759375 	0.005 	-0.0850522
0.05 	0.0765625 	0.005 	-0.0856674
0.05 	0.0771875 	0.005 	-0.0861979
0.05 	0.0778125 	0.005 	-0.0866419
0.05 	0.0784375 	0.005 	-0.0869981
0.05 	0.0790625 	0.005 	-0.0872656
0.05 	0.0796875 	0.005 	-0.0874435
0.05 	0.0803125 	0.005 	-0.0875317
0.05 	0.0809375 	0.005 	-0.08753
0.05 	0.0815625 	0.005 	-0.087439
0.05 	0.0821875 	0.005 	-0.0872594
0.05 	0.0828125 	0.005 	-0.0869926
0.05 	0.0834375 	0.005 	-0.0866402
0.05 	0.0840625 	0.005 	-0.0862043
0.05 	0.0846875 	0.005 	-0.0856876
0.05 	0.0853125 	0.005 	-0.085093
0.05 	0.0859375 	0.005 	-0.0844242
0.05 	0.0865625 	0.005 	-0.0836851
0.05 	0.0871875 	0.005 	-0.0828802
0.05 	0.0878125 	0.005 	-0.0820144
0.05 	0.0884375 	0.005 	-0.0810932
0.05 	0.0890625 	0.005 	-0.0801225
0.05 	0.0896875 	0.005 	-0.0791084
0.05 	0.0903125 	0.005 	-0.0780577
0.05 	0.0909375 	0.005 	-0.0769774
0.05 	0.0915625 	0.005 	-0.0758748
0.05 	0.0921875 	0.005 	-0.0747576
0.05 	0.0928125 	0.005 	-0.0736335
0.05 	0.0934375 	0.005 	-0.0725104
0.05 	0.0940625 	0.005 	-0.0713964
0.05 	0.0946875 	0.005 	-0.0702992
0.05 	0.0953125 	0.005 	-0.0692267
0.05 	0.0959375 	0.005 	-0.0681863
0.05 	0.0965625 	0.005 	-0.0671848
0.05 	0.0971875 	0.005 	-0.0662282
0.05 	0.0978125 	0.005 	-0.0653261
0.05 	0.0984375 	0.005 	-0.0644872
0.05 	0.0990625 	0.005 	-0.063664
0.05 	0.0996875 	0.005 	-0.0628077
