/*--------------------------------*- C++ -*----------------------------------*\
  =========                 |
  \\      /  F ield         | OpenFOAM: The Open Source CFD Toolbox
   \\    /   O peration     | Website:  https://openfoam.org
    \\  /    A nd           | Version:  7
     \\/     M anipulation  |
\*---------------------------------------------------------------------------*/
FoamFile
{
    version     2.0;
    format      ascii;
    class       volScalarField;
    location    "0.25";
    object      p;
}
// * * * * * * * * * * * * * * * * * * * * * * * * * * * * * * * * * * * * * //

dimensions      [0 2 -2 0 0 0 0];

internalField   nonuniform List<scalar> 
1600
(
5.37106e-06
-0.00118172
-0.00391093
-0.00758342
-0.0115267
-0.0152454
-0.0183817
-0.0206834
-0.0219832
-0.0221812
-0.0212318
-0.0191331
-0.0159185
-0.0116509
-0.00641766
-0.000326438
0.00649786
0.0139159
0.0217763
0.0299181
0.0381734
0.0463695
0.0543321
0.0618882
0.0688704
0.0751201
0.0804926
0.0848622
0.0881271
0.0902161
0.0910941
0.0907698
0.0893035
0.0868162
0.0835013
0.0796378
0.0756057
0.0719134
0.0692286
0.0681129
0.00119727
7.00562e-06
-0.0022087
-0.0050588
-0.00810014
-0.0109676
-0.0133767
-0.0151144
-0.0160307
-0.0160295
-0.015061
-0.0131135
-0.0102078
-0.0063922
-0.00173772
0.00366495
0.00970868
0.0162725
0.0232241
0.0304222
0.0377187
0.0449618
0.0519984
0.0586773
0.0648524
0.0703872
0.0751582
0.0790598
0.0820092
0.0839512
0.084864
0.0847644
0.0837144
0.0818268
0.0792723
0.0762847
0.0731662
0.0702923
0.0681101
0.0669996
0.00394077
0.00221384
-3.22689e-05
-0.00259065
-0.00521825
-0.00764542
-0.00964856
-0.0110561
-0.0117425
-0.011624
-0.0106546
-0.00882109
-0.00613881
-0.00264752
0.00159188
0.00650043
0.0119837
0.0179343
0.024234
0.0307559
0.0373673
0.0439314
0.0503105
0.0563687
0.0619755
0.0670089
0.0713595
0.0749345
0.077662
0.0794956
0.0804187
0.080449
0.0796429
0.0780992
0.0759619
0.073422
0.0707194
0.068136
0.06593
0.0643128
0.00770276
0.00509245
0.0024523
-0.000175684
-0.00272967
-0.00500994
-0.00684225
-0.00809492
-0.00866964
-0.00849964
-0.00754825
-0.00580603
-0.00328782
-2.98458e-05
0.00391291
0.00846908
0.0135531
0.0190674
0.0249042
0.0309475
0.0370755
0.0431627
0.0490825
0.0547097
0.0599241
0.0646132
0.0686761
0.0720273
0.0746003
0.0763513
0.0772637
0.0773506
0.0766585
0.0752691
0.0732991
0.0709006
0.0682657
0.0656097
0.0630197
0.0605518
0.0118895
0.00825101
0.00504346
0.00216393
-0.000492612
-0.00278244
-0.00457294
-0.00576954
-0.00630114
-0.0061194
-0.00519934
-0.00353796
-0.00115236
0.00192218
0.00563411
0.00991737
0.0146931
0.0198713
0.0253525
0.0310296
0.0367896
0.0425158
0.0480901
0.0533955
0.0583191
0.0627549
0.0666075
0.069795
0.072253
0.0739373
0.0748278
0.0749304
0.0742796
0.072939
0.0709994
0.0685775
0.0658268
0.0629107
0.0597585
0.0562897
0.0160749
0.0113654
0.00749782
0.00424899
0.00136766
-0.00104531
-0.0028909
-0.00410719
-0.00464843
-0.0044846
-0.00360333
-0.00200957
0.000275435
0.00321541
0.00676019
0.010847
0.0154017
0.02034
0.0255688
0.0309876
0.0364902
0.0419665
0.0473045
0.052393
0.0571236
0.0613944
0.0651122
0.0681963
0.0705811
0.0722195
0.0730856
0.0731763
0.0725132
0.071142
0.06913
0.066564
0.0635676
0.0602663
0.056452
0.0519319
0.01995
0.0141745
0.00960033
0.00590622
0.00271542
9.73862e-05
-0.00187481
-0.00316697
-0.00375606
-0.00362928
-0.00278695
-0.00124277
0.000976708
0.00383266
0.00727471
0.0112416
0.0156622
0.020456
0.0255343
0.0308015
0.0361561
0.0414925
0.0467027
0.0516787
0.0563146
0.0605095
0.0641703
0.0672144
0.0695732
0.0711941
0.0720434
0.072108
0.071396
0.0699368
0.0677767
0.0649782
0.0616436
0.0578726
0.0533408
0.047765
0.0232818
0.0164645
0.0111659
0.00698299
0.00343013
0.000554318
-0.00159102
-0.00299489
-0.00365415
-0.00357178
-0.0027603
-0.0012424
0.000949332
0.00377251
0.00717528
0.0110966
0.0154666
0.0202072
0.0252327
0.0304503
0.0357616
0.0410636
0.0462505
0.0512152
0.0558523
0.0600597
0.063742
0.0668129
0.0691981
0.070838
0.0716896
0.0717286
0.0709501
0.0693681
0.067011
0.0639218
0.0601883
0.0558944
0.0506164
0.0439972
0.0258884
0.0180563
0.0120302
0.00733603
0.0033914
0.00022735
-0.00211745
-0.00365146
-0.00438886
-0.00434693
-0.00354973
-0.00202884
0.000176716
0.00302031
0.00644766
0.0103968
0.0147981
0.0195746
0.0246418
0.0299088
0.0352785
0.0406491
0.0459148
0.0509684
0.0557024
0.060012
0.0637975
0.0669666
0.0694378
0.0711425
0.0720273
0.0720562
0.0712109
0.0694912
0.0669102
0.0634952
0.059325
0.0544753
0.0484349
0.0407838
0.0276192
0.0187943
0.0120435
0.00682832
0.00247774
-0.000988689
-0.00354348
-0.00521161
-0.00602256
-0.0060066
-0.00519867
-0.00363906
-0.00137343
0.00154687
0.00506446
0.00911561
0.01363
0.0185305
0.0237331
0.0291472
0.0346761
0.0402174
0.0456645
0.0509078
0.0558367
0.0603417
0.0643168
0.0676624
0.0702877
0.0721136
0.0730752
0.0731236
0.0722272
0.0703723
0.0675582
0.0637997
0.0591709
0.0537442
0.0469286
0.0382478
0.0283416
0.018537
0.0110652
0.00532678
0.000566707
-0.00320401
-0.00596665
-0.00776069
-0.00862942
-0.00861516
-0.00776321
-0.00612242
-0.00374522
-0.000688036
0.00298813
0.00721714
0.0119272
0.0170403
0.0224721
0.0281313
0.0339203
0.0397354
0.0454678
0.0510043
0.0562298
0.0610284
0.0652865
0.068895
0.0717525
0.0737677
0.0748626
0.0749745
0.074058
0.072086
0.069045
0.0649391
0.0598405
0.0538223
0.0462171
0.0364952
0.0279299
0.0171492
0.00895851
0.00269884
-0.00246679
-0.00653426
-0.00949216
-0.0113933
-0.0122939
-0.0122477
-0.0113103
-0.00953891
-0.00699293
-0.0037342
0.000172285
0.00465751
0.00964767
0.0150634
0.020819
0.0268222
0.0329737
0.0391677
0.045292
0.0512292
0.056858
0.062055
0.0666974
0.0706651
0.073844
0.0761293
0.077428
0.0776623
0.0767719
0.0747156
0.0714676
0.067022
0.0614509
0.0548299
0.0464163
0.035627
0.0262588
0.014496
0.00558557
-0.00119098
-0.00675272
-0.0111017
-0.0142333
-0.016213
-0.01711
-0.0169893
-0.0159166
-0.0139579
-0.0111798
-0.00764978
-0.00343719
0.00138574
0.00674286
0.012553
0.018729
0.025177
0.0317957
0.0384763
0.045103
0.051553
0.057698
0.0634061
0.0685435
0.0729777
0.0765803
0.0792304
0.0808186
0.0812498
0.0804474
0.0783547
0.0749326
0.0701655
0.0641257
0.056893
0.0476463
0.0357484
0.0231973
0.0104374
0.000803246
-0.00648437
-0.0124283
-0.0170368
-0.0203119
-0.0223325
-0.0231807
-0.0229336
-0.0216672
-0.0194568
-0.0163765
-0.0124998
-0.00790069
-0.00265483
0.00315911
0.00945807
0.0161533
0.0231491
0.0303421
0.0376207
0.0448645
0.0519451
0.0587266
0.0650672
0.0708211
0.0758417
0.0799841
0.0831096
0.0850895
0.0858094
0.0851736
0.0831081
0.0795588
0.0744988
0.0680008
0.0601487
0.0500387
0.0369761
0.0186052
0.0048245
-0.00554074
-0.0133324
-0.0196401
-0.0244793
-0.0278594
-0.0298735
-0.0306178
-0.0301823
-0.0286544
-0.0261194
-0.0226593
-0.0183542
-0.013283
-0.00752475
-0.00116074
0.00572421
0.0130399
0.0206892
0.0285668
0.0365581
0.0445385
0.0523737
0.0599196
0.0670239
0.0735277
0.0792682
0.0840825
0.0878114
0.090304
0.0914233
0.0910516
0.0890945
0.0854798
0.0801673
0.0732288
0.0647516
0.0537425
0.0394451
0.0123289
-0.00250455
-0.0136114
-0.0218986
-0.0285472
-0.0335807
-0.0370175
-0.0389669
-0.0395409
-0.0388438
-0.0369761
-0.0340338
-0.0301081
-0.0252857
-0.0196508
-0.0132861
-0.00627511
0.001296
0.00933606
0.017747
0.0264222
0.0352446
0.0440859
0.0528058
0.0612523
0.0692618
0.0766612
0.0832706
0.0889063
0.0933858
0.0965329
0.0981842
0.0981955
0.0964479
0.0928473
0.0873364
0.0799839
0.070879
0.0589302
0.0433145
0.0041986
-0.0117283
-0.0235905
-0.0323627
-0.0393231
-0.0445054
-0.0479395
-0.0497532
-0.0500771
-0.0490323
-0.0467339
-0.0432905
-0.0388033
-0.0333667
-0.0270701
-0.0199996
-0.0122407
-0.00388034
0.00499029
0.0142732
0.0238613
0.0336363
0.043467
0.053208
0.0626991
0.0717659
0.0802203
0.0878635
0.094489
0.0998881
0.103855
0.106196
0.106734
0.105321
0.101835
0.0961967
0.088468
0.0787377
0.0658049
0.0487739
-0.00597548
-0.0230462
-0.0356802
-0.0449238
-0.0521593
-0.0574338
-0.0607913
-0.0623825
-0.0623601
-0.0608652
-0.0580304
-0.0539787
-0.0488228
-0.0426654
-0.0356015
-0.0277204
-0.0191088
-0.00985333
-4.40509e-05
0.0102225
0.0208405
0.0316919
0.0426438
0.0535472
0.0642349
0.0745214
0.0842036
0.0930626
0.100867
0.107379
0.112359
0.115574
0.116813
0.115888
0.112642
0.106968
0.0989162
0.08857
0.0746064
0.0560501
-0.0184069
-0.0366833
-0.050109
-0.0598055
-0.067269
-0.0725635
-0.0757524
-0.0770141
-0.0765287
-0.0744614
-0.070966
-0.0661827
-0.0602371
-0.0532413
-0.0452961
-0.0364935
-0.0269203
-0.0166616
-0.00580449
0.00555789
0.017323
0.0293751
0.0415823
0.0537933
0.0658355
0.0775138
0.0886102
0.0988849
0.10808
0.115924
0.122138
0.126449
0.128596
0.128346
0.125499
0.119908
0.111605
0.100663
0.0856204
0.0654147
-0.0333381
-0.0528968
-0.0671372
-0.0772614
-0.0848912
-0.0901134
-0.0930171
-0.0938161
-0.0927244
-0.0899375
-0.0856346
-0.0799764
-0.0731038
-0.0651391
-0.0561889
-0.0463472
-0.0356997
-0.024328
-0.0123141
0.000255015
0.0132829
0.0266591
0.0402551
0.0539207
0.0674802
0.0807306
0.09344
0.105348
0.116168
0.125592
0.133299
0.138962
0.142266
0.142921
0.140669
0.135314
0.126858
0.115356
0.0991875
0.0771933
-0.0510474
-0.071984
-0.0870661
-0.0975824
-0.105296
-0.110326
-0.112796
-0.112964
-0.111089
-0.107403
-0.102118
-0.0954172
-0.0874605
-0.0783811
-0.0682914
-0.0572863
-0.0454484
-0.0328534
-0.0195752
-0.00569155
0.00871077
0.0235303
0.0386461
0.0539121
0.0691535
0.0841621
0.0986946
0.112471
0.125174
0.136459
0.145952
0.153269
0.158029
0.15987
0.158461
0.153538
0.145061
0.133055
0.115716
0.091777
-0.071859
-0.0942945
-0.110249
-0.121106
-0.128793
-0.133472
-0.135314
-0.134639
-0.131759
-0.126955
-0.120476
-0.112537
-0.103316
-0.0929587
-0.0815831
-0.069283
-0.0561359
-0.0422081
-0.027562
-0.0122618
0.00361963
0.0199946
0.036754
0.0537616
0.0708476
0.0878034
0.104377
0.120271
0.135141
0.148598
0.160216
0.169542
0.176115
0.179484
0.179226
0.174989
0.16667
0.154245
0.135698
0.109637
-0.096156
-0.120246
-0.137107
-0.148231
-0.155739
-0.159854
-0.160817
-0.159025
-0.154862
-0.148669
-0.140743
-0.131332
-0.120639
-0.108821
-0.0960007
-0.0822678
-0.0676912
-0.0523242
-0.0362129
-0.0194032
-0.00194871
0.0160821
0.0345982
0.0534789
0.0725657
0.0916553
0.110493
0.128769
0.14611
0.162087
0.176215
0.187963
0.196775
0.202093
0.203375
0.200153
0.192231
0.179514
0.159728
0.131343
-0.124401
-0.150348
-0.168152
-0.179431
-0.186547
-0.189812
-0.189563
-0.186301
-0.180504
-0.172587
-0.162907
-0.151751
-0.139347
-0.125865
-0.111427
-0.0961183
-0.0799929
-0.0630861
-0.0454223
-0.0270233
-0.00791727
0.0118532
0.0322224
0.0530923
0.0743235
0.0957263
0.117051
0.137979
0.158118
0.176998
0.194071
0.208721
0.220283
0.228067
0.23138
0.229598
0.222397
0.209574
0.188535
0.15759
-0.157168
-0.185234
-0.204015
-0.215283
-0.221706
-0.223729
-0.221825
-0.216634
-0.208757
-0.198704
-0.186899
-0.173676
-0.159289
-0.143917
-0.12768
-0.110649
-0.0928595
-0.0743226
-0.0550337
-0.0349839
-0.0141685
0.00740316
0.0296986
0.0526516
0.0761514
0.100031
0.124056
0.147912
0.171191
0.193389
0.213898
0.23201
0.246933
0.257817
0.263783
0.263999
0.257961
0.245297
0.223019
0.189233
-0.195179
-0.225712
-0.245491
-0.256492
-0.261791
-0.262032
-0.25788
-0.250166
-0.239646
-0.226947
-0.212574
-0.19691
-0.180232
-0.162724
-0.144496
-0.1256
-0.106041
-0.0857998
-0.064834
-0.0430962
-0.0205411
0.00286396
0.0271287
0.0522286
0.0780927
0.10459
0.131513
0.158564
0.185337
0.211301
0.235793
0.258011
0.277024
0.291793
0.301203
0.304153
0.29988
0.287766
0.264304
0.227341
-0.239382
-0.272838
-0.293602
-0.303937
-0.307487
-0.305195
-0.297998
-0.286987
-0.273114
-0.257148
-0.239682
-0.221148
-0.201839
-0.181936
-0.161526
-0.140629
-0.119215
-0.0972174
-0.0745511
-0.05112
-0.0268295
-0.00159596
0.0246424
0.051914
0.0802003
0.10942
0.139412
0.169911
0.20053
0.230732
0.259811
0.286876
0.310847
0.33047
0.344338
0.351
0.349329
0.338339
0.31382
0.273267
-0.291043
-0.32802
-0.349681
-0.358721
-0.359604
-0.353726
-0.342418
-0.327107
-0.308994
-0.289011
-0.26784
-0.245956
-0.223654
-0.201092
-0.17832
-0.15531
-0.13198
-0.10821
-0.0838566
-0.0587676
-0.0327893
-0.00577771
0.0223913
0.0518105
0.082528
0.114529
0.147717
0.181886
0.216691
0.251617
0.285939
0.318694
0.348654
0.374328
0.393959
0.405642
0.40775
0.398741
0.37342
0.328764
-0.351921
-0.393194
-0.4155
-0.422235
-0.419092
-0.408152
-0.391298
-0.370398
-0.346952
-0.322063
-0.296497
-0.270745
-0.24508
-0.21961
-0.194324
-0.169127
-0.143866
-0.118353
-0.0923756
-0.0657147
-0.0381486
-0.00946409
0.0205354
0.052019
0.0851156
0.119896
0.156351
0.194362
0.233662
0.273793
0.314054
0.353443
0.390608
0.423808
0.450886
0.469362
0.476919
0.471194
0.445556
0.396166
-0.424539
-0.471077
-0.49344
-0.496236
-0.487036
-0.468958
-0.444645
-0.41652
-0.386418
-0.355603
-0.32489
-0.294743
-0.265367
-0.236784
-0.208888
-0.181489
-0.154344
-0.127179
-0.0997036
-0.0716188
-0.0426276
-0.0124392
0.019224
0.0526183
0.0879677
0.125448
0.165163
0.207114
0.251158
0.296946
0.343859
0.39092
0.436701
0.479237
0.515932
0.543608
0.559025
0.558599
0.533558
0.478681
-0.51266
-0.565583
-0.586739
-0.58291
-0.564608
-0.536484
-0.502189
-0.464802
-0.426491
-0.388628
-0.351999
-0.316967
-0.283604
-0.251788
-0.221274
-0.191747
-0.16285
-0.134207
-0.105434
-0.0761469
-0.0459655
-0.0145157
0.0185679
0.0536378
0.0910258
0.13103
0.173897
0.219785
0.268724
0.320547
0.374801
0.430628
0.486628
0.540689
0.58979
0.62995
0.65673
0.664783
0.642062
0.580908
-0.622157
-0.682483
-0.6998
-0.684912
-0.652938
-0.610728
-0.563184
-0.514077
-0.465819
-0.419756
-0.376507
-0.336215
-0.298722
-0.26369
-0.230686
-0.199228
-0.168822
-0.138973
-0.109195
-0.0790112
-0.047956
-0.0155687
0.0186071
0.0550253
0.0941347
0.136373
0.182152
0.231831
0.285671
0.34377
0.405955
0.471637
0.539608
0.607778
0.67282
0.729927
0.773198
0.794814
0.777702
0.709761
-0.762645
-0.830453
-0.838559
-0.80527
-0.752816
-0.691003
-0.62611
-0.562458
-0.50245
-0.447142
-0.396764
-0.351062
-0.309522
-0.2715
-0.236313
-0.20328
-0.171743
-0.141078
-0.11069
-0.0800099
-0.0484853
-0.0155719
0.019276
0.0566134
0.0970108
0.141055
0.189346
0.242479
0.301012
0.365402
0.435902
0.512388
0.594113
0.679319
0.764677
0.844729
0.91199
0.955369
0.950193
0.876227
-0.950812
-1.02276
-1.01075
-0.94696
-0.864052
-0.775339
-0.688212
-0.607031
-0.53366
-0.468409
-0.410781
-0.359895
-0.314722
-0.274218
-0.237393
-0.203332
-0.171202
-0.140241
-0.109749
-0.0790689
-0.0475697
-0.0146314
0.0203728
0.0580923
0.0992145
0.144478
0.194682
0.250687
0.313403
0.383748
0.462565
0.550455
0.647504
0.752802
0.863635
0.974485
1.07658
1.15497
1.17407
1.09893
-1.21717
-1.2797
-1.2255
-1.11154
-0.984066
-0.859367
-0.744751
-0.643426
-0.555739
-0.480568
-0.416237
-0.360956
-0.313024
-0.270909
-0.233273
-0.198952
-0.166936
-0.136338
-0.106361
-0.0762738
-0.0453835
-0.0130097
0.0215392
0.058991
0.100136
0.145851
0.197132
0.255114
0.321096
0.396543
0.483049
0.582234
0.695505
0.823555
0.965366
1.11671
1.26884
1.40347
1.47114
1.41121
-1.6177
-1.63095
-1.49152
-1.29671
-1.10589
-0.935004
-0.788312
-0.665547
-0.563985
-0.480142
-0.410642
-0.352517
-0.303267
-0.260831
-0.223516
-0.189928
-0.158903
-0.12945
-0.100706
-0.0718886
-0.0422663
-0.0111229
0.0222735
0.0587029
0.0990297
0.144243
0.195504
0.254204
0.322027
0.401022
0.493657
0.602847
0.73186
0.883975
1.06155
1.26422
1.4865
1.71007
1.87239
1.87274
-2.25446
-2.11587
-1.81358
-1.49442
-1.21742
-0.990514
-0.809417
-0.666456
-0.553628
-0.464016
-0.39207
-0.333474
-0.284904
-0.243805
-0.208188
-0.176483
-0.147426
-0.119969
-0.0932186
-0.0663777
-0.0387077
-0.00948748
0.0220228
0.0566199
0.095202
0.138821
0.188749
0.246571
0.314293
0.394504
0.490567
0.606857
0.748989
0.923943
1.13977
1.4042
1.72093
2.07938
2.41784
2.5891
-3.35591
-2.78317
-2.1727
-1.67585
-1.29258
-1.00573
-0.794151
-0.637277
-0.519334
-0.429178
-0.358978
-0.303187
-0.257842
-0.220062
-0.187704
-0.159137
-0.133079
-0.108492
-0.0845033
-0.0603454
-0.0353097
-0.00870684
0.0201728
0.0520993
0.0879509
0.128774
0.175865
0.230881
0.296003
0.374175
0.469457
0.587551
0.736531
0.927894
1.17797
1.50834
1.94099
2.49108
3.15795
3.79444
-5.52066
-3.66081
-2.43094
-1.71417
-1.24179
-0.921816
-0.704871
-0.553974
-0.445499
-0.365216
-0.304194
-0.256578
-0.218409
-0.186926
-0.160133
-0.136539
-0.114989
-0.0945586
-0.0744714
-0.0540497
-0.0326688
-0.00972089
0.0154202
0.0434361
0.0751077
0.111373
0.153403
0.202722
0.261374
0.332198
0.419279
0.528678
0.669681
0.857073
1.11541
1.48391
2.01597
2.8054
4.12341
6.09139
-9.20662
-4.51956
-2.30622
-1.42119
-0.958943
-0.68291
-0.512258
-0.400589
-0.322923
-0.266424
-0.223901
-0.190922
-0.16458
-0.142863
-0.124317
-0.107844
-0.0925836
-0.0778381
-0.0630174
-0.0476003
-0.031104
-0.0130574
0.00702426
0.0296668
0.0554687
0.085143
0.119574
0.159899
0.207639
0.264905
0.334757
0.42186
0.533761
0.683748
0.89745
1.22411
1.75391
2.73325
5.06141
9.86893
)
;

boundaryField
{
    movingWall
    {
        type            zeroGradient;
    }
    fixedWalls
    {
        type            zeroGradient;
    }
    frontAndBack
    {
        type            empty;
    }
}


// ************************************************************************* //
