0.05 	0.0003125 	0.005 	0.00220795
0.05 	0.0009375 	0.005 	0.00221237
0.05 	0.0015625 	0.005 	0.00221571
0.05 	0.0021875 	0.005 	0.00221828
0.05 	0.0028125 	0.005 	0.0022204
0.05 	0.0034375 	0.005 	0.00222202
0.05 	0.0040625 	0.005 	0.00222312
0.05 	0.0046875 	0.005 	0.00222366
0.05 	0.0053125 	0.005 	0.00222365
0.05 	0.0059375 	0.005 	0.00222306
0.05 	0.0065625 	0.005 	0.00222187
0.05 	0.0071875 	0.005 	0.00222006
0.05 	0.0078125 	0.005 	0.00221762
0.05 	0.0084375 	0.005 	0.00221454
0.05 	0.0090625 	0.005 	0.00221078
0.05 	0.0096875 	0.005 	0.00220635
0.05 	0.0103125 	0.005 	0.00220121
0.05 	0.0109375 	0.005 	0.00219537
0.05 	0.0115625 	0.005 	0.00218879
0.05 	0.0121875 	0.005 	0.00218147
0.05 	0.0128125 	0.005 	0.00217339
0.05 	0.0134375 	0.005 	0.00216453
0.05 	0.0140625 	0.005 	0.00215487
0.05 	0.0146875 	0.005 	0.0021444
0.05 	0.0153125 	0.005 	0.0021331
0.05 	0.0159375 	0.005 	0.00212094
0.05 	0.0165625 	0.005 	0.0021079
0.05 	0.0171875 	0.005 	0.00209395
0.05 	0.0178125 	0.005 	0.00207906
0.05 	0.0184375 	0.005 	0.00206321
0.05 	0.0190625 	0.005 	0.00204634
0.05 	0.0196875 	0.005 	0.00202843
0.05 	0.0203125 	0.005 	0.00200943
0.05 	0.0209375 	0.005 	0.00198929
0.05 	0.0215625 	0.005 	0.00196796
0.05 	0.0221875 	0.005 	0.0019454
0.05 	0.0228125 	0.005 	0.00192153
0.05 	0.0234375 	0.005 	0.00189629
0.05 	0.0240625 	0.005 	0.00186963
0.05 	0.0246875 	0.005 	0.00184146
0.05 	0.0253125 	0.005 	0.00181171
0.05 	0.0259375 	0.005 	0.0017803
0.05 	0.0265625 	0.005 	0.00174715
0.05 	0.0271875 	0.005 	0.00171216
0.05 	0.0278125 	0.005 	0.00167524
0.05 	0.0284375 	0.005 	0.00163629
0.05 	0.0290625 	0.005 	0.00159519
0.05 	0.0296875 	0.005 	0.00155185
0.05 	0.0303125 	0.005 	0.00150613
0.05 	0.0309375 	0.005 	0.00145792
0.05 	0.0315625 	0.005 	0.00140708
0.05 	0.0321875 	0.005 	0.00135348
0.05 	0.0328125 	0.005 	0.00129697
0.05 	0.0334375 	0.005 	0.0012374
0.05 	0.0340625 	0.005 	0.00117462
0.05 	0.0346875 	0.005 	0.00110845
0.05 	0.0353125 	0.005 	0.00103872
0.05 	0.0359375 	0.005 	0.000965263
0.05 	0.0365625 	0.005 	0.000887883
0.05 	0.0371875 	0.005 	0.000806386
0.05 	0.0378125 	0.005 	0.000720571
0.05 	0.0384375 	0.005 	0.00063023
0.05 	0.0390625 	0.005 	0.000535144
0.05 	0.0396875 	0.005 	0.000435091
0.05 	0.0403125 	0.005 	0.00032984
0.05 	0.0409375 	0.005 	0.000219155
0.05 	0.0415625 	0.005 	0.000102791
0.05 	0.0421875 	0.005 	-1.95008e-05
0.05 	0.0428125 	0.005 	-0.000147974
0.05 	0.0434375 	0.005 	-0.000282887
0.05 	0.0440625 	0.005 	-0.000424501
0.05 	0.0446875 	0.005 	-0.000573081
0.05 	0.0453125 	0.005 	-0.000728891
0.05 	0.0459375 	0.005 	-0.000892196
0.05 	0.0465625 	0.005 	-0.00106326
0.05 	0.0471875 	0.005 	-0.00124234
0.05 	0.0478125 	0.005 	-0.00142969
0.05 	0.0484375 	0.005 	-0.00162557
0.05 	0.0490625 	0.005 	-0.00183019
0.05 	0.0496875 	0.005 	-0.0020438
0.05 	0.0503125 	0.005 	-0.00226659
0.05 	0.0509375 	0.005 	-0.00249877
0.05 	0.0515625 	0.005 	-0.00274049
0.05 	0.0521875 	0.005 	-0.00299191
0.05 	0.0528125 	0.005 	-0.00325315
0.05 	0.0534375 	0.005 	-0.00352429
0.05 	0.0540625 	0.005 	-0.00380538
0.05 	0.0546875 	0.005 	-0.00409643
0.05 	0.0553125 	0.005 	-0.0043974
0.05 	0.0559375 	0.005 	-0.00470823
0.05 	0.0565625 	0.005 	-0.00502877
0.05 	0.0571875 	0.005 	-0.00535885
0.05 	0.0578125 	0.005 	-0.00569822
0.05 	0.0584375 	0.005 	-0.00604658
0.05 	0.0590625 	0.005 	-0.00640355
0.05 	0.0596875 	0.005 	-0.00676871
0.05 	0.0603125 	0.005 	-0.00714155
0.05 	0.0609375 	0.005 	-0.00752149
0.05 	0.0615625 	0.005 	-0.0079079
0.05 	0.0621875 	0.005 	-0.00830006
0.05 	0.0628125 	0.005 	-0.00869719
0.05 	0.0634375 	0.005 	-0.00909844
0.05 	0.0640625 	0.005 	-0.00950291
0.05 	0.0646875 	0.005 	-0.00990962
0.05 	0.0653125 	0.005 	-0.0103175
0.05 	0.0659375 	0.005 	-0.0107256
0.05 	0.0665625 	0.005 	-0.0111327
0.05 	0.0671875 	0.005 	-0.0115377
0.05 	0.0678125 	0.005 	-0.0119393
0.05 	0.0684375 	0.005 	-0.0123365
0.05 	0.0690625 	0.005 	-0.0127281
0.05 	0.0696875 	0.005 	-0.0131127
0.05 	0.0703125 	0.005 	-0.0134893
0.05 	0.0709375 	0.005 	-0.0138568
0.05 	0.0715625 	0.005 	-0.014214
0.05 	0.0721875 	0.005 	-0.0145598
0.05 	0.0728125 	0.005 	-0.0148934
0.05 	0.0734375 	0.005 	-0.0152137
0.05 	0.0740625 	0.005 	-0.01552
0.05 	0.0746875 	0.005 	-0.0158115
0.05 	0.0753125 	0.005 	-0.0160875
0.05 	0.0759375 	0.005 	-0.0163476
0.05 	0.0765625 	0.005 	-0.0165913
0.05 	0.0771875 	0.005 	-0.0168182
0.05 	0.0778125 	0.005 	-0.0170283
0.05 	0.0784375 	0.005 	-0.0172215
0.05 	0.0790625 	0.005 	-0.0173977
0.05 	0.0796875 	0.005 	-0.0175572
0.05 	0.0803125 	0.005 	-0.0177003
0.05 	0.0809375 	0.005 	-0.0178273
0.05 	0.0815625 	0.005 	-0.0179388
0.05 	0.0821875 	0.005 	-0.0180352
0.05 	0.0828125 	0.005 	-0.0181173
0.05 	0.0834375 	0.005 	-0.0181857
0.05 	0.0840625 	0.005 	-0.0182411
0.05 	0.0846875 	0.005 	-0.0182843
0.05 	0.0853125 	0.005 	-0.018316
0.05 	0.0859375 	0.005 	-0.0183368
0.05 	0.0865625 	0.005 	-0.0183473
0.05 	0.0871875 	0.005 	-0.0183481
0.05 	0.0878125 	0.005 	-0.0183396
0.05 	0.0884375 	0.005 	-0.0183219
0.05 	0.0890625 	0.005 	-0.0182952
0.05 	0.0896875 	0.005 	-0.0182595
0.05 	0.0903125 	0.005 	-0.0182145
0.05 	0.0909375 	0.005 	-0.0181599
0.05 	0.0915625 	0.005 	-0.0180953
0.05 	0.0921875 	0.005 	-0.0180201
0.05 	0.0928125 	0.005 	-0.0179337
0.05 	0.0934375 	0.005 	-0.0178355
0.05 	0.0940625 	0.005 	-0.017725
0.05 	0.0946875 	0.005 	-0.0176016
0.05 	0.0953125 	0.005 	-0.0174646
0.05 	0.0959375 	0.005 	-0.0173138
0.05 	0.0965625 	0.005 	-0.0171483
0.05 	0.0971875 	0.005 	-0.0169673
0.05 	0.0978125 	0.005 	-0.0167714
0.05 	0.0984375 	0.005 	-0.016561
0.05 	0.0990625 	0.005 	-0.0163138
0.05 	0.0996875 	0.005 	-0.0160046
