/*--------------------------------*- C++ -*----------------------------------*\
  =========                 |
  \\      /  F ield         | OpenFOAM: The Open Source CFD Toolbox
   \\    /   O peration     | Website:  https://openfoam.org
    \\  /    A nd           | Version:  7
     \\/     M anipulation  |
\*---------------------------------------------------------------------------*/
FoamFile
{
    version     2.0;
    format      ascii;
    class       volVectorField;
    location    "0.1";
    object      U;
}
// * * * * * * * * * * * * * * * * * * * * * * * * * * * * * * * * * * * * * //

dimensions      [0 1 -1 0 0 0 0];

internalField   nonuniform List<vector> 
1600
(
(5.9934e-05 -5.96371e-05 0)
(0.000154058 -5.60802e-05 0)
(0.000154421 -6.47709e-06 0)
(5.3278e-06 5.22179e-05 0)
(-0.000301238 0.000106946 0)
(-0.00074903 0.000153119 0)
(-0.00131391 0.000189405 0)
(-0.00196929 0.000215841 0)
(-0.00268832 0.000232996 0)
(-0.0034451 0.00024161 0)
(-0.00421522 0.000242459 0)
(-0.00497615 0.000236314 0)
(-0.00570731 0.000223927 0)
(-0.00639023 0.000206021 0)
(-0.00700851 0.000183301 0)
(-0.00754788 0.000156448 0)
(-0.00799619 0.000126131 0)
(-0.00834344 9.30222e-05 0)
(-0.00858184 5.77994e-05 0)
(-0.00870582 2.11638e-05 0)
(-0.00871212 -1.61651e-05 0)
(-0.00859989 -5.34379e-05 0)
(-0.00837077 -8.98633e-05 0)
(-0.00802896 -0.000124614 0)
(-0.00758134 -0.00015683 0)
(-0.00703752 -0.000185626 0)
(-0.00640986 -0.000210097 0)
(-0.00571346 -0.000229341 0)
(-0.00496609 -0.000242472 0)
(-0.00418805 -0.00024863 0)
(-0.00340195 -0.000247008 0)
(-0.00263238 -0.000236872 0)
(-0.00190554 -0.000217587 0)
(-0.00124861 -0.000188671 0)
(-0.000688839 -0.000149916 0)
(-0.000252217 -0.000101731 0)
(3.89481e-05 -4.59646e-05 0)
(0.000171571 1.22315e-05 0)
(0.000158268 5.93442e-05 0)
(5.95623e-05 5.93337e-05 0)
(5.81493e-05 -0.000154831 0)
(7.18045e-05 -6.79478e-05 0)
(-0.000176498 0.000181124 0)
(-0.000763864 0.000471901 0)
(-0.00170419 0.000752002 0)
(-0.00297108 0.000996841 0)
(-0.00451658 0.0011953 0)
(-0.00628208 0.00134357 0)
(-0.0082047 0.00144155 0)
(-0.0102211 0.00149113 0)
(-0.0122699 0.00149525 0)
(-0.0142931 0.00145741 0)
(-0.0162369 0.00138144 0)
(-0.0180525 0.00127134 0)
(-0.0196962 0.00113119 0)
(-0.0211298 0.000965137 0)
(-0.0223208 0.000777362 0)
(-0.0232424 0.000572141 0)
(-0.0238738 0.000353834 0)
(-0.0242002 0.000126926 0)
(-0.0242133 -0.000103947 0)
(-0.0239113 -0.00033399 0)
(-0.0232988 -0.000558226 0)
(-0.0223877 -0.000771513 0)
(-0.0211968 -0.000968584 0)
(-0.0197519 -0.0011441 0)
(-0.0180864 -0.00129271 0)
(-0.0162401 -0.00140919 0)
(-0.0142598 -0.00148854 0)
(-0.0121984 -0.00152614 0)
(-0.0101142 -0.00151794 0)
(-0.00806961 -0.00146067 0)
(-0.00612998 -0.00135216 0)
(-0.00436122 -0.00119181 0)
(-0.00282702 -0.000981463 0)
(-0.00158455 -0.000727042 0)
(-0.000677881 -0.000441888 0)
(-0.000127152 -0.000152767 0)
(9.01991e-05 8.66003e-05 0)
(6.08717e-05 0.000158655 0)
(1.15314e-05 -0.000160861 0)
(-0.000169287 0.000176832 0)
(-0.000793295 0.000805006 0)
(-0.00190592 0.00151803 0)
(-0.00350765 0.00221071 0)
(-0.00556283 0.00282472 0)
(-0.00800741 0.00332904 0)
(-0.010761 0.00370955 0)
(-0.0137352 0.0039622 0)
(-0.0168395 0.00408892 0)
(-0.0199843 0.00409534 0)
(-0.023084 0.00398936 0)
(-0.0260586 0.00378028 0)
(-0.0288346 0.0034783 0)
(-0.0313462 0.00309417 0)
(-0.0335356 0.00263903 0)
(-0.0353534 0.00212434 0)
(-0.0367588 0.00156187 0)
(-0.0377204 0.000963704 0)
(-0.0382161 0.000342292 0)
(-0.0382332 -0.00028952 0)
(-0.0377693 -0.000918465 0)
(-0.0368321 -0.00153087 0)
(-0.0354397 -0.00211269 0)
(-0.033621 -0.00264964 0)
(-0.0314155 -0.00312736 0)
(-0.0288734 -0.00353162 0)
(-0.0260551 -0.00384865 0)
(-0.0230305 -0.00406551 0)
(-0.0198785 -0.00417054 0)
(-0.0166852 -0.00415394 0)
(-0.0135423 -0.00400844 0)
(-0.0105444 -0.00373031 0)
(-0.00778583 -0.0033207 0)
(-0.00535605 -0.00278784 0)
(-0.00333372 -0.00215072 0)
(-0.001778 -0.00144541 0)
(-0.000716782 -0.000734807 0)
(-0.000138211 -0.000126713 0)
(1.72288e-05 0.000177296 0)
(-4.46237e-05 -2.22122e-05 0)
(-0.000457826 0.00075852 0)
(-0.0015146 0.0019178 0)
(-0.00319851 0.00318624 0)
(-0.00548062 0.00441065 0)
(-0.00831045 0.0054979 0)
(-0.011608 0.00639396 0)
(-0.0152746 0.00707122 0)
(-0.019202 0.00751931 0)
(-0.0232783 0.00773895 0)
(-0.0273924 0.00773821 0)
(-0.0314369 0.00752997 0)
(-0.035311 0.00713028 0)
(-0.0389216 0.0065573 0)
(-0.0421849 0.00583063 0)
(-0.0450272 0.00497088 0)
(-0.0473854 0.00399945 0)
(-0.0492074 0.00293845 0)
(-0.0504531 0.00181068 0)
(-0.0510943 0.000639655 0)
(-0.051115 -0.000550378 0)
(-0.0505122 -0.00173442 0)
(-0.0492961 -0.0028868 0)
(-0.0474902 -0.00398125 0)
(-0.0451314 -0.00499116 0)
(-0.0422703 -0.00588992 0)
(-0.0389708 -0.00665135 0)
(-0.0353096 -0.0072503 0)
(-0.0313754 -0.00766339 0)
(-0.0272676 -0.00786992 0)
(-0.0230942 -0.00785297 0)
(-0.0189698 -0.00760075 0)
(-0.015012 -0.00710844 0)
(-0.0113371 -0.0063806 0)
(-0.00805508 -0.00543469 0)
(-0.0052631 -0.00430655 0)
(-0.00303588 -0.00305876 0)
(-0.0014151 -0.00179212 0)
(-0.000416036 -0.000664495 0)
(-3.64799e-05 5.79172e-05 0)
(-9.90264e-05 0.000274159 0)
(-0.00075074 0.00170668 0)
(-0.00225894 0.00354641 0)
(-0.00453217 0.00548467 0)
(-0.00750173 0.00733171 0)
(-0.0110964 0.00896456 0)
(-0.0152176 0.0103076 0)
(-0.0197489 0.0113196 0)
(-0.0245643 0.011983 0)
(-0.0295341 0.0122968 0)
(-0.0345295 0.0122713 0)
(-0.0394256 0.0119247 0)
(-0.044105 0.0112808 0)
(-0.0484587 0.0103668 0)
(-0.0523887 0.00921271 0)
(-0.0558083 0.00785047 0)
(-0.0586434 0.00631343 0)
(-0.0608329 0.00463622 0)
(-0.0623295 0.00285466 0)
(-0.0631001 0.00100569 0)
(-0.0631259 -0.000872563 0)
(-0.0624037 -0.00274089 0)
(-0.0609452 -0.00455905 0)
(-0.0587781 -0.00628603 0)
(-0.0559459 -0.00788042 0)
(-0.0525079 -0.00930089 0)
(-0.0485389 -0.010507 0)
(-0.0441286 -0.0114602 0)
(-0.0393807 -0.0121248 0)
(-0.0344108 -0.0124696 0)
(-0.029345 -0.0124695 0)
(-0.0243162 -0.012108 0)
(-0.0194611 -0.0113793 0)
(-0.0149149 -0.010292 0)
(-0.0108062 -0.00887391 0)
(-0.00725052 -0.00717847 0)
(-0.00434124 -0.00529388 0)
(-0.00214002 -0.00335465 0)
(-0.0006997 -0.0015586 0)
(-8.87398e-05 -0.000213796 0)
(-0.000148654 0.000721985 0)
(-0.00103185 0.0030223 0)
(-0.00298942 0.00569843 0)
(-0.00585237 0.00842115 0)
(-0.00950713 0.0109755 0)
(-0.013857 0.0132157 0)
(-0.018782 0.0150481 0)
(-0.0241464 0.0164196 0)
(-0.0298069 0.0173062 0)
(-0.0356177 0.0177058 0)
(-0.0414345 0.0176313 0)
(-0.0471179 0.0171069 0)
(-0.0525364 0.0161647 0)
(-0.0575685 0.0148422 0)
(-0.0621045 0.0131813 0)
(-0.0660474 0.0112265 0)
(-0.0693142 0.00902482 0)
(-0.0718366 0.0066252 0)
(-0.0735615 0.00407826 0)
(-0.0744517 0.00143633 0)
(-0.0744862 -0.00124666 0)
(-0.0736611 -0.00391525 0)
(-0.0719895 -0.00651265 0)
(-0.069502 -0.00898103 0)
(-0.066247 -0.0112621 0)
(-0.0622905 -0.0132979 0)
(-0.0577159 -0.0150318 0)
(-0.0526233 -0.01641 0)
(-0.0471281 -0.0173828 0)
(-0.0413598 -0.0179074 0)
(-0.035459 -0.0179494 0)
(-0.0295748 -0.0174865 0)
(-0.0238607 -0.0165116 0)
(-0.0184696 -0.0150371 0)
(-0.0135487 -0.0131008 0)
(-0.00923394 -0.010772 0)
(-0.00564037 -0.00816176 0)
(-0.00285477 -0.0054324 0)
(-0.000972833 -0.00281159 0)
(-0.000136411 -0.000632245 0)
(-0.00019343 0.00131115 0)
(-0.00129697 0.00469445 0)
(-0.00369267 0.0083669 0)
(-0.00713679 0.0119909 0)
(-0.0114692 0.0153359 0)
(-0.0165646 0.0182402 0)
(-0.0222788 0.0205971 0)
(-0.0284554 0.0223446 0)
(-0.0349332 0.0234544 0)
(-0.0415506 0.0239244 0)
(-0.0481489 0.0237714 0)
(-0.0545759 0.0230266 0)
(-0.0606884 0.0217313 0)
(-0.0663541 0.0199348 0)
(-0.0714539 0.0176915 0)
(-0.0758825 0.0150601 0)
(-0.07955 0.0121026 0)
(-0.082382 0.00888357 0)
(-0.0843209 0.00546984 0)
(-0.0853261 0.00193061 0)
(-0.0853746 -0.00166288 0)
(-0.0844616 -0.00523739 0)
(-0.0826009 -0.00871794 0)
(-0.079825 -0.0120283 0)
(-0.0761859 -0.0150917 0)
(-0.0717544 -0.0178318 0)
(-0.0666206 -0.0201741 0)
(-0.0608926 -0.022048 0)
(-0.0546956 -0.0233883 0)
(-0.0481705 -0.0241388 0)
(-0.0414709 -0.0242547 0)
(-0.0347605 -0.0237066 0)
(-0.0282087 -0.0224847 0)
(-0.0219864 -0.0206041 0)
(-0.0162606 -0.0181103 0)
(-0.0111894 -0.0150864 0)
(-0.00691316 -0.0116621 0)
(-0.003547 -0.0080217 0)
(-0.00123148 -0.00441456 0)
(-0.000179404 -0.00118793 0)
(-0.000234297 0.00203223 0)
(-0.00154743 0.00670925 0)
(-0.00436796 0.0115393 0)
(-0.00838176 0.0161836 0)
(-0.0133824 0.0204032 0)
(-0.0192143 0.0240268 0)
(-0.0257072 0.0269397 0)
(-0.0326822 0.0290747 0)
(-0.0399592 0.0304023 0)
(-0.0473607 0.0309225 0)
(-0.0547144 0.0306576 0)
(-0.0618559 0.0296472 0)
(-0.0686316 0.0279436 0)
(-0.0749004 0.0256085 0)
(-0.0805351 0.0227104 0)
(-0.085424 0.0193232 0)
(-0.0894713 0.0155248 0)
(-0.0925982 0.0113966 0)
(-0.0947431 0.00702272 0)
(-0.0958627 0.00249032 0)
(-0.0959321 -0.00211095 0)
(-0.0949454 -0.00668894 0)
(-0.0929163 -0.0111494 0)
(-0.0898784 -0.0153963 0)
(-0.0858857 -0.0193331 0)
(-0.0810126 -0.0228638 0)
(-0.0753538 -0.0258944 0)
(-0.0690238 -0.0283358 0)
(-0.0621558 -0.0301059 0)
(-0.0549007 -0.0311331 0)
(-0.0474238 -0.0313605 0)
(-0.0399026 -0.0307498 0)
(-0.0325229 -0.0292866 0)
(-0.0254741 -0.0269861 0)
(-0.0189445 -0.0238991 0)
(-0.013117 -0.0201193 0)
(-0.00815944 -0.0157908 0)
(-0.00421777 -0.0111147 0)
(-0.00147758 -0.00635639 0)
(-0.000218743 -0.00187226 0)
(-0.000272415 0.00287775 0)
(-0.00178661 0.00905413 0)
(-0.0050204 0.0152034 0)
(-0.00959337 0.0209887 0)
(-0.0152538 0.0261683 0)
(-0.0218148 0.0305666 0)
(-0.0290788 0.0340656 0)
(-0.0368429 0.0365972 0)
(-0.0449076 0.0381338 0)
(-0.0530786 0.0386805 0)
(-0.0611701 0.0382675 0)
(-0.0690064 0.0369446 0)
(-0.0764243 0.0347766 0)
(-0.0832749 0.031839 0)
(-0.0894247 0.0282158 0)
(-0.0947564 0.0239969 0)
(-0.0991699 0.0192773 0)
(-0.102583 0.0141558 0)
(-0.10493 0.00873478 0)
(-0.106167 0.0031199 0)
(-0.106266 -0.00258002 0)
(-0.105219 -0.00825313 0)
(-0.103041 -0.013785 0)
(-0.099764 -0.0190591 0)
(-0.0954436 -0.0239579 0)
(-0.0901559 -0.0283643 0)
(-0.0839989 -0.0321637 0)
(-0.0770918 -0.0352467 0)
(-0.0695746 -0.0375124 0)
(-0.0616066 -0.0388719 0)
(-0.0533644 -0.0392538 0)
(-0.0450392 -0.0386084 0)
(-0.0368333 -0.0369142 0)
(-0.0289559 -0.0341833 0)
(-0.0216184 -0.0304689 0)
(-0.0150304 -0.0258714 0)
(-0.00938977 -0.0205454 0)
(-0.00487465 -0.0147052 0)
(-0.00171544 -0.00862832 0)
(-0.000255723 -0.002679 0)
(-0.00030884 0.00384257 0)
(-0.00201846 0.0117197 0)
(-0.00565741 0.0193492 0)
(-0.010782 0.0263979 0)
(-0.0170962 0.0326245 0)
(-0.0243815 0.0378535 0)
(-0.0324116 0.0419682 0)
(-0.040959 0.0449038 0)
(-0.0498033 0.0466386 0)
(-0.0587337 0.0471856 0)
(-0.0675505 0.0465859 0)
(-0.0760669 0.044902 0)
(-0.0841114 0.0422128 0)
(-0.0915281 0.0386095 0)
(-0.0981781 0.0341925 0)
(-0.10394 0.029069 0)
(-0.10871 0.0233516 0)
(-0.112404 0.0171573 0)
(-0.114953 0.0106072 0)
(-0.116312 0.00382585 0)
(-0.116449 -0.00305835 0)
(-0.115358 -0.00991351 0)
(-0.11305 -0.0166045 0)
(-0.109556 -0.0229936 0)
(-0.104932 -0.0289414 0)
(-0.0992539 -0.0343089 0)
(-0.092622 -0.0389591 0)
(-0.0851587 -0.0427608 0)
(-0.0770092 -0.0455919 0)
(-0.0683404 -0.0473442 0)
(-0.0593395 -0.0479288 0)
(-0.0502115 -0.0472817 0)
(-0.0411758 -0.0453707 0)
(-0.0324625 -0.0422018 0)
(-0.0243079 -0.0378263 0)
(-0.0169505 -0.0323479 0)
(-0.0106199 -0.0259283 0)
(-0.005528 -0.0187916 0)
(-0.00195013 -0.0112261 0)
(-0.000291605 -0.00360475 0)
(-0.000344467 0.00492374 0)
(-0.00224676 0.0147003 0)
(-0.00628689 0.023971 0)
(-0.0119596 0.0324062 0)
(-0.0189249 0.0397676 0)
(-0.0269321 0.0458838 0)
(-0.0357256 0.0506434 0)
(-0.0450522 0.0539892 0)
(-0.0546703 0.0559091 0)
(-0.0643517 0.0564281 0)
(-0.0738829 0.0556012 0)
(-0.083067 0.0535061 0)
(-0.0917242 0.0502382 0)
(-0.0996929 0.0459062 0)
(-0.10683 0.0406282 0)
(-0.113011 0.0345296 0)
(-0.11813 0.0277415 0)
(-0.122101 0.0203994 0)
(-0.124853 0.012643 0)
(-0.126339 0.00461624 0)
(-0.126527 -0.00353308 0)
(-0.125407 -0.0116529 0)
(-0.122988 -0.0195873 0)
(-0.1193 -0.0271769 0)
(-0.114397 -0.03426 0)
(-0.108354 -0.0406743 0)
(-0.101271 -0.0462593 0)
(-0.0932718 -0.0508601 0)
(-0.0845061 -0.0543313 0)
(-0.0751474 -0.0565423 0)
(-0.0653927 -0.0573835 0)
(-0.0554605 -0.056773 0)
(-0.0455881 -0.0546639 0)
(-0.0360277 -0.051052 0)
(-0.0270422 -0.045983 0)
(-0.018901 -0.0395595 0)
(-0.0118675 -0.0319475 0)
(-0.00618909 -0.0233785 0)
(-0.00218674 -0.014151 0)
(-0.000327522 -0.00464897 0)
(-0.000380048 0.00612032 0)
(-0.00247495 0.0179941 0)
(-0.00691644 0.029067 0)
(-0.0131379 0.0390123 0)
(-0.020755 0.0475969 0)
(-0.0294845 0.0546562 0)
(-0.0390404 0.0600887 0)
(-0.0491429 0.0638488 0)
(-0.0595288 0.0659384 0)
(-0.0699521 0.0663987 0)
(-0.0801862 0.0653017 0)
(-0.0900239 0.0627437 0)
(-0.0992785 0.0588391 0)
(-0.107784 0.0537157 0)
(-0.115393 0.0475111 0)
(-0.121981 0.0403697 0)
(-0.127441 0.0324415 0)
(-0.131684 0.0238809 0)
(-0.134641 0.0148462 0)
(-0.136261 0.0055002 0)
(-0.136511 -0.00399005 0)
(-0.13538 -0.0134527 0)
(-0.132872 -0.0227112 0)
(-0.129016 -0.0315844 0)
(-0.123861 -0.0398879 0)
(-0.117481 -0.0474354 0)
(-0.109973 -0.0540417 0)
(-0.101462 -0.0595259 0)
(-0.0920992 -0.0637169 0)
(-0.0820634 -0.0664584 0)
(-0.0715608 -0.0676165 0)
(-0.0608233 -0.0670871 0)
(-0.0501063 -0.0648043 0)
(-0.0396851 -0.0607485 0)
(-0.0298511 -0.0549554 0)
(-0.0209064 -0.0475229 0)
(-0.0131508 -0.0386176 0)
(-0.00686914 -0.0284768 0)
(-0.00243015 -0.0174095 0)
(-0.000364483 -0.00581384 0)
(-0.000416208 0.00743309 0)
(-0.00270605 0.0216029 0)
(-0.00755297 0.0346396 0)
(-0.0143278 0.0462189 0)
(-0.0226008 0.0561142 0)
(-0.0320549 0.0641714 0)
(-0.0423729 0.0703023 0)
(-0.0532476 0.0744778 0)
(-0.0643934 0.0767186 0)
(-0.075547 0.0770859 0)
(-0.0864685 0.0756733 0)
(-0.0969417 0.0725987 0)
(-0.106774 0.0679984 0)
(-0.115796 0.0620215 0)
(-0.123859 0.0548263 0)
(-0.130838 0.0465775 0)
(-0.136626 0.0374442 0)
(-0.141134 0.0275995 0)
(-0.144295 0.0172203 0)
(-0.146055 0.00648732 0)
(-0.146381 -0.00441375 0)
(-0.145257 -0.015292 0)
(-0.142686 -0.0259507 0)
(-0.138692 -0.0361876 0)
(-0.133318 -0.0457951 0)
(-0.126634 -0.0545626 0)
(-0.118735 -0.0622786 0)
(-0.109742 -0.0687345 0)
(-0.0998066 -0.0737305 0)
(-0.0891121 -0.0770814 0)
(-0.0778719 -0.0786244 0)
(-0.0663309 -0.0782284 0)
(-0.0547624 -0.0758029 0)
(-0.0434659 -0.0713082 0)
(-0.0327627 -0.0647645 0)
(-0.0229903 -0.0562604 0)
(-0.0144872 -0.0459598 0)
(-0.00757889 -0.0341045 0)
(-0.0026849 -0.0210139 0)
(-0.00040339 -0.00710402 0)
(-0.000453472 0.00886433 0)
(-0.00294273 0.0255318 0)
(-0.00820273 0.0406952 0)
(-0.0155392 0.0540321 0)
(-0.024475 0.0653241 0)
(-0.0346575 0.0744308 0)
(-0.0457369 0.0812818 0)
(-0.057378 0.0858695 0)
(-0.0692723 0.0882381 0)
(-0.0811392 0.0884741 0)
(-0.0927264 0.0866966 0)
(-0.10381 0.0830493 0)
(-0.114192 0.0776932 0)
(-0.123702 0.0708011 0)
(-0.132193 0.0625537 0)
(-0.13954 0.0531365 0)
(-0.145638 0.0427382 0)
(-0.150401 0.0315503 0)
(-0.153761 0.0197671 0)
(-0.155667 0.00758694 0)
(-0.156081 -0.00478743 0)
(-0.154987 -0.0171471 0)
(-0.152382 -0.0292765 0)
(-0.148283 -0.0409525 0)
(-0.142731 -0.0519451 0)
(-0.135786 -0.0620187 0)
(-0.127537 -0.0709345 0)
(-0.118101 -0.0784545 0)
(-0.107629 -0.0843469 0)
(-0.0963025 -0.0883936 0)
(-0.0843429 -0.0903985 0)
(-0.0720057 -0.0901976 0)
(-0.0595826 -0.0876701 0)
(-0.0473975 -0.0827493 0)
(-0.0358031 -0.0754343 0)
(-0.0251748 -0.0657992 0)
(-0.0158935 -0.0540016 0)
(-0.00832854 -0.0402854 0)
(-0.00295526 -0.0249814 0)
(-0.00044507 -0.00852649 0)
(-0.000492309 0.0104176 0)
(-0.00318742 0.0297887 0)
(-0.00887138 0.0472434 0)
(-0.0167809 0.0624608 0)
(-0.0263886 0.0752327 0)
(-0.0373038 0.0854361 0)
(-0.0491426 0.0930233 0)
(-0.0615405 0.0980133 0)
(-0.0741658 0.10048 0)
(-0.0867213 0.10054 0)
(-0.0989432 0.098344 0)
(-0.110601 0.0940646 0)
(-0.121495 0.0878912 0)
(-0.131456 0.080023 0)
(-0.140338 0.0706644 0)
(-0.14802 0.0600225 0)
(-0.154402 0.0483056 0)
(-0.159401 0.035723 0)
(-0.162953 0.0224857 0)
(-0.165004 0.00880737 0)
(-0.16552 -0.00509333 0)
(-0.164478 -0.0189914 0)
(-0.161872 -0.0326538 0)
(-0.157713 -0.0458381 0)
(-0.15203 -0.0582925 0)
(-0.144876 -0.0697565 0)
(-0.136332 -0.0799632 0)
(-0.126507 -0.0886431 0)
(-0.115544 -0.0955297 0)
(-0.103626 -0.100368 0)
(-0.0909764 -0.102922 0)
(-0.07786 -0.10299 0)
(-0.0645855 -0.100412 0)
(-0.0515018 -0.0950891 0)
(-0.0389947 -0.0869908 0)
(-0.0274802 -0.0761709 0)
(-0.017385 -0.0627761 0)
(-0.00912774 -0.0470499 0)
(-0.0032453 -0.0293342 0)
(-0.000490308 -0.0100904 0)
(-0.000533165 0.0120978 0)
(-0.00344242 0.0343842 0)
(-0.00956434 0.054297 0)
(-0.0180614 0.0715164 0)
(-0.0283515 0.0858473 0)
(-0.0400034 0.0971878 0)
(-0.0525964 0.105519 0)
(-0.0657357 0.110893 0)
(-0.0790664 0.113419 0)
(-0.092275 0.113252 0)
(-0.105088 0.110576 0)
(-0.117271 0.105601 0)
(-0.128625 0.0985478 0)
(-0.138982 0.0896433 0)
(-0.148204 0.0791179 0)
(-0.156177 0.0672009 0)
(-0.162805 0.05412 0)
(-0.168014 0.0401011 0)
(-0.171741 0.0253702 0)
(-0.173937 0.0101549 0)
(-0.174566 -0.00531312 0)
(-0.173602 -0.0207948 0)
(-0.171033 -0.036042 0)
(-0.166862 -0.0507948 0)
(-0.161108 -0.0647811 0)
(-0.153812 -0.077716 0)
(-0.145042 -0.0893041 0)
(-0.134896 -0.0992427 0)
(-0.123508 -0.107228 0)
(-0.111055 -0.112962 0)
(-0.0977591 -0.116166 0)
(-0.0838933 -0.11659 0)
(-0.0697808 -0.114029 0)
(-0.0557953 -0.108342 0)
(-0.0423566 -0.0994601 0)
(-0.0299244 -0.0874101 0)
(-0.0189765 -0.0723212 0)
(-0.00998575 -0.0544335 0)
(-0.00355897 -0.0340991 0)
(-0.000539874 -0.011807 0)
(-0.000576504 0.0139108 0)
(-0.00371013 0.0393316 0)
(-0.0102871 0.0618716 0)
(-0.0193888 0.0812126 0)
(-0.030373 0.0971751 0)
(-0.0427638 0.109684 0)
(-0.0561013 0.118756 0)
(-0.0699586 0.124483 0)
(-0.0839576 0.127019 0)
(-0.09777 0.126562 0)
(-0.111115 0.12334 0)
(-0.123756 0.117601 0)
(-0.135498 0.109602 0)
(-0.146181 0.0996022 0)
(-0.155675 0.0878588 0)
(-0.163877 0.0746237 0)
(-0.170701 0.0601432 0)
(-0.17608 0.0446587 0)
(-0.179958 0.0284088 0)
(-0.182291 0.0116323 0)
(-0.183042 -0.00542846 0)
(-0.182182 -0.022524 0)
(-0.179694 -0.0393937 0)
(-0.175569 -0.0557631 0)
(-0.169816 -0.0713417 0)
(-0.162459 -0.0858217 0)
(-0.153551 -0.0988792 0)
(-0.143173 -0.110177 0)
(-0.131446 -0.119371 0)
(-0.118535 -0.126117 0)
(-0.104658 -0.130084 0)
(-0.0900902 -0.130969 0)
(-0.0751675 -0.128512 0)
(-0.0602869 -0.122515 0)
(-0.0459034 -0.112866 0)
(-0.0325238 -0.0995527 0)
(-0.0206815 -0.0826791 0)
(-0.0109117 -0.0624769 0)
(-0.00390026 -0.0393075 0)
(-0.00059457 -0.0136895 0)
(-0.000622851 0.015864 0)
(-0.00399323 0.044647 0)
(-0.0110457 0.0699859 0)
(-0.0207719 0.0915644 0)
(-0.0324625 0.109223 0)
(-0.0455916 0.12292 0)
(-0.0596569 0.132714 0)
(-0.074198 0.138749 0)
(-0.0888139 0.14123 0)
(-0.103163 0.140409 0)
(-0.116959 0.136562 0)
(-0.12997 0.129984 0)
(-0.142007 0.120972 0)
(-0.152922 0.10982 0)
(-0.1626 0.0968134 0)
(-0.17095 0.0822263 0)
(-0.177901 0.066323 0)
(-0.183397 0.0493584 0)
(-0.187391 0.0315813 0)
(-0.189845 0.0132381 0)
(-0.190723 -0.00542193 0)
(-0.189995 -0.0241424 0)
(-0.187636 -0.0426545 0)
(-0.183626 -0.0606725 0)
(-0.177958 -0.0778905 0)
(-0.17064 -0.0939801 0)
(-0.161703 -0.10859 0)
(-0.151206 -0.121348 0)
(-0.139251 -0.131866 0)
(-0.125986 -0.139751 0)
(-0.111617 -0.144611 0)
(-0.0964181 -0.146081 0)
(-0.0807322 -0.143834 0)
(-0.0649778 -0.137608 0)
(-0.0496456 -0.127229 0)
(-0.0352922 -0.112634 0)
(-0.0225134 -0.0938945 0)
(-0.0119148 -0.0712256 0)
(-0.00427336 -0.044995 0)
(-0.000655261 -0.0157534 0)
(-0.000672854 0.0179661 0)
(-0.00429499 0.0503496 0)
(-0.0118475 0.0786618 0)
(-0.022221 0.102589 0)
(-0.0346302 0.121996 0)
(-0.048493 0.136883 0)
(-0.0632605 0.147363 0)
(-0.0784373 0.15364 0)
(-0.0935998 0.155984 0)
(-0.108396 0.154707 0)
(-0.122539 0.150147 0)
(-0.135804 0.142648 0)
(-0.148015 0.132554 0)
(-0.159043 0.120194 0)
(-0.168789 0.105885 0)
(-0.177183 0.0899238 0)
(-0.184172 0.0725898 0)
(-0.189714 0.0541491 0)
(-0.193776 0.0348571 0)
(-0.196327 0.0149643 0)
(-0.197333 -0.00527803 0)
(-0.196764 -0.0256111 0)
(-0.194586 -0.0457626 0)
(-0.190769 -0.0654403 0)
(-0.185287 -0.0843271 0)
(-0.178126 -0.102077 0)
(-0.169291 -0.118313 0)
(-0.158817 -0.132629 0)
(-0.146776 -0.144591 0)
(-0.133292 -0.153751 0)
(-0.118554 -0.159653 0)
(-0.102823 -0.161855 0)
(-0.0864467 -0.159953 0)
(-0.0698598 -0.153604 0)
(-0.0535883 -0.142558 0)
(-0.038242 -0.126687 0)
(-0.0244854 -0.106014 0)
(-0.0130047 -0.0807295 0)
(-0.00468283 -0.0512022 0)
(-0.000722921 -0.0180164 0)
(-0.000727375 0.0202279 0)
(-0.00461966 0.0564627 0)
(-0.0127017 0.0879249 0)
(-0.023749 0.114304 0)
(-0.0368887 0.135496 0)
(-0.0514749 0.151554 0)
(-0.0669069 0.162659 0)
(-0.0826529 0.169088 0)
(-0.0982684 0.171189 0)
(-0.113394 0.169347 0)
(-0.127749 0.163969 0)
(-0.14112 0.15546 0)
(-0.153353 0.144211 0)
(-0.164342 0.130593 0)
(-0.174013 0.114953 0)
(-0.18232 0.0976081 0)
(-0.189234 0.0788536 0)
(-0.194732 0.0589626 0)
(-0.198797 0.0381931 0)
(-0.201407 0.0167946 0)
(-0.202537 -0.00498459 0)
(-0.202151 -0.0268893 0)
(-0.200212 -0.0486493 0)
(-0.196675 -0.0699715 0)
(-0.191494 -0.090533 0)
(-0.18463 -0.109975 0)
(-0.176058 -0.127898 0)
(-0.165779 -0.143863 0)
(-0.15383 -0.157391 0)
(-0.140301 -0.167973 0)
(-0.125353 -0.175081 0)
(-0.109227 -0.17819 0)
(-0.092265 -0.176799 0)
(-0.0749136 -0.170469 0)
(-0.0577314 -0.158853 0)
(-0.0413835 -0.14174 0)
(-0.0266108 -0.119086 0)
(-0.0141922 -0.0910427 0)
(-0.00513391 -0.0579742 0)
(-0.000798705 -0.0204986 0)
(-0.000787582 0.0226625 0)
(-0.00497292 0.0630149 0)
(-0.0136208 0.0978059 0)
(-0.0253729 0.126729 0)
(-0.0392543 0.149723 0)
(-0.0545453 0.166906 0)
(-0.0705885 0.178542 0)
(-0.0868142 0.185001 0)
(-0.10276 0.186725 0)
(-0.118064 0.184186 0)
(-0.132457 0.177871 0)
(-0.145749 0.168251 0)
(-0.157814 0.155774 0)
(-0.168575 0.140852 0)
(-0.177993 0.123862 0)
(-0.186053 0.105144 0)
(-0.192752 0.0850012 0)
(-0.198094 0.0637119 0)
(-0.202079 0.0415316 0)
(-0.204699 0.0187032 0)
(-0.205937 -0.00453423 0)
(-0.205758 -0.0279354 0)
(-0.204117 -0.0512391 0)
(-0.200956 -0.0741584 0)
(-0.196207 -0.0963711 0)
(-0.189803 -0.117511 0)
(-0.181683 -0.137163 0)
(-0.171806 -0.154857 0)
(-0.160167 -0.170069 0)
(-0.146812 -0.182228 0)
(-0.131859 -0.190728 0)
(-0.11552 -0.194944 0)
(-0.0981196 -0.194269 0)
(-0.0801065 -0.188141 0)
(-0.0620678 -0.176096 0)
(-0.0447254 -0.157811 0)
(-0.0289041 -0.133155 0)
(-0.0154896 -0.102223 0)
(-0.00563289 -0.0653621 0)
(-0.000884045 -0.0232234 0)
(-0.000855102 0.0252866 0)
(-0.00536258 0.0700417 0)
(-0.0146214 0.108342 0)
(-0.0271152 0.139888 0)
(-0.0417481 0.16467 0)
(-0.0577147 0.182894 0)
(-0.074295 0.194928 0)
(-0.0908811 0.201259 0)
(-0.106996 0.202437 0)
(-0.122285 0.199043 0)
(-0.136501 0.191653 0)
(-0.149483 0.180814 0)
(-0.161145 0.167034 0)
(-0.171451 0.15077 0)
(-0.1804 0.132429 0)
(-0.188017 0.112365 0)
(-0.194334 0.0908935 0)
(-0.199381 0.0682884 0)
(-0.203184 0.0447979 0)
(-0.20575 0.020652 0)
(-0.207071 -0.00392614 0)
(-0.207117 -0.0287088 0)
(-0.205835 -0.0534515 0)
(-0.203153 -0.0778814 0)
(-0.198982 -0.101685 0)
(-0.193222 -0.124498 0)
(-0.185773 -0.145893 0)
(-0.176545 -0.165377 0)
(-0.165479 -0.182385 0)
(-0.152567 -0.19628 0)
(-0.137871 -0.206373 0)
(-0.121557 -0.21193 0)
(-0.103916 -0.212215 0)
(-0.0853888 -0.206524 0)
(-0.0665826 -0.194243 0)
(-0.0482748 -0.174908 0)
(-0.0313817 -0.148267 0)
(-0.0169119 -0.114334 0)
(-0.00618762 -0.073423 0)
(-0.000980763 -0.0262177 0)
(-0.000932236 0.0281216 0)
(-0.00579945 0.077588 0)
(-0.0157263 0.119578 0)
(-0.0290061 0.153803 0)
(-0.0443975 0.180324 0)
(-0.0609955 0.199458 0)
(-0.078011 0.211708 0)
(-0.0947999 0.217702 0)
(-0.110878 0.218127 0)
(-0.125909 0.213689 0)
(-0.139676 0.205067 0)
(-0.152067 0.192893 0)
(-0.163042 0.177738 0)
(-0.172618 0.160105 0)
(-0.180844 0.140427 0)
(-0.187788 0.119075 0)
(-0.193523 0.0963634 0)
(-0.198112 0.0725604 0)
(-0.201608 0.0478992 0)
(-0.204039 0.02259 0)
(-0.205408 -0.00316777 0)
(-0.205689 -0.0291716 0)
(-0.204826 -0.0552024 0)
(-0.202734 -0.0810106 0)
(-0.199299 -0.106301 0)
(-0.194389 -0.130719 0)
(-0.187859 -0.153839 0)
(-0.179565 -0.175148 0)
(-0.169386 -0.194046 0)
(-0.157242 -0.209836 0)
(-0.143128 -0.221737 0)
(-0.127142 -0.2289 0)
(-0.109524 -0.230438 0)
(-0.0906891 -0.225477 0)
(-0.0712502 -0.213219 0)
(-0.0520367 -0.193018 0)
(-0.0340625 -0.164459 0)
(-0.0184778 -0.127441 0)
(-0.00680824 -0.0822226 0)
(-0.00109127 -0.0295131 0)
(-0.00102227 0.0311956 0)
(-0.00629863 0.0857118 0)
(-0.0169666 0.131572 0)
(-0.0310857 0.168502 0)
(-0.0472379 0.196662 0)
(-0.0644012 0.216514 0)
(-0.0817132 0.228733 0)
(-0.0984973 0.234124 0)
(-0.114275 0.233543 0)
(-0.128739 0.227838 0)
(-0.141727 0.217808 0)
(-0.153184 0.204177 0)
(-0.163136 0.187582 0)
(-0.171659 0.168569 0)
(-0.178864 0.147596 0)
(-0.184869 0.125041 0)
(-0.189792 0.101215 0)
(-0.193735 0.0763723 0)
(-0.19678 0.0507233 0)
(-0.198977 0.024451 0)
(-0.200345 -0.00227657 0)
(-0.200864 -0.0292907 0)
(-0.200477 -0.0564068 0)
(-0.199084 -0.0834082 0)
(-0.196554 -0.110029 0)
(-0.192717 -0.135937 0)
(-0.187383 -0.160715 0)
(-0.180349 -0.183848 0)
(-0.17142 -0.204705 0)
(-0.160435 -0.222537 0)
(-0.147298 -0.236472 0)
(-0.132023 -0.245534 0)
(-0.114771 -0.248669 0)
(-0.0959066 -0.244802 0)
(-0.0760305 -0.232906 0)
(-0.0560131 -0.212102 0)
(-0.0369695 -0.181762 0)
(-0.0202115 -0.141616 0)
(-0.00750833 -0.0918364 0)
(-0.00121889 -0.0331475 0)
(-0.00112993 0.0345459 0)
(-0.00688127 0.0944888 0)
(-0.0183848 0.144394 0)
(-0.033407 0.184014 0)
(-0.0503126 0.213643 0)
(-0.067944 0.23394 0)
(-0.0853622 0.245804 0)
(-0.101869 0.25026 0)
(-0.117007 0.248366 0)
(-0.130525 0.241138 0)
(-0.142329 0.229507 0)
(-0.152445 0.214297 0)
(-0.160976 0.196209 0)
(-0.168076 0.17583 0)
(-0.17392 0.153633 0)
(-0.178685 0.13 0)
(-0.182539 0.105227 0)
(-0.185624 0.0795465 0)
(-0.188054 0.0531398 0)
(-0.189904 0.0261543 0)
(-0.19121 -0.00128126 0)
(-0.191959 -0.0290404 0)
(-0.192096 -0.0569821 0)
(-0.191513 -0.0849328 0)
(-0.190057 -0.112667 0)
(-0.187529 -0.139888 0)
(-0.183691 -0.166204 0)
(-0.178277 -0.191108 0)
(-0.171013 -0.213957 0)
(-0.161642 -0.233955 0)
(-0.149961 -0.250147 0)
(-0.135869 -0.261426 0)
(-0.119423 -0.266554 0)
(-0.100901 -0.264221 0)
(-0.0808628 -0.253125 0)
(-0.0602013 -0.232086 0)
(-0.0401306 -0.200192 0)
(-0.022145 -0.156937 0)
(-0.00830647 -0.102353 0)
(-0.00136825 -0.0371674 0)
(-0.00126215 0.0382233 0)
(-0.00757727 0.104019 0)
(-0.0200386 0.158133 0)
(-0.0360385 0.200366 0)
(-0.0536723 0.231203 0)
(-0.0716271 0.25157 0)
(-0.0888906 0.262656 0)
(-0.104761 0.265765 0)
(-0.118831 0.262194 0)
(-0.130931 0.253154 0)
(-0.141065 0.239722 0)
(-0.14936 0.222818 0)
(-0.156015 0.203208 0)
(-0.161272 0.181508 0)
(-0.165378 0.158201 0)
(-0.168575 0.133657 0)
(-0.17108 0.108152 0)
(-0.173079 0.0818856 0)
(-0.174716 0.0550019 0)
(-0.176093 0.0276052 0)
(-0.177261 -0.000222594 0)
(-0.178221 -0.0284048 0)
(-0.178921 -0.0568524 0)
(-0.179249 -0.0854452 0)
(-0.179036 -0.114011 0)
(-0.178056 -0.1423 0)
(-0.176027 -0.169964 0)
(-0.172622 -0.196522 0)
(-0.167482 -0.221336 0)
(-0.160245 -0.243585 0)
(-0.150582 -0.262242 0)
(-0.13825 -0.276069 0)
(-0.123164 -0.283636 0)
(-0.105473 -0.283364 0)
(-0.0856547 -0.273618 0)
(-0.0645899 -0.252843 0)
(-0.0435804 -0.219743 0)
(-0.0243215 -0.173483 0)
(-0.00922876 -0.113881 0)
(-0.00154607 -0.0416307 0)
(-0.00142929 0.0422974 0)
(-0.00842923 0.114434 0)
(-0.0220067 0.172899 0)
(-0.039067 0.217579 0)
(-0.0573708 0.249237 0)
(-0.0754328 0.269165 0)
(-0.0921812 0.278934 0)
(-0.106943 0.280194 0)
(-0.119401 0.274528 0)
(-0.129506 0.263364 0)
(-0.137392 0.247928 0)
(-0.143313 0.229241 0)
(-0.147581 0.208115 0)
(-0.150534 0.185187 0)
(-0.152498 0.160932 0)
(-0.15378 0.135699 0)
(-0.154647 0.109728 0)
(-0.155322 0.0831801 0)
(-0.155982 0.0561518 0)
(-0.15675 0.0286977 0)
(-0.157697 0.000846932 0)
(-0.158837 -0.0273802 0)
(-0.160124 -0.055954 0)
(-0.161448 -0.0848161 0)
(-0.162632 -0.113858 0)
(-0.16343 -0.142894 0)
(-0.163524 -0.171634 0)
(-0.16253 -0.199648 0)
(-0.160009 -0.226328 0)
(-0.155485 -0.250849 0)
(-0.148488 -0.272136 0)
(-0.138606 -0.288839 0)
(-0.125567 -0.299328 0)
(-0.109343 -0.301731 0)
(-0.0902645 -0.294021 0)
(-0.0691502 -0.27417 0)
(-0.0473593 -0.240378 0)
(-0.0267997 -0.191342 0)
(-0.0103127 -0.126549 0)
(-0.00176239 -0.0466125 0)
(-0.00164719 0.0468651 0)
(-0.00949875 0.125912 0)
(-0.0243953 0.188827 0)
(-0.0425982 0.235654 0)
(-0.0614538 0.267573 0)
(-0.079297 0.286385 0)
(-0.0950304 0.29416 0)
(-0.108064 0.292975 0)
(-0.118225 0.284746 0)
(-0.125636 0.271135 0)
(-0.130601 0.253519 0)
(-0.133525 0.232999 0)
(-0.134849 0.210422 0)
(-0.135011 0.186419 0)
(-0.134419 0.161443 0)
(-0.133438 0.135802 0)
(-0.13238 0.109691 0)
(-0.131502 0.0832184 0)
(-0.131004 0.0564284 0)
(-0.131031 0.0293201 0)
(-0.131669 0.0018648 0)
(-0.132946 -0.0259773 0)
(-0.134826 -0.0542406 0)
(-0.137208 -0.0829353 0)
(-0.139916 -0.112026 0)
(-0.142695 -0.141404 0)
(-0.145206 -0.170858 0)
(-0.147019 -0.200031 0)
(-0.147622 -0.228374 0)
(-0.146432 -0.255097 0)
(-0.142827 -0.279111 0)
(-0.136201 -0.29898 0)
(-0.126053 -0.312891 0)
(-0.112107 -0.318664 0)
(-0.0944722 -0.313822 0)
(-0.0738211 -0.295758 0)
(-0.0515123 -0.262003 0)
(-0.0296596 -0.210599 0)
(-0.0116131 -0.140523 0)
(-0.0020327 -0.0522125 0)
(-0.00194092 0.0520646 0)
(-0.0108763 0.138689 0)
(-0.0273474 0.206073 0)
(-0.0467532 0.254552 0)
(-0.0659357 0.285938 0)
(-0.0830663 0.302743 0)
(-0.0970892 0.307689 0)
(-0.10758 0.303373 0)
(-0.114592 0.292085 0)
(-0.11848 0.275726 0)
(-0.119758 0.255806 0)
(-0.119007 0.233478 0)
(-0.116805 0.209593 0)
(-0.11369 0.184751 0)
(-0.110142 0.159355 0)
(-0.106576 0.133656 0)
(-0.103336 0.107789 0)
(-0.1007 0.0818023 0)
(-0.0988864 0.0556798 0)
(-0.0980509 0.0293622 0)
(-0.0982929 0.00276194 0)
(-0.0996534 -0.0242222 0)
(-0.102112 -0.0516901 0)
(-0.105581 -0.0797236 0)
(-0.109898 -0.108367 0)
(-0.114815 -0.137599 0)
(-0.119989 -0.167304 0)
(-0.124967 -0.197223 0)
(-0.129184 -0.226904 0)
(-0.131961 -0.255632 0)
(-0.132529 -0.282354 0)
(-0.130075 -0.305598 0)
(-0.123824 -0.323409 0)
(-0.113181 -0.333304 0)
(-0.0979294 -0.332315 0)
(-0.0784783 -0.317138 0)
(-0.0560798 -0.284438 0)
(-0.0330094 -0.231331 0)
(-0.0132122 -0.15601 0)
(-0.00238184 -0.0585682 0)
(-0.00235161 0.0580959 0)
(-0.0126969 0.15308 0)
(-0.0310519 0.224803 0)
(-0.0516532 0.274143 0)
(-0.0707513 0.303883 0)
(-0.0864201 0.317534 0)
(-0.0977675 0.318654 0)
(-0.104661 0.310455 0)
(-0.107481 0.295625 0)
(-0.106884 0.276283 0)
(-0.103638 0.254032 0)
(-0.0985092 0.230034 0)
(-0.0922112 0.205095 0)
(-0.085371 0.17975 0)
(-0.0785225 0.154325 0)
(-0.0721084 0.128992 0)
(-0.0664874 0.103813 0)
(-0.0619441 0.0787681 0)
(-0.0586973 0.0537788 0)
(-0.0569069 0.0287271 0)
(-0.0566785 0.00346842 0)
(-0.0580642 -0.0221568 0)
(-0.0610607 -0.0483109 0)
(-0.0656031 -0.0751459 0)
(-0.071555 -0.102787 0)
(-0.078695 -0.131307 0)
(-0.0866987 -0.160699 0)
(-0.0951202 -0.190826 0)
(-0.103373 -0.221368 0)
(-0.110715 -0.251736 0)
(-0.116252 -0.280978 0)
(-0.118963 -0.307665 0)
(-0.117776 -0.329763 0)
(-0.111704 -0.34454 0)
(-0.100078 -0.348526 0)
(-0.0828785 -0.33761 0)
(-0.0610751 -0.307354 0)
(-0.0369917 -0.253582 0)
(-0.0152352 -0.173278 0)
(-0.00285116 -0.0658748 0)
(-0.00294927 0.0652567 0)
(-0.0151662 0.169501 0)
(-0.03575 0.245158 0)
(-0.0573775 0.294126 0)
(-0.0756605 0.320688 0)
(-0.0887365 0.329742 0)
(-0.0960815 0.325896 0)
(-0.0980319 0.313053 0)
(-0.0954197 0.29428 0)
(-0.0892745 0.27186 0)
(-0.0806371 0.247413 0)
(-0.0704615 0.222039 0)
(-0.0595723 0.196446 0)
(-0.0486553 0.171056 0)
(-0.0382666 0.146089 0)
(-0.028848 0.121619 0)
(-0.0207462 0.0976246 0)
(-0.0142288 0.0740126 0)
(-0.00949949 0.0506436 0)
(-0.00670831 0.027345 0)
(-0.00595882 0.00392128 0)
(-0.007311 -0.0198374 0)
(-0.01078 -0.0441479 0)
(-0.0163304 -0.0692252 0)
(-0.0238652 -0.0952696 0)
(-0.0332096 -0.122449 0)
(-0.0440891 -0.15087 0)
(-0.0561012 -0.180537 0)
(-0.0686836 -0.211294 0)
(-0.0810819 -0.242732 0)
(-0.0923242 -0.274079 0)
(-0.101218 -0.304043 0)
(-0.10639 -0.330633 0)
(-0.106407 -0.350969 0)
(-0.100018 -0.361129 0)
(-0.086554 -0.35613 0)
(-0.0664313 -0.330178 0)
(-0.041783 -0.27732 0)
(-0.017875 -0.192667 0)
(-0.00351184 -0.0744214 0)
(-0.00385662 0.0740029 0)
(-0.0185977 0.188486 0)
(-0.0417217 0.267178 0)
(-0.0638609 0.313882 0)
(-0.0800652 0.3352 0)
(-0.0888631 0.337916 0)
(-0.0904189 0.327897 0)
(-0.0857669 0.309746 0)
(-0.0763193 0.28683 0)
(-0.0635251 0.261473 0)
(-0.0486934 0.2352 0)
(-0.0329262 0.208956 0)
(-0.017111 0.183281 0)
(-0.00194106 0.15844 0)
(0.0120529 0.134516 0)
(0.02447 0.111472 0)
(0.0350096 0.0891953 0)
(0.0434468 0.0675235 0)
(0.0496135 0.0462608 0)
(0.0533844 0.0251893 0)
(0.0546679 0.00407426 0)
(0.0534013 -0.0173321 0)
(0.0495512 -0.0392876 0)
(0.0431185 -0.0620562 0)
(0.0341485 -0.0859016 0)
(0.0227487 -0.111076 0)
(0.00911322 -0.137797 0)
(-0.00644279 -0.166218 0)
(-0.0234395 -0.196369 0)
(-0.0411803 -0.22807 0)
(-0.058696 -0.26081 0)
(-0.0746986 -0.293557 0)
(-0.0875674 -0.324522 0)
(-0.0954125 -0.350858 0)
(-0.0962867 -0.368343 0)
(-0.0886211 -0.371157 0)
(-0.0718814 -0.351928 0)
(-0.0475688 -0.302326 0)
(-0.0214288 -0.214597 0)
(-0.0044897 -0.084651 0)
(-0.00529225 0.0850548 0)
(-0.0234633 0.21068 0)
(-0.0492139 0.290613 0)
(-0.07066 0.33221 0)
(-0.0826626 0.345599 0)
(-0.084736 0.34002 0)
(-0.0781858 0.322719 0)
(-0.0649989 0.298888 0)
(-0.0472603 0.271992 0)
(-0.0268265 0.244203 0)
(-0.00520823 0.216794 0)
(0.0164301 0.190445 0)
(0.0372236 0.165455 0)
(0.0565469 0.141891 0)
(0.0739564 0.119679 0)
(0.089141 0.0986652 0)
(0.101883 0.0786513 0)
(0.112029 0.0594126 0)
(0.119466 0.0407101 0)
(0.124109 0.0222948 0)
(0.125889 0.00390862 0)
(0.124745 -0.0147165 0)
(0.12063 -0.0338608 0)
(0.113506 -0.0538177 0)
(0.10336 -0.0748941 0)
(0.090213 -0.0974062 0)
(0.0741518 -0.121669 0)
(0.0553597 -0.147971 0)
(0.0341696 -0.176537 0)
(0.011132 -0.207448 0)
(-0.0129 -0.240521 0)
(-0.0366736 -0.275117 0)
(-0.0584477 -0.309846 0)
(-0.0759572 -0.342162 0)
(-0.0865232 -0.367843 0)
(-0.0874371 -0.380442 0)
(-0.0767015 -0.370938 0)
(-0.0544468 -0.327986 0)
(-0.0263398 -0.239539 0)
(-0.00600878 -0.0972667 0)
(-0.00764004 0.0995693 0)
(-0.0304251 0.236734 0)
(-0.0581975 0.314541 0)
(-0.0764384 0.346898 0)
(-0.0808074 0.349091 0)
(-0.0727653 0.333303 0)
(-0.0553062 0.308038 0)
(-0.0315643 0.278733 0)
(-0.00427486 0.248601 0)
(0.0244249 0.219387 0)
(0.0529795 0.191925 0)
(0.0803105 0.166516 0)
(0.105699 0.143163 0)
(0.128683 0.12171 0)
(0.148977 0.101926 0)
(0.16641 0.0835506 0)
(0.180883 0.0663132 0)
(0.192338 0.0499462 0)
(0.200735 0.0341859 0)
(0.206041 0.0187721 0)
(0.208218 0.00344307 0)
(0.207215 -0.0120689 0)
(0.202971 -0.0280441 0)
(0.195416 -0.0447812 0)
(0.184471 -0.0626033 0)
(0.170067 -0.0818617 0)
(0.152159 -0.102935 0)
(0.130765 -0.126224 0)
(0.106009 -0.152122 0)
(0.0782013 -0.180971 0)
(0.0479409 -0.212959 0)
(0.0162596 -0.247941 0)
(-0.0152049 -0.285138 0)
(-0.044035 -0.322648 0)
(-0.0669525 -0.356718 0)
(-0.0800007 -0.380784 0)
(-0.0791767 -0.384444 0)
(-0.0621421 -0.352869 0)
(-0.0332081 -0.267863 0)
(-0.00845792 -0.113399 0)
(-0.0115166 0.119369 0)
(-0.0402055 0.266923 0)
(-0.0676649 0.336628 0)
(-0.0778731 0.354095 0)
(-0.0693804 0.341604 0)
(-0.0469038 0.314308 0)
(-0.015575 0.281356 0)
(0.0203732 0.247755 0)
(0.0578162 0.215946 0)
(0.0946418 0.186921 0)
(0.12952 0.160899 0)
(0.161667 0.137726 0)
(0.190659 0.117088 0)
(0.2163 0.0986209 0)
(0.238528 0.0819609 0)
(0.257352 0.0667683 0)
(0.272818 0.0527322 0)
(0.284976 0.0395682 0)
(0.293869 0.0270134 0)
(0.299522 0.0148185 0)
(0.30193 0.00274052 0)
(0.301061 -0.0094663 0)
(0.296846 -0.0220589 0)
(0.289185 -0.0353148 0)
(0.277942 -0.0495427 0)
(0.262958 -0.065092 0)
(0.244057 -0.0823631 0)
(0.221069 -0.101814 0)
(0.193873 -0.123961 0)
(0.162456 -0.149356 0)
(0.127027 -0.178538 0)
(0.0881753 -0.2119 0)
(0.0471171 -0.249433 0)
(0.00601663 -0.290236 0)
(-0.0316653 -0.33165 0)
(-0.0609541 -0.367878 0)
(-0.0755274 -0.388023 0)
(-0.069237 -0.373953 0)
(-0.0425961 -0.299389 0)
(-0.0124397 -0.134805 0)
(-0.0176312 0.147273 0)
(-0.0527488 0.300133 0)
(-0.0737389 0.351751 0)
(-0.0674311 0.347496 0)
(-0.0389197 0.317681 0)
(0.00261146 0.279255 0)
(0.0500201 0.240607 0)
(0.0985634 0.20527 0)
(0.145364 0.174313 0)
(0.188854 0.147691 0)
(0.228291 0.12492 0)
(0.263424 0.105402 0)
(0.294264 0.0885539 0)
(0.320957 0.0738639 0)
(0.343702 0.0608945 0)
(0.362705 0.0492782 0)
(0.378155 0.0387044 0)
(0.390211 0.0289063 0)
(0.398993 0.0196489 0)
(0.404578 0.0107176 0)
(0.406997 0.00190822 0)
(0.406234 -0.00698286 0)
(0.402222 -0.0161682 0)
(0.394841 -0.02588 0)
(0.383914 -0.0363822 0)
(0.369209 -0.0479838 0)
(0.350436 -0.0610559 0)
(0.327256 -0.07605 0)
(0.299296 -0.0935181 0)
(0.266191 -0.114129 0)
(0.227661 -0.138667 0)
(0.183656 -0.167992 0)
(0.13461 -0.202885 0)
(0.0818591 -0.243687 0)
(0.0282581 -0.289478 0)
(-0.0210457 -0.336449 0)
(-0.0578535 -0.374987 0)
(-0.0712344 -0.38531 0)
(-0.0540465 -0.332274 0)
(-0.0185631 -0.164143 0)
(-0.0256735 0.187853 0)
(-0.0642389 0.331412 0)
(-0.0651123 0.349386 0)
(-0.0291993 0.317272 0)
(0.0271264 0.270759 0)
(0.0906136 0.224964 0)
(0.153667 0.185189 0)
(0.212465 0.152326 0)
(0.265418 0.125642 0)
(0.312147 0.10401 0)
(0.352859 0.0863555 0)
(0.388002 0.0717816 0)
(0.418087 0.0595807 0)
(0.443609 0.0492051 0)
(0.465009 0.0402317 0)
(0.482657 0.03233 0)
(0.496859 0.0252374 0)
(0.507851 0.0187391 0)
(0.515808 0.0126533 0)
(0.520845 0.00681908 0)
(0.523019 0.00108701 0)
(0.522328 -0.00469019 0)
(0.518713 -0.010666 0)
(0.51205 -0.0170095 0)
(0.502146 -0.0239163 0)
(0.488729 -0.031622 0)
(0.471441 -0.0404203 0)
(0.449825 -0.0506865 0)
(0.423317 -0.0629092 0)
(0.391245 -0.0777312 0)
(0.352851 -0.0959991 0)
(0.307364 -0.11881 0)
(0.254166 -0.14752 0)
(0.193172 -0.183628 0)
(0.125543 -0.228284 0)
(0.0549494 -0.280881 0)
(-0.0105353 -0.335749 0)
(-0.0562208 -0.375792 0)
(-0.0629258 -0.360533 0)
(-0.0261576 -0.20562 0)
(-0.0292218 0.244818 0)
(-0.0583003 0.3451 0)
(-0.0132817 0.310261 0)
(0.0679666 0.250601 0)
(0.155647 0.195505 0)
(0.237725 0.151401 0)
(0.310118 0.118004 0)
(0.372117 0.0930799 0)
(0.424519 0.074354 0)
(0.468589 0.0600572 0)
(0.505589 0.0489212 0)
(0.536618 0.0400591 0)
(0.562581 0.0328524 0)
(0.584208 0.0268647 0)
(0.602076 0.0217829 0)
(0.616633 0.0173763 0)
(0.628229 0.0134703 0)
(0.637124 0.00992737 0)
(0.643508 0.00663525 0)
(0.647505 0.00349704 0)
(0.649183 0.000424379 0)
(0.648549 -0.00266877 0)
(0.645556 -0.00587189 0)
(0.640094 -0.00928416 0)
(0.631984 -0.013022 0)
(0.620965 -0.017229 0)
(0.60668 -0.0220894 0)
(0.588647 -0.0278482 0)
(0.566236 -0.0348409 0)
(0.538623 -0.0435381 0)
(0.504749 -0.0546146 0)
(0.463284 -0.0690511 0)
(0.412617 -0.0882757 0)
(0.350983 -0.114329 0)
(0.276929 -0.149922 0)
(0.190482 -0.197913 0)
(0.0953238 -0.259114 0)
(0.00380011 -0.326524 0)
(-0.0518448 -0.367197 0)
(-0.0278789 -0.261531 0)
(0.0108445 0.285008 0)
(0.0250497 0.299018 0)
(0.148322 0.213907 0)
(0.278988 0.145894 0)
(0.384822 0.10036 0)
(0.468013 0.0706051 0)
(0.53349 0.0512066 0)
(0.585183 0.0383228 0)
(0.626342 0.0294734 0)
(0.659469 0.0231583 0)
(0.686384 0.0184811 0)
(0.708395 0.0148969 0)
(0.726456 0.0120643 0)
(0.741266 0.00976221 0)
(0.753344 0.00784212 0)
(0.763076 0.00620022 0)
(0.77075 0.00476104 0)
(0.776578 0.00346727 0)
(0.780711 0.00227324 0)
(0.783249 0.00114049 0)
(0.784244 3.44358e-05 0)
(0.78371 -0.00107825 0)
(0.781613 -0.00223219 0)
(0.777877 -0.00346598 0)
(0.77237 -0.00482548 0)
(0.764898 -0.00636829 0)
(0.755186 -0.00817032 0)
(0.742857 -0.0103359 0)
(0.727391 -0.013014 0)
(0.708072 -0.0164262 0)
(0.683912 -0.0209149 0)
(0.653521 -0.0270299 0)
(0.614938 -0.0356866 0)
(0.565392 -0.0484489 0)
(0.501146 -0.0679862 0)
(0.417528 -0.0986231 0)
(0.308661 -0.14666 0)
(0.171214 -0.219411 0)
(0.0382206 -0.309646 0)
(0.0165524 -0.294946 0)
(0.302075 0.146415 0)
(0.40078 0.127366 0)
(0.56327 0.0753787 0)
(0.681054 0.0430499 0)
(0.75136 0.0253435 0)
(0.796431 0.0156001 0)
(0.827691 0.0101519 0)
(0.85034 0.00700019 0)
(0.867336 0.00507508 0)
(0.880475 0.00382327 0)
(0.890853 0.00295889 0)
(0.899168 0.00232978 0)
(0.905881 0.00185108 0)
(0.911314 0.00147294 0)
(0.915693 0.00116438 0)
(0.919182 0.000905058 0)
(0.9219 0.000680858 0)
(0.923936 0.000481475 0)
(0.925349 0.000298931 0)
(0.92618 0.000126656 0)
(0.926451 -4.11569e-05 0)
(0.926167 -0.000210054 0)
(0.925316 -0.000385814 0)
(0.923868 -0.000574912 0)
(0.921772 -0.000785164 0)
(0.91895 -0.00102662 0)
(0.915295 -0.0013129 0)
(0.910649 -0.00166345 0)
(0.904798 -0.00210744 0)
(0.897431 -0.00269111 0)
(0.888096 -0.00349217 0)
(0.876115 -0.00464936 0)
(0.860411 -0.00642514 0)
(0.839209 -0.00933878 0)
(0.809512 -0.0144341 0)
(0.76599 -0.0237696 0)
(0.69696 -0.0412965 0)
(0.578695 -0.0742111 0)
(0.411357 -0.127995 0)
(0.30679 -0.148219 0)
)
;

boundaryField
{
    movingWall
    {
        type            fixedValue;
        value           uniform (1 0 0);
    }
    fixedWalls
    {
        type            noSlip;
    }
    frontAndBack
    {
        type            empty;
    }
}


// ************************************************************************* //
