0.05 	0.0003125 	0.005 	0.00277295
0.05 	0.0009375 	0.005 	0.00278038
0.05 	0.0015625 	0.005 	0.00278616
0.05 	0.0021875 	0.005 	0.00279078
0.05 	0.0028125 	0.005 	0.00279477
0.05 	0.0034375 	0.005 	0.00279807
0.05 	0.0040625 	0.005 	0.00280064
0.05 	0.0046875 	0.005 	0.00280246
0.05 	0.0053125 	0.005 	0.00280352
0.05 	0.0059375 	0.005 	0.0028038
0.05 	0.0065625 	0.005 	0.00280327
0.05 	0.0071875 	0.005 	0.00280191
0.05 	0.0078125 	0.005 	0.00279968
0.05 	0.0084375 	0.005 	0.00279657
0.05 	0.0090625 	0.005 	0.00279253
0.05 	0.0096875 	0.005 	0.00278755
0.05 	0.0103125 	0.005 	0.00278159
0.05 	0.0109375 	0.005 	0.00277463
0.05 	0.0115625 	0.005 	0.00276662
0.05 	0.0121875 	0.005 	0.00275753
0.05 	0.0128125 	0.005 	0.00274734
0.05 	0.0134375 	0.005 	0.00273601
0.05 	0.0140625 	0.005 	0.00272351
0.05 	0.0146875 	0.005 	0.00270979
0.05 	0.0153125 	0.005 	0.00269481
0.05 	0.0159375 	0.005 	0.00267855
0.05 	0.0165625 	0.005 	0.00266094
0.05 	0.0171875 	0.005 	0.00264194
0.05 	0.0178125 	0.005 	0.0026215
0.05 	0.0184375 	0.005 	0.00259956
0.05 	0.0190625 	0.005 	0.00257606
0.05 	0.0196875 	0.005 	0.00255095
0.05 	0.0203125 	0.005 	0.00252414
0.05 	0.0209375 	0.005 	0.00249558
0.05 	0.0215625 	0.005 	0.0024652
0.05 	0.0221875 	0.005 	0.00243291
0.05 	0.0228125 	0.005 	0.00239864
0.05 	0.0234375 	0.005 	0.0023623
0.05 	0.0240625 	0.005 	0.0023238
0.05 	0.0246875 	0.005 	0.00228304
0.05 	0.0253125 	0.005 	0.00223992
0.05 	0.0259375 	0.005 	0.00219432
0.05 	0.0265625 	0.005 	0.00214612
0.05 	0.0271875 	0.005 	0.00209519
0.05 	0.0278125 	0.005 	0.0020414
0.05 	0.0284375 	0.005 	0.00198459
0.05 	0.0290625 	0.005 	0.00192461
0.05 	0.0296875 	0.005 	0.00186131
0.05 	0.0303125 	0.005 	0.0017945
0.05 	0.0309375 	0.005 	0.00172401
0.05 	0.0315625 	0.005 	0.00164965
0.05 	0.0321875 	0.005 	0.0015712
0.05 	0.0328125 	0.005 	0.00148846
0.05 	0.0334375 	0.005 	0.00140121
0.05 	0.0340625 	0.005 	0.00130919
0.05 	0.0346875 	0.005 	0.00121218
0.05 	0.0353125 	0.005 	0.00110992
0.05 	0.0359375 	0.005 	0.00100215
0.05 	0.0365625 	0.005 	0.000888593
0.05 	0.0371875 	0.005 	0.000768977
0.05 	0.0378125 	0.005 	0.000643001
0.05 	0.0384375 	0.005 	0.000510359
0.05 	0.0390625 	0.005 	0.000370737
0.05 	0.0396875 	0.005 	0.000223809
0.05 	0.0403125 	0.005 	6.92407e-05
0.05 	0.0409375 	0.005 	-9.33113e-05
0.05 	0.0415625 	0.005 	-0.000264197
0.05 	0.0421875 	0.005 	-0.000443773
0.05 	0.0428125 	0.005 	-0.000632408
0.05 	0.0434375 	0.005 	-0.000830476
0.05 	0.0440625 	0.005 	-0.00103836
0.05 	0.0446875 	0.005 	-0.00125644
0.05 	0.0453125 	0.005 	-0.00148511
0.05 	0.0459375 	0.005 	-0.00172473
0.05 	0.0465625 	0.005 	-0.0019757
0.05 	0.0471875 	0.005 	-0.00223838
0.05 	0.0478125 	0.005 	-0.00251315
0.05 	0.0484375 	0.005 	-0.00280039
0.05 	0.0490625 	0.005 	-0.00310042
0.05 	0.0496875 	0.005 	-0.00341359
0.05 	0.0503125 	0.005 	-0.0037402
0.05 	0.0509375 	0.005 	-0.00408055
0.05 	0.0515625 	0.005 	-0.00443489
0.05 	0.0521875 	0.005 	-0.00480345
0.05 	0.0528125 	0.005 	-0.00518642
0.05 	0.0534375 	0.005 	-0.00558394
0.05 	0.0540625 	0.005 	-0.0059961
0.05 	0.0546875 	0.005 	-0.00642296
0.05 	0.0553125 	0.005 	-0.00686448
0.05 	0.0559375 	0.005 	-0.0073206
0.05 	0.0565625 	0.005 	-0.00779115
0.05 	0.0571875 	0.005 	-0.00827592
0.05 	0.0578125 	0.005 	-0.00877458
0.05 	0.0584375 	0.005 	-0.00928676
0.05 	0.0590625 	0.005 	-0.00981197
0.05 	0.0596875 	0.005 	-0.0103496
0.05 	0.0603125 	0.005 	-0.0108991
0.05 	0.0609375 	0.005 	-0.0114596
0.05 	0.0615625 	0.005 	-0.0120302
0.05 	0.0621875 	0.005 	-0.01261
0.05 	0.0628125 	0.005 	-0.013198
0.05 	0.0634375 	0.005 	-0.0137929
0.05 	0.0640625 	0.005 	-0.0143936
0.05 	0.0646875 	0.005 	-0.0149987
0.05 	0.0653125 	0.005 	-0.0156067
0.05 	0.0659375 	0.005 	-0.0162162
0.05 	0.0665625 	0.005 	-0.0168256
0.05 	0.0671875 	0.005 	-0.0174333
0.05 	0.0678125 	0.005 	-0.0180377
0.05 	0.0684375 	0.005 	-0.0186371
0.05 	0.0690625 	0.005 	-0.0192298
0.05 	0.0696875 	0.005 	-0.0198141
0.05 	0.0703125 	0.005 	-0.0203883
0.05 	0.0709375 	0.005 	-0.0209508
0.05 	0.0715625 	0.005 	-0.0215
0.05 	0.0721875 	0.005 	-0.0220344
0.05 	0.0728125 	0.005 	-0.0225525
0.05 	0.0734375 	0.005 	-0.0230529
0.05 	0.0740625 	0.005 	-0.0235345
0.05 	0.0746875 	0.005 	-0.0239961
0.05 	0.0753125 	0.005 	-0.0244366
0.05 	0.0759375 	0.005 	-0.0248552
0.05 	0.0765625 	0.005 	-0.0252512
0.05 	0.0771875 	0.005 	-0.025624
0.05 	0.0778125 	0.005 	-0.025973
0.05 	0.0784375 	0.005 	-0.026298
0.05 	0.0790625 	0.005 	-0.0265989
0.05 	0.0796875 	0.005 	-0.0268756
0.05 	0.0803125 	0.005 	-0.027128
0.05 	0.0809375 	0.005 	-0.0273565
0.05 	0.0815625 	0.005 	-0.0275612
0.05 	0.0821875 	0.005 	-0.0277424
0.05 	0.0828125 	0.005 	-0.0279005
0.05 	0.0834375 	0.005 	-0.0280359
0.05 	0.0840625 	0.005 	-0.028149
0.05 	0.0846875 	0.005 	-0.0282401
0.05 	0.0853125 	0.005 	-0.0283097
0.05 	0.0859375 	0.005 	-0.028358
0.05 	0.0865625 	0.005 	-0.0283853
0.05 	0.0871875 	0.005 	-0.0283919
0.05 	0.0878125 	0.005 	-0.028378
0.05 	0.0884375 	0.005 	-0.0283436
0.05 	0.0890625 	0.005 	-0.0282888
0.05 	0.0896875 	0.005 	-0.0282137
0.05 	0.0903125 	0.005 	-0.0281183
0.05 	0.0909375 	0.005 	-0.0280026
0.05 	0.0915625 	0.005 	-0.0278665
0.05 	0.0921875 	0.005 	-0.02771
0.05 	0.0928125 	0.005 	-0.0275333
0.05 	0.0934375 	0.005 	-0.0273362
0.05 	0.0940625 	0.005 	-0.0271189
0.05 	0.0946875 	0.005 	-0.0268814
0.05 	0.0953125 	0.005 	-0.0266236
0.05 	0.0959375 	0.005 	-0.0263453
0.05 	0.0965625 	0.005 	-0.0260462
0.05 	0.0971875 	0.005 	-0.0257256
0.05 	0.0978125 	0.005 	-0.0253851
0.05 	0.0984375 	0.005 	-0.0250264
0.05 	0.0990625 	0.005 	-0.0246144
0.05 	0.0996875 	0.005 	-0.0241154
