0.05 	0.0003125 	0.005 	-0.00171784 	8.34946e-07 	0
0.05 	0.0009375 	0.005 	-0.00503191 	5.51594e-06 	0
0.05 	0.0015625 	0.005 	-0.00823213 	1.55738e-05 	0
0.05 	0.0021875 	0.005 	-0.0113257 	2.99433e-05 	0
0.05 	0.0028125 	0.005 	-0.0143192 	4.803e-05 	0
0.05 	0.0034375 	0.005 	-0.0172189 	6.95089e-05 	0
0.05 	0.0040625 	0.005 	-0.0200307 	9.40891e-05 	0
0.05 	0.0046875 	0.005 	-0.0227604 	0.000121526 	0
0.05 	0.0053125 	0.005 	-0.0254136 	0.000151636 	0
0.05 	0.0059375 	0.005 	-0.0279957 	0.000184294 	0
0.05 	0.0065625 	0.005 	-0.0305117 	0.000219429 	0
0.05 	0.0071875 	0.005 	-0.0329668 	0.000257025 	0
0.05 	0.0078125 	0.005 	-0.0353655 	0.00029712 	0
0.05 	0.0084375 	0.005 	-0.0377126 	0.000339804 	0
0.05 	0.0090625 	0.005 	-0.0400126 	0.000385219 	0
0.05 	0.0096875 	0.005 	-0.0422697 	0.00043356 	0
0.05 	0.0103125 	0.005 	-0.0444881 	0.000485071 	0
0.05 	0.0109375 	0.005 	-0.0466718 	0.000540049 	0
0.05 	0.0115625 	0.005 	-0.0488248 	0.00059884 	0
0.05 	0.0121875 	0.005 	-0.0509508 	0.000661843 	0
0.05 	0.0128125 	0.005 	-0.0530536 	0.000729507 	0
0.05 	0.0134375 	0.005 	-0.0551366 	0.000802333 	0
0.05 	0.0140625 	0.005 	-0.0572032 	0.000880872 	0
0.05 	0.0146875 	0.005 	-0.0592569 	0.00096573 	0
0.05 	0.0153125 	0.005 	-0.0613007 	0.00105756 	0
0.05 	0.0159375 	0.005 	-0.0633378 	0.00115708 	0
0.05 	0.0165625 	0.005 	-0.0653712 	0.00126505 	0
0.05 	0.0171875 	0.005 	-0.0674037 	0.00138228 	0
0.05 	0.0178125 	0.005 	-0.0694381 	0.00150965 	0
0.05 	0.0184375 	0.005 	-0.0714771 	0.00164808 	0
0.05 	0.0190625 	0.005 	-0.0735231 	0.00179855 	0
0.05 	0.0196875 	0.005 	-0.0755786 	0.00196209 	0
0.05 	0.0203125 	0.005 	-0.0776459 	0.00213979 	0
0.05 	0.0209375 	0.005 	-0.079727 	0.0023328 	0
0.05 	0.0215625 	0.005 	-0.081824 	0.00254232 	0
0.05 	0.0221875 	0.005 	-0.0839388 	0.00276958 	0
0.05 	0.0228125 	0.005 	-0.0860731 	0.0030159 	0
0.05 	0.0234375 	0.005 	-0.0882285 	0.00328264 	0
0.05 	0.0240625 	0.005 	-0.0904063 	0.00357118 	0
0.05 	0.0246875 	0.005 	-0.0926078 	0.003883 	0
0.05 	0.0253125 	0.005 	-0.0948341 	0.00421959 	0
0.05 	0.0259375 	0.005 	-0.0970859 	0.0045825 	0
0.05 	0.0265625 	0.005 	-0.099364 	0.00497331 	0
0.05 	0.0271875 	0.005 	-0.101669 	0.00539364 	0
0.05 	0.0278125 	0.005 	-0.104001 	0.00584517 	0
0.05 	0.0284375 	0.005 	-0.106359 	0.00632958 	0
0.05 	0.0290625 	0.005 	-0.108745 	0.00684859 	0
0.05 	0.0296875 	0.005 	-0.111157 	0.00740394 	0
0.05 	0.0303125 	0.005 	-0.113594 	0.00799739 	0
0.05 	0.0309375 	0.005 	-0.116056 	0.0086307 	0
0.05 	0.0315625 	0.005 	-0.118541 	0.00930565 	0
0.05 	0.0321875 	0.005 	-0.121048 	0.010024 	0
0.05 	0.0328125 	0.005 	-0.123574 	0.0107875 	0
0.05 	0.0334375 	0.005 	-0.126119 	0.0115979 	0
0.05 	0.0340625 	0.005 	-0.128678 	0.0124568 	0
0.05 	0.0346875 	0.005 	-0.13125 	0.013366 	0
0.05 	0.0353125 	0.005 	-0.13383 	0.0143271 	0
0.05 	0.0359375 	0.005 	-0.136417 	0.0153416 	0
0.05 	0.0365625 	0.005 	-0.139005 	0.0164111 	0
0.05 	0.0371875 	0.005 	-0.141591 	0.0175368 	0
0.05 	0.0378125 	0.005 	-0.14417 	0.0187201 	0
0.05 	0.0384375 	0.005 	-0.146738 	0.0199623 	0
0.05 	0.0390625 	0.005 	-0.149289 	0.0212643 	0
0.05 	0.0396875 	0.005 	-0.151817 	0.0226272 	0
0.05 	0.0403125 	0.005 	-0.154317 	0.0240517 	0
0.05 	0.0409375 	0.005 	-0.156782 	0.0255385 	0
0.05 	0.0415625 	0.005 	-0.159207 	0.0270879 	0
0.05 	0.0421875 	0.005 	-0.161584 	0.0287004 	0
0.05 	0.0428125 	0.005 	-0.163906 	0.0303758 	0
0.05 	0.0434375 	0.005 	-0.166165 	0.0321142 	0
0.05 	0.0440625 	0.005 	-0.168355 	0.033915 	0
0.05 	0.0446875 	0.005 	-0.170467 	0.0357777 	0
0.05 	0.0453125 	0.005 	-0.172493 	0.0377014 	0
0.05 	0.0459375 	0.005 	-0.174424 	0.0396849 	0
0.05 	0.0465625 	0.005 	-0.176254 	0.0417268 	0
0.05 	0.0471875 	0.005 	-0.177972 	0.0438253 	0
0.05 	0.0478125 	0.005 	-0.17957 	0.0459785 	0
0.05 	0.0484375 	0.005 	-0.181039 	0.0481841 	0
0.05 	0.0490625 	0.005 	-0.182372 	0.0504393 	0
0.05 	0.0496875 	0.005 	-0.183558 	0.0527412 	0
0.05 	0.0503125 	0.005 	-0.184589 	0.0550867 	0
0.05 	0.0509375 	0.005 	-0.185458 	0.057472 	0
0.05 	0.0515625 	0.005 	-0.186154 	0.0598933 	0
0.05 	0.0521875 	0.005 	-0.18667 	0.0623463 	0
0.05 	0.0528125 	0.005 	-0.186998 	0.0648266 	0
0.05 	0.0534375 	0.005 	-0.18713 	0.0673292 	0
0.05 	0.0540625 	0.005 	-0.187058 	0.069849 	0
0.05 	0.0546875 	0.005 	-0.186775 	0.0723806 	0
0.05 	0.0553125 	0.005 	-0.186274 	0.0749182 	0
0.05 	0.0559375 	0.005 	-0.185549 	0.0774559 	0
0.05 	0.0565625 	0.005 	-0.184592 	0.0799874 	0
0.05 	0.0571875 	0.005 	-0.1834 	0.0825062 	0
0.05 	0.0578125 	0.005 	-0.181965 	0.0850057 	0
0.05 	0.0584375 	0.005 	-0.180284 	0.0874791 	0
0.05 	0.0590625 	0.005 	-0.178352 	0.0899192 	0
0.05 	0.0596875 	0.005 	-0.176165 	0.0923189 	0
0.05 	0.0603125 	0.005 	-0.17372 	0.0946708 	0
0.05 	0.0609375 	0.005 	-0.171014 	0.0969676 	0
0.05 	0.0615625 	0.005 	-0.168044 	0.0992019 	0
0.05 	0.0621875 	0.005 	-0.164808 	0.101366 	0
0.05 	0.0628125 	0.005 	-0.161305 	0.103452 	0
0.05 	0.0634375 	0.005 	-0.157533 	0.105454 	0
0.05 	0.0640625 	0.005 	-0.153492 	0.107362 	0
0.05 	0.0646875 	0.005 	-0.14918 	0.109171 	0
0.05 	0.0653125 	0.005 	-0.144597 	0.110872 	0
0.05 	0.0659375 	0.005 	-0.139743 	0.112459 	0
0.05 	0.0665625 	0.005 	-0.134618 	0.113924 	0
0.05 	0.0671875 	0.005 	-0.129221 	0.115261 	0
0.05 	0.0678125 	0.005 	-0.123551 	0.116462 	0
0.05 	0.0684375 	0.005 	-0.117608 	0.117522 	0
0.05 	0.0690625 	0.005 	-0.111391 	0.118434 	0
0.05 	0.0696875 	0.005 	-0.104897 	0.119192 	0
0.05 	0.0703125 	0.005 	-0.0981254 	0.119791 	0
0.05 	0.0709375 	0.005 	-0.091072 	0.120224 	0
0.05 	0.0715625 	0.005 	-0.0837329 	0.120488 	0
0.05 	0.0721875 	0.005 	-0.0761028 	0.120576 	0
0.05 	0.0728125 	0.005 	-0.0681753 	0.120486 	0
0.05 	0.0734375 	0.005 	-0.0599422 	0.120212 	0
0.05 	0.0740625 	0.005 	-0.0513936 	0.119751 	0
0.05 	0.0746875 	0.005 	-0.042518 	0.119099 	0
0.05 	0.0753125 	0.005 	-0.0333015 	0.118255 	0
0.05 	0.0759375 	0.005 	-0.0237279 	0.117214 	0
0.05 	0.0765625 	0.005 	-0.0137785 	0.115976 	0
0.05 	0.0771875 	0.005 	-0.00343179 	0.114539 	0
0.05 	0.0778125 	0.005 	0.00733657 	0.112902 	0
0.05 	0.0784375 	0.005 	0.0185542 	0.111064 	0
0.05 	0.0790625 	0.005 	0.030252 	0.109025 	0
0.05 	0.0796875 	0.005 	0.0424645 	0.106788 	0
0.05 	0.0803125 	0.005 	0.0552296 	0.104352 	0
0.05 	0.0809375 	0.005 	0.0685892 	0.101721 	0
0.05 	0.0815625 	0.005 	0.0825888 	0.0988972 	0
0.05 	0.0821875 	0.005 	0.0972777 	0.0958856 	0
0.05 	0.0828125 	0.005 	0.112709 	0.0926911 	0
0.05 	0.0834375 	0.005 	0.128939 	0.0893201 	0
0.05 	0.0840625 	0.005 	0.146027 	0.0857802 	0
0.05 	0.0846875 	0.005 	0.164036 	0.0820805 	0
0.05 	0.0853125 	0.005 	0.183032 	0.0782313 	0
0.05 	0.0859375 	0.005 	0.20308 	0.0742449 	0
0.05 	0.0865625 	0.005 	0.224249 	0.0701351 	0
0.05 	0.0871875 	0.005 	0.246607 	0.0659177 	0
0.05 	0.0878125 	0.005 	0.27022 	0.0616103 	0
0.05 	0.0884375 	0.005 	0.295153 	0.0572327 	0
0.05 	0.0890625 	0.005 	0.321467 	0.0528071 	0
0.05 	0.0896875 	0.005 	0.349215 	0.0483575 	0
0.05 	0.0903125 	0.005 	0.378445 	0.0439104 	0
0.05 	0.0909375 	0.005 	0.409196 	0.0394945 	0
0.05 	0.0915625 	0.005 	0.441492 	0.0351405 	0
0.05 	0.0921875 	0.005 	0.475345 	0.0308812 	0
0.05 	0.0928125 	0.005 	0.51075 	0.0267511 	0
0.05 	0.0934375 	0.005 	0.547683 	0.0227861 	0
0.05 	0.0940625 	0.005 	0.586097 	0.0190231 	0
0.05 	0.0946875 	0.005 	0.625922 	0.0154996 	0
0.05 	0.0953125 	0.005 	0.667062 	0.0122529 	0
0.05 	0.0959375 	0.005 	0.709393 	0.00931963 	0
0.05 	0.0965625 	0.005 	0.752759 	0.00673455 	0
0.05 	0.0971875 	0.005 	0.796978 	0.00453008 	0
0.05 	0.0978125 	0.005 	0.841835 	0.00273365 	0
0.05 	0.0984375 	0.005 	0.887085 	0.00136522 	0
0.05 	0.0990625 	0.005 	0.932456 	0.00045501 	0
0.05 	0.0996875 	0.005 	0.977651 	6.00105e-05 	0
